/*--------------------------------*- C++ -*----------------------------------*\
| =========                 |                                                 |
| \\      /  F ield         | OpenFOAM: The Open Source CFD Toolbox           |
|  \\    /   O peration     | Version:  2512                                  |
|   \\  /    A nd           | Website:  www.openfoam.com                      |
|    \\/     M anipulation  |                                                 |
\*---------------------------------------------------------------------------*/
FoamFile
{
    version     2.0;
    format      ascii;
    arch        "LSB;label=32;scalar=64";
    class       surfaceScalarField;
    location    "0.0249697";
    object      phi;
}
// * * * * * * * * * * * * * * * * * * * * * * * * * * * * * * * * * * * * * //

dimensions      [1 0 -1 0 0 0 0];

oriented        oriented;

internalField   nonuniform List<scalar> 
3514
(
1.07551e-06
8.91803e-11
1.07534e-06
1.70056e-10
1.07506e-06
2.78767e-10
1.07465e-06
4.12361e-10
1.07405e-06
5.94726e-10
1.07317e-06
8.78449e-10
1.07182e-06
1.35488e-09
1.06882e-06
3.00011e-09
1.06421e-06
4.61221e-09
4.00039e-07
6.64168e-07
1.2027e-06
1.88894e-10
1.20251e-06
3.60228e-10
1.20219e-06
5.90491e-10
1.20173e-06
8.7347e-10
1.20107e-06
1.25976e-09
1.20009e-06
1.86069e-09
1.19857e-06
2.86994e-09
1.19522e-06
6.34593e-09
1.19014e-06
9.69524e-09
6.71437e-07
9.18744e-07
1.34492e-06
2.99938e-10
1.34471e-06
5.73258e-10
1.34436e-06
9.38906e-10
1.34385e-06
1.38877e-09
1.34311e-06
2.0029e-09
1.34201e-06
2.95748e-09
1.34032e-06
4.56316e-09
1.33665e-06
1.00116e-08
1.33081e-06
1.55377e-08
8.51792e-07
1.15045e-06
1.50397e-06
4.23538e-10
1.50373e-06
8.11928e-10
1.50335e-06
1.3283e-09
1.50277e-06
1.96456e-09
1.50194e-06
2.83324e-09
1.50072e-06
4.18187e-09
1.49882e-06
6.45523e-09
1.49482e-06
1.40128e-08
1.4881e-06
2.22545e-08
9.67896e-07
1.372e-06
1.68183e-06
5.6106e-10
1.68156e-06
1.07936e-09
1.68113e-06
1.76346e-09
1.68049e-06
2.60789e-09
1.67956e-06
3.7609e-09
1.67819e-06
5.54842e-09
1.67608e-06
8.56913e-09
1.67172e-06
1.83675e-08
1.66401e-06
2.9971e-08
1.03897e-06
1.59293e-06
1.88072e-06
7.14017e-10
1.88042e-06
1.37904e-09
1.87994e-06
2.24975e-09
1.87922e-06
3.32662e-09
1.87818e-06
4.79719e-09
1.87666e-06
7.07331e-09
1.87429e-06
1.09303e-08
1.86956e-06
2.30978e-08
1.86072e-06
3.8816e-08
1.07899e-06
1.8207e-06
2.10313e-06
8.84105e-10
2.1028e-06
1.71487e-09
2.10225e-06
2.79312e-09
2.10145e-06
4.12951e-09
2.10029e-06
5.9547e-09
2.09859e-06
8.77457e-09
2.09596e-06
1.35667e-08
2.09082e-06
2.82303e-08
2.08072e-06
4.89154e-08
1.09812e-06
2.0616e-06
2.35185e-06
1.07323e-09
2.35147e-06
2.09118e-09
2.35086e-06
3.40027e-09
2.34997e-06
5.02634e-09
2.34867e-06
7.24746e-09
2.34678e-06
1.06723e-08
2.34383e-06
1.65091e-08
2.33827e-06
3.37982e-08
2.3268e-06
6.03857e-08
1.10357e-06
2.32134e-06
2.62997e-06
1.28352e-09
2.62955e-06
2.51278e-09
2.62887e-06
4.07862e-09
2.62787e-06
6.02802e-09
2.62643e-06
8.69111e-09
2.62431e-06
1.27888e-08
2.62103e-06
1.97914e-08
2.61498e-06
3.9842e-08
2.60204e-06
7.33271e-08
1.1003e-06
2.60531e-06
2.94099e-06
1.51741e-09
2.94052e-06
2.98502e-09
2.93976e-06
4.83652e-09
2.93864e-06
7.14671e-09
2.93703e-06
1.03031e-08
2.93467e-06
1.5149e-08
2.93101e-06
2.34504e-08
2.92444e-06
4.641e-08
2.90995e-06
8.78156e-08
1.0915e-06
2.91876e-06
3.28879e-06
1.77762e-09
3.28826e-06
3.51383e-09
3.28741e-06
5.68322e-09
3.28616e-06
8.39596e-09
3.28436e-06
1.21027e-08
3.28173e-06
1.77805e-08
3.27765e-06
2.75262e-08
3.27051e-06
5.35587e-08
3.25442e-06
1.03896e-07
1.07909e-06
3.26683e-06
3.67771e-06
2.06722e-09
3.67712e-06
4.10576e-09
3.67617e-06
6.62905e-09
3.67478e-06
9.79082e-09
3.67277e-06
1.41114e-08
3.66984e-06
2.07139e-08
3.6653e-06
3.20625e-08
3.65751e-06
6.1352e-08
3.63983e-06
1.21577e-07
1.06416e-06
3.65475e-06
4.11263e-06
2.38968e-09
4.11197e-06
4.76807e-09
4.11091e-06
7.68551e-09
4.10936e-06
1.1348e-08
4.10711e-06
1.6353e-08
4.10385e-06
2.39829e-08
4.0988e-06
3.7106e-08
4.09029e-06
6.98594e-08
4.07105e-06
1.40821e-07
1.04729e-06
4.08792e-06
4.59898e-06
2.74886e-09
4.59824e-06
5.50875e-09
4.59706e-06
8.86533e-09
4.59533e-06
1.3086e-08
4.59283e-06
1.88536e-08
4.58918e-06
2.76242e-08
4.58358e-06
4.27069e-08
4.57429e-06
7.9154e-08
4.55357e-06
1.61545e-07
1.02878e-06
4.57207e-06
5.14285e-06
3.14911e-09
5.14202e-06
6.33665e-09
5.14071e-06
1.01826e-08
5.13877e-06
1.50253e-08
5.13598e-06
2.1642e-08
5.13193e-06
3.16779e-08
5.12572e-06
4.8918e-08
5.11556e-06
8.93094e-08
5.09349e-06
1.83612e-07
1.00882e-06
5.11345e-06
5.75104e-06
3.59525e-09
5.75011e-06
7.26149e-09
5.74864e-06
1.16529e-08
5.74648e-06
1.71883e-08
5.74337e-06
2.47497e-08
5.73886e-06
3.61873e-08
5.73199e-06
5.57944e-08
5.7209e-06
1.00395e-07
5.69768e-06
2.06834e-07
9.87569e-07
5.71893e-06
6.43114e-06
4.09262e-09
6.43011e-06
8.29395e-09
6.42847e-06
1.32931e-08
6.42606e-06
1.95994e-08
6.4226e-06
2.82105e-08
6.41759e-06
4.11984e-08
6.40999e-06
6.33919e-08
6.39792e-06
1.12471e-07
6.37378e-06
2.3097e-07
9.65182e-07
6.39617e-06
7.19168e-06
4.64711e-09
7.19053e-06
9.44572e-09
7.1887e-06
1.51221e-08
7.18601e-06
2.22852e-08
7.18216e-06
3.20611e-08
7.1766e-06
4.67596e-08
7.16823e-06
7.17659e-08
7.15512e-06
1.25584e-07
7.13035e-06
2.55731e-07
9.41847e-07
7.15369e-06
8.04216e-06
5.26516e-09
8.04087e-06
1.07295e-08
8.03883e-06
1.71598e-08
8.03584e-06
2.52745e-08
8.03157e-06
3.63402e-08
8.0254e-06
5.29207e-08
8.0162e-06
8.09688e-08
8.00203e-06
1.39756e-07
7.97698e-06
2.80784e-07
9.17773e-07
8.00105e-06
8.99321e-06
5.95378e-09
8.99178e-06
1.21591e-08
8.98951e-06
1.94279e-08
8.98619e-06
2.85977e-08
8.98144e-06
4.10886e-08
8.97463e-06
5.97318e-08
8.96455e-06
9.10472e-08
8.94932e-06
1.54982e-07
8.92434e-06
3.05761e-07
8.93186e-07
8.94893e-06
1.00567e-05
6.72051e-09
1.00551e-05
1.37492e-08
1.00526e-05
2.19494e-08
1.00489e-05
3.22866e-08
1.00437e-05
4.63476e-08
1.00362e-05
6.72413e-08
1.00252e-05
1.02038e-07
1.00089e-05
1.71222e-07
9.98441e-06
3.30277e-07
8.68321e-07
1.00093e-05
1.1246e-05
7.57338e-09
1.12443e-05
1.55153e-08
1.12415e-05
2.47481e-08
1.12374e-05
3.63739e-08
1.12316e-05
5.21584e-08
1.12233e-05
7.54937e-08
1.12114e-05
1.13962e-07
1.11942e-05
1.88391e-07
1.11705e-05
3.53938e-07
8.43413e-07
1.11955e-05
1.2576e-05
8.52082e-09
1.2574e-05
1.74736e-08
1.25709e-05
2.78484e-08
1.25664e-05
4.08923e-08
1.256e-05
5.85603e-08
1.25509e-05
8.45257e-08
1.25381e-05
1.26823e-07
1.25201e-05
2.06359e-07
1.24977e-05
3.76363e-07
8.18683e-07
1.25224e-05
1.40632e-05
9.57149e-09
1.4061e-05
1.96406e-08
1.40576e-05
3.12742e-08
1.40526e-05
4.58726e-08
1.40456e-05
6.55877e-08
1.40357e-05
9.43628e-08
1.4022e-05
1.40594e-07
1.40034e-05
2.24949e-07
1.39825e-05
3.97206e-07
7.94339e-07
1.40069e-05
1.57263e-05
1.07341e-08
1.57239e-05
2.20323e-08
1.57201e-05
3.50478e-08
1.57146e-05
5.13421e-08
1.57069e-05
7.32673e-08
1.56963e-05
1.05013e-07
1.56817e-05
1.55219e-07
1.56627e-05
2.43933e-07
1.56437e-05
4.16169e-07
7.7056e-07
1.56675e-05
1.7586e-05
1.20169e-08
1.75834e-05
2.46633e-08
1.75793e-05
3.91883e-08
1.75733e-05
5.73214e-08
1.75649e-05
8.16136e-08
1.75535e-05
1.16463e-07
1.75381e-05
1.706e-07
1.7519e-05
2.63046e-07
1.75021e-05
4.33028e-07
7.47502e-07
1.75252e-05
1.96657e-05
1.34277e-08
1.96629e-05
2.75461e-08
1.96583e-05
4.37091e-08
1.96518e-05
6.3821e-08
1.96428e-05
9.06235e-08
1.96306e-05
1.28668e-07
1.96146e-05
1.86599e-07
1.95957e-05
2.81993e-07
1.95811e-05
4.47642e-07
7.25303e-07
1.96033e-05
2.19914e-05
1.49728e-08
2.19883e-05
3.0689e-08
2.19833e-05
4.86146e-08
2.19763e-05
7.08362e-08
2.19667e-05
1.0027e-07
2.19538e-05
1.41548e-07
2.19374e-05
2.03032e-07
2.19189e-05
3.00467e-07
2.19066e-05
4.59965e-07
7.04088e-07
2.19278e-05
2.45921e-05
1.66569e-08
2.45887e-05
3.4094e-08
2.45834e-05
5.38959e-08
2.45759e-05
7.83408e-08
2.45657e-05
1.10494e-07
2.45522e-05
1.54982e-07
2.45356e-05
2.19674e-07
2.45179e-05
3.18169e-07
2.45078e-05
4.70053e-07
6.8399e-07
2.45279e-05
2.75003e-05
1.84829e-08
2.74967e-05
3.77545e-08
2.7491e-05
5.95255e-08
2.74831e-05
8.62797e-08
2.74724e-05
1.21197e-07
2.74586e-05
1.68799e-07
2.7442e-05
2.36267e-07
2.74253e-05
3.34836e-07
2.74173e-05
4.78074e-07
6.65183e-07
2.74361e-05
3.07525e-05
2.04522e-08
3.07486e-05
4.16515e-08
3.07427e-05
6.54494e-08
3.07344e-05
9.45598e-08
3.07234e-05
1.3223e-07
3.07094e-05
1.82767e-07
3.06932e-05
2.52498e-07
3.06778e-05
3.5021e-07
3.06717e-05
4.84212e-07
6.47773e-07
3.06891e-05
3.43893e-05
2.25679e-08
3.43852e-05
4.575e-08
3.43791e-05
7.15796e-08
3.43706e-05
1.03058e-07
3.43594e-05
1.43442e-07
3.43454e-05
1.96724e-07
3.43297e-05
2.68255e-07
3.43154e-05
3.64427e-07
3.43105e-05
4.89198e-07
6.32524e-07
3.43257e-05
3.84562e-05
2.48445e-08
3.8452e-05
4.99811e-08
3.84458e-05
7.76854e-08
3.84376e-05
1.1133e-07
3.84269e-05
1.54119e-07
3.8414e-05
2.09665e-07
3.83999e-05
2.82304e-07
3.83881e-05
3.76213e-07
3.83854e-05
4.91915e-07
6.17742e-07
3.84002e-05
4.30039e-05
2.73844e-08
4.29992e-05
5.46634e-08
4.29924e-05
8.45073e-08
4.29831e-05
1.20639e-07
4.29711e-05
1.66104e-07
4.29566e-05
2.24128e-07
4.29408e-05
2.98088e-07
4.29268e-05
3.90274e-07
4.292e-05
4.9872e-07
6.11316e-07
4.29264e-05
4.80908e-05
2.87735e-08
4.80889e-05
5.65896e-08
4.80862e-05
8.71796e-08
4.80825e-05
1.24413e-07
4.80776e-05
1.70931e-07
4.80722e-05
2.2959e-07
4.80673e-05
3.02929e-07
4.80658e-05
3.91766e-07
4.80721e-05
4.92479e-07
5.93176e-07
4.80902e-05
5.37682e-05
5.37583e-05
5.37447e-05
5.37274e-05
5.3706e-05
5.36798e-05
5.36494e-05
5.36172e-05
5.35879e-05
5.3568e-05
1.93082e-07
4.71086e-07
1.0272e-07
9.03628e-08
7.75819e-08
2.51377e-08
6.50044e-08
1.25774e-08
5.71805e-08
7.82388e-09
5.16746e-08
5.50597e-09
4.75046e-08
4.17001e-09
4.4206e-08
3.29852e-09
4.15176e-08
2.68848e-09
3.92737e-08
2.24389e-09
3.7364e-08
1.90972e-09
3.57127e-08
1.65124e-09
3.42662e-08
1.44649e-09
3.29854e-08
1.28075e-09
3.18409e-08
1.1446e-09
3.08101e-08
1.03077e-09
2.98753e-08
9.34862e-10
2.90226e-08
8.52575e-10
2.82408e-08
7.81921e-10
2.75207e-08
7.19934e-10
2.6855e-08
6.65924e-10
2.62373e-08
6.17528e-10
2.56625e-08
5.74913e-10
2.51263e-08
5.35949e-10
2.46251e-08
5.01335e-10
2.41558e-08
4.6902e-10
2.37158e-08
4.40098e-10
2.33029e-08
4.12579e-10
2.29151e-08
3.87688e-10
2.2551e-08
3.63746e-10
2.2209e-08
3.4166e-10
2.18881e-08
3.20483e-10
2.15871e-08
3.00265e-10
2.13055e-08
2.81214e-10
2.10423e-08
2.62043e-10
2.0797e-08
2.44893e-10
2.05736e-08
2.21842e-10
2.0398e-08
1.75122e-10
2.00861e-08
3.07912e-10
4.57282e-10
5.25893e-07
8.63937e-07
3.48603e-07
2.67653e-07
2.69472e-07
1.04269e-07
2.26499e-07
5.55503e-08
1.99325e-07
3.49973e-08
1.80159e-07
2.46721e-08
1.65647e-07
1.86823e-08
1.54163e-07
1.47829e-08
1.44795e-07
1.20564e-08
1.36971e-07
1.00675e-08
1.30311e-07
8.57039e-09
1.2455e-07
7.41147e-09
1.19504e-07
6.49279e-09
1.15035e-07
5.74928e-09
1.11042e-07
5.13799e-09
1.07445e-07
4.62738e-09
1.04184e-07
4.19645e-09
1.01209e-07
3.8275e-09
9.84812e-08
3.50978e-09
9.59689e-08
3.23208e-09
9.3646e-08
2.98898e-09
9.14909e-08
2.77251e-09
8.94855e-08
2.58043e-09
8.76148e-08
2.40646e-09
8.58661e-08
2.2502e-09
8.42286e-08
2.10623e-09
8.26933e-08
1.97557e-09
8.12523e-08
1.85311e-09
7.98993e-08
1.74077e-09
7.86285e-08
1.63414e-09
7.7435e-08
1.53485e-09
7.63149e-08
1.44014e-09
7.52646e-08
1.34996e-09
7.42812e-08
1.26411e-09
7.33623e-08
1.1798e-09
7.25057e-08
1.10108e-09
7.17245e-08
1.00127e-09
7.10854e-08
8.13774e-10
7.00116e-08
1.37716e-09
1.67116e-09
8.45434e-07
1.16896e-06
6.40506e-07
4.72581e-07
5.17368e-07
2.27407e-07
4.40708e-07
1.3221e-07
3.89638e-07
8.60677e-08
3.52922e-07
6.13881e-08
3.24898e-07
4.67063e-08
3.02616e-07
3.70648e-08
2.84378e-07
3.0294e-08
2.6911e-07
2.53358e-08
2.5609e-07
2.1591e-08
2.44816e-07
1.86853e-08
2.34931e-07
1.6378e-08
2.26171e-07
1.45087e-08
2.18339e-07
1.29701e-08
2.11282e-07
1.16845e-08
2.0488e-07
1.05982e-08
1.99039e-07
9.66851e-09
1.93682e-07
8.86675e-09
1.88747e-07
8.16673e-09
1.84184e-07
7.55277e-09
1.79949e-07
7.00718e-09
1.76008e-07
6.52178e-09
1.7233e-07
6.08337e-09
1.68892e-07
5.68826e-09
1.65673e-07
5.32571e-09
1.62653e-07
4.99499e-09
1.59819e-07
4.68693e-09
1.57157e-07
4.40251e-09
1.54656e-07
4.13426e-09
1.52307e-07
3.8832e-09
1.50102e-07
3.64457e-09
1.48034e-07
3.41735e-09
1.46097e-07
3.20038e-09
1.44286e-07
2.98932e-09
1.42598e-07
2.78852e-09
1.41055e-07
2.54241e-09
1.39744e-07
2.12396e-09
1.37731e-07
3.38642e-09
3.65007e-09
1.15042e-06
1.39054e-06
9.57344e-07
6.65656e-07
8.1326e-07
3.71491e-07
7.09385e-07
2.36085e-07
6.34138e-07
1.61315e-07
5.77665e-07
1.17861e-07
5.33587e-07
9.07843e-08
4.98075e-07
7.25775e-08
4.6875e-07
5.96185e-08
4.44047e-07
5.00388e-08
4.22887e-07
4.27511e-08
4.04506e-07
3.70668e-08
3.88348e-07
3.25353e-08
3.74003e-07
2.88539e-08
3.61157e-07
2.58164e-08
3.49567e-07
2.32743e-08
3.39042e-07
2.11226e-08
3.29431e-07
1.92795e-08
3.2061e-07
1.76878e-08
3.12479e-07
1.62977e-08
3.04955e-07
1.50768e-08
2.9797e-07
1.39924e-08
2.91466e-07
1.3026e-08
2.85395e-07
1.21542e-08
2.79716e-07
1.13669e-08
2.74396e-07
1.06458e-08
2.69405e-07
9.98633e-09
2.64717e-07
9.37357e-09
2.60314e-07
8.80632e-09
2.56175e-07
8.27256e-09
2.52286e-07
7.77206e-09
2.48633e-07
7.29682e-09
2.45205e-07
6.84446e-09
2.41993e-07
6.41196e-09
2.38988e-07
5.99294e-09
2.36185e-07
5.59024e-09
2.33616e-07
5.10978e-09
2.31354e-07
4.38574e-09
2.28238e-07
6.49792e-09
6.44494e-09
1.44257e-06
1.54089e-06
1.28219e-06
8.26042e-07
1.14108e-06
5.12604e-07
1.02478e-06
3.52384e-07
9.31965e-07
2.54126e-07
8.57754e-07
1.92072e-07
7.9748e-07
1.51059e-07
7.47653e-07
1.22404e-07
7.05779e-07
1.01492e-07
6.70062e-07
8.57565e-08
6.39185e-07
7.36276e-08
6.12178e-07
6.40737e-08
5.88313e-07
5.64005e-08
5.67036e-07
5.01314e-08
5.47917e-07
4.49348e-08
5.30621e-07
4.05703e-08
5.14879e-07
3.68645e-08
5.00476e-07
3.36831e-08
4.87235e-07
3.09289e-08
4.75012e-07
2.85207e-08
4.63687e-07
2.64013e-08
4.53162e-07
2.45179e-08
4.43351e-07
2.28364e-08
4.34186e-07
2.13195e-08
4.25605e-07
1.99471e-08
4.1756e-07
1.86911e-08
4.10006e-07
1.75401e-08
4.02907e-07
1.6472e-08
3.96232e-07
1.5481e-08
3.89954e-07
1.455e-08
3.8405e-07
1.36753e-08
3.78501e-07
1.28455e-08
3.73289e-07
1.20555e-08
3.684e-07
1.12996e-08
3.63822e-07
1.05691e-08
3.5955e-07
9.8614e-09
3.55619e-07
9.0394e-09
3.52053e-07
7.95055e-09
3.47634e-07
1.09137e-08
1.01101e-08
1.72681e-06
1.63478e-06
1.60578e-06
9.47077e-07
1.48442e-06
6.33966e-07
1.37219e-06
4.64608e-07
1.27375e-06
3.5257e-07
1.18908e-06
2.76736e-07
1.11654e-06
2.23604e-07
1.0542e-06
1.84744e-07
1.0003e-06
1.55385e-07
9.53356e-07
1.32705e-07
9.12119e-07
1.14864e-07
8.75605e-07
1.00588e-07
8.43026e-07
8.89791e-08
8.13756e-07
7.9402e-08
7.8729e-07
7.14005e-08
7.63223e-07
6.46373e-08
7.41224e-07
5.88636e-08
7.21021e-07
5.38856e-08
7.02391e-07
4.95592e-08
6.85147e-07
4.57649e-08
6.69132e-07
4.24159e-08
6.54216e-07
3.94339e-08
6.40287e-07
3.6765e-08
6.27252e-07
3.43547e-08
6.1503e-07
3.21693e-08
6.03552e-07
3.01682e-08
5.92762e-07
2.83308e-08
5.82608e-07
2.66258e-08
5.73047e-07
2.5041e-08
5.64045e-07
2.35523e-08
5.55568e-07
2.21519e-08
5.47589e-07
2.08231e-08
5.40087e-07
1.95575e-08
5.3304e-07
1.83456e-08
5.26433e-07
1.71753e-08
5.20257e-07
1.60357e-08
5.1455e-07
1.47447e-08
5.09259e-07
1.32414e-08
5.03279e-07
1.68896e-08
1.47307e-08
2.0099e-06
1.68647e-06
1.92604e-06
1.03094e-06
1.83219e-06
7.27812e-07
1.73635e-06
5.60447e-07
1.64476e-06
4.44162e-07
1.56006e-06
3.61437e-07
1.48302e-06
3.0064e-07
1.41358e-06
2.54184e-07
1.35123e-06
2.17737e-07
1.29526e-06
1.88676e-07
1.24491e-06
1.6521e-07
1.19948e-06
1.46024e-07
1.15831e-06
1.30146e-07
1.12086e-06
1.16856e-07
1.08664e-06
1.05618e-07
1.05525e-06
9.60242e-08
1.02635e-06
8.77641e-08
9.99647e-07
8.05918e-08
9.74887e-07
7.43192e-08
9.51862e-07
6.87901e-08
9.30391e-07
6.38866e-08
9.10321e-07
5.95042e-08
8.91518e-07
5.55674e-08
8.7387e-07
5.20025e-08
8.57279e-07
4.87603e-08
8.41661e-07
4.57863e-08
8.26943e-07
4.30482e-08
8.13064e-07
4.05046e-08
7.9997e-07
3.81349e-08
7.87615e-07
3.59072e-08
7.75958e-07
3.38077e-08
7.64967e-07
3.18139e-08
7.5461e-07
2.9913e-08
7.44864e-07
2.80908e-08
7.35707e-07
2.6331e-08
7.27132e-07
2.46094e-08
7.19168e-07
2.27069e-08
7.11675e-07
2.07327e-08
7.03812e-07
2.47499e-08
2.04327e-08
2.29953e-06
1.70829e-06
2.24619e-06
1.08428e-06
2.18032e-06
7.93681e-07
2.10675e-06
6.34012e-07
2.03086e-06
5.20054e-07
1.95578e-06
4.36515e-07
1.88332e-06
3.73099e-07
1.81457e-06
3.22936e-07
1.75009e-06
2.82224e-07
1.69003e-06
2.48733e-07
1.63432e-06
2.20921e-07
1.58273e-06
1.97615e-07
1.53496e-06
1.7791e-07
1.49071e-06
1.6111e-07
1.44965e-06
1.46675e-07
1.41149e-06
1.34182e-07
1.37596e-06
1.23296e-07
1.34281e-06
1.13746e-07
1.31181e-06
1.05317e-07
1.28277e-06
9.78297e-08
1.25552e-06
9.11425e-08
1.22989e-06
8.51301e-08
1.20576e-06
7.96988e-08
1.183e-06
7.47581e-08
1.16152e-06
7.02441e-08
1.14122e-06
6.6089e-08
1.12201e-06
6.22492e-08
1.10385e-06
5.86725e-08
1.08665e-06
5.53299e-08
1.07038e-06
5.21809e-08
1.05498e-06
4.92055e-08
1.04042e-06
4.63746e-08
1.02666e-06
4.36705e-08
1.01368e-06
4.10738e-08
1.00144e-06
3.85627e-08
9.89955e-07
3.6097e-08
9.79228e-07
3.34324e-08
9.69047e-07
3.09129e-08
9.58937e-07
3.48569e-08
2.73788e-08
2.60367e-06
1.70994e-06
2.57283e-06
1.11512e-06
2.53089e-06
8.35618e-07
2.47978e-06
6.85116e-07
2.42325e-06
5.76585e-07
2.36379e-06
4.9598e-07
2.30309e-06
4.33798e-07
2.2425e-06
3.83526e-07
2.18303e-06
3.41692e-07
2.12538e-06
3.06384e-07
2.06998e-06
2.76321e-07
2.01707e-06
2.50527e-07
1.96674e-06
2.28235e-07
1.91901e-06
2.08843e-07
1.87381e-06
1.91876e-07
1.83104e-06
1.76948e-07
1.79059e-06
1.63748e-07
1.75232e-06
1.52014e-07
1.7161e-06
1.41535e-07
1.6818e-06
1.32127e-07
1.6493e-06
1.23644e-07
1.61848e-06
1.15951e-07
1.58923e-06
1.08948e-07
1.56146e-06
1.02533e-07
1.53507e-06
9.66343e-08
1.50998e-06
9.11746e-08
1.48613e-06
8.61014e-08
1.46345e-06
8.1355e-08
1.44188e-06
7.68983e-08
1.42137e-06
7.26847e-08
1.40189e-06
6.86876e-08
1.38339e-06
6.48728e-08
1.36584e-06
6.12174e-08
1.34922e-06
5.7697e-08
1.3335e-06
5.4284e-08
1.31867e-06
5.09199e-08
1.30475e-06
4.73546e-08
1.29147e-06
4.41932e-08
1.27878e-06
4.75425e-08
3.57224e-08
2.93023e-06
1.69846e-06
2.9144e-06
1.13096e-06
2.89044e-06
8.59581e-07
2.85829e-06
7.17266e-07
2.82027e-06
6.14607e-07
2.77797e-06
5.38272e-07
2.7325e-06
4.79271e-07
2.68486e-06
4.31169e-07
2.63596e-06
3.90586e-07
2.58659e-06
3.55757e-07
2.53735e-06
3.25562e-07
2.48871e-06
2.99164e-07
2.44103e-06
2.7592e-07
2.39455e-06
2.55325e-07
2.34943e-06
2.36987e-07
2.3058e-06
2.20581e-07
2.2637e-06
2.05846e-07
2.22316e-06
1.92554e-07
2.18418e-06
1.80522e-07
2.14672e-06
1.69584e-07
2.11076e-06
1.59605e-07
2.07625e-06
1.50459e-07
2.04315e-06
1.42049e-07
2.01141e-06
1.34276e-07
1.98097e-06
1.27067e-07
1.95181e-06
1.20343e-07
1.92386e-06
1.14048e-07
1.89709e-06
1.0812e-07
1.87147e-06
1.02519e-07
1.84696e-06
9.7193e-08
1.82354e-06
9.21131e-08
1.80117e-06
8.72409e-08
1.77984e-06
8.25507e-08
1.75952e-06
7.8014e-08
1.74021e-06
7.35971e-08
1.7219e-06
6.92249e-08
1.70459e-06
6.46603e-08
1.68803e-06
6.07567e-08
1.67261e-06
6.29599e-08
4.5538e-08
3.28678e-06
1.67851e-06
3.28002e-06
1.13771e-06
3.26808e-06
8.71526e-07
3.24983e-06
7.35512e-07
3.2267e-06
6.37743e-07
3.19963e-06
5.65336e-07
3.16912e-06
5.09787e-07
3.13566e-06
4.64629e-07
3.09982e-06
4.26425e-07
3.06215e-06
3.93426e-07
3.02316e-06
3.64555e-07
2.98329e-06
3.39034e-07
2.94293e-06
3.16278e-07
2.90241e-06
2.95844e-07
2.862e-06
2.77393e-07
2.82193e-06
2.60652e-07
2.78237e-06
2.45404e-07
2.74347e-06
2.31461e-07
2.70532e-06
2.18669e-07
2.66801e-06
2.0689e-07
2.63161e-06
1.96011e-07
2.59614e-06
1.85923e-07
2.56165e-06
1.76541e-07
2.52815e-06
1.67778e-07
2.49565e-06
1.59566e-07
2.46416e-06
1.51835e-07
2.43368e-06
1.4453e-07
2.40421e-06
1.37593e-07
2.37574e-06
1.30983e-07
2.34828e-06
1.2465e-07
2.32183e-06
1.18566e-07
2.29638e-06
1.12691e-07
2.27193e-06
1.06998e-07
2.24849e-06
1.01458e-07
2.22605e-06
9.60326e-08
2.20465e-06
9.06321e-08
2.18425e-06
8.50508e-08
2.16468e-06
8.03356e-08
2.14675e-06
8.08861e-08
5.67199e-08
3.68039e-06
1.65288e-06
3.67863e-06
1.13947e-06
3.67387e-06
8.76285e-07
3.66461e-06
7.44769e-07
3.65181e-06
6.50538e-07
3.63618e-06
5.80968e-07
3.61782e-06
5.28152e-07
3.59683e-06
4.85614e-07
3.57343e-06
4.49824e-07
3.54788e-06
4.18979e-07
3.52045e-06
3.91986e-07
3.49142e-06
3.68062e-07
3.46107e-06
3.46629e-07
3.42966e-06
3.27256e-07
3.39743e-06
3.09624e-07
3.3646e-06
2.93481e-07
3.33137e-06
2.78633e-07
3.29792e-06
2.64913e-07
3.2644e-06
2.5219e-07
3.23094e-06
2.40346e-07
3.19767e-06
2.29284e-07
3.16468e-06
2.18914e-07
3.13205e-06
2.09164e-07
3.09987e-06
1.99957e-07
3.0682e-06
1.91238e-07
3.03709e-06
1.82943e-07
3.0066e-06
1.75025e-07
2.97676e-06
1.67432e-07
2.94762e-06
1.60127e-07
2.9192e-06
1.53064e-07
2.89155e-06
1.46217e-07
2.86469e-06
1.39549e-07
2.83866e-06
1.33035e-07
2.81347e-06
1.26646e-07
2.78916e-06
1.20341e-07
2.76577e-06
1.1402e-07
2.7433e-06
1.0752e-07
2.72164e-06
1.01999e-07
2.70201e-06
1.00517e-07
6.88967e-08
4.11775e-06
1.62305e-06
4.11855e-06
1.13867e-06
4.11764e-06
8.77197e-07
4.11354e-06
7.48867e-07
4.107e-06
6.57081e-07
4.09874e-06
5.89225e-07
4.08876e-06
5.3813e-07
4.07698e-06
4.97402e-07
4.06337e-06
4.63432e-07
4.04798e-06
4.34367e-07
4.03089e-06
4.09077e-07
4.01219e-06
3.86757e-07
3.99201e-06
3.66807e-07
3.97049e-06
3.48786e-07
3.94774e-06
3.32364e-07
3.92394e-06
3.17291e-07
3.8992e-06
3.03369e-07
3.87367e-06
2.90439e-07
3.84749e-06
2.78375e-07
3.82077e-06
2.67063e-07
3.79364e-06
2.56417e-07
3.7662e-06
2.46353e-07
3.73856e-06
2.36806e-07
3.71081e-06
2.27708e-07
3.68304e-06
2.19009e-07
3.65533e-06
2.10653e-07
3.62775e-06
2.02597e-07
3.60039e-06
1.94794e-07
3.57331e-06
1.87211e-07
3.54656e-06
1.79808e-07
3.52022e-06
1.72559e-07
3.49434e-06
1.65433e-07
3.46897e-06
1.58407e-07
3.44416e-06
1.51452e-07
3.41998e-06
1.44524e-07
3.39648e-06
1.37521e-07
3.37368e-06
1.30321e-07
3.35158e-06
1.24095e-07
3.33169e-06
1.20415e-07
8.14046e-08
4.60541e-06
1.58971e-06
4.60754e-06
1.13654e-06
4.60848e-06
8.76256e-07
4.60704e-06
7.50303e-07
4.6038e-06
6.60327e-07
4.59964e-06
5.93383e-07
4.59461e-06
5.43158e-07
4.58858e-06
5.0343e-07
4.58147e-06
4.7055e-07
4.57321e-06
4.42628e-07
4.56377e-06
4.18516e-07
4.55314e-06
3.97386e-07
4.54132e-06
3.78622e-07
4.52835e-06
3.61762e-07
4.51425e-06
3.46465e-07
4.49907e-06
3.32465e-07
4.48288e-06
3.19557e-07
4.46575e-06
3.07573e-07
4.44774e-06
2.96383e-07
4.42894e-06
2.8587e-07
4.40941e-06
2.75945e-07
4.38924e-06
2.66523e-07
4.3685e-06
2.5754e-07
4.34728e-06
2.48928e-07
4.32565e-06
2.40638e-07
4.30369e-06
2.32614e-07
4.28147e-06
2.24815e-07
4.25907e-06
2.17196e-07
4.23656e-06
2.09725e-07
4.214e-06
2.02363e-07
4.19148e-06
1.95087e-07
4.16904e-06
1.87865e-07
4.14678e-06
1.80675e-07
4.12474e-06
1.7349e-07
4.103e-06
1.66264e-07
4.08163e-06
1.58891e-07
4.06067e-06
1.51284e-07
4.04023e-06
1.44534e-07
4.02191e-06
1.38736e-07
9.34e-08
5.14999e-06
1.55318e-06
5.153e-06
1.13353e-06
5.15475e-06
8.74506e-07
5.1546e-06
7.50453e-07
5.15288e-06
6.62049e-07
5.15067e-06
5.95592e-07
5.14813e-06
5.45697e-07
5.14516e-06
5.06397e-07
5.14169e-06
4.74028e-07
5.13763e-06
4.46683e-07
5.13294e-06
4.23207e-07
5.12756e-06
4.02766e-07
5.12145e-06
3.84733e-07
5.11457e-06
3.68637e-07
5.10692e-06
3.54124e-07
5.09846e-06
3.40918e-07
5.08922e-06
3.28805e-07
5.07918e-06
3.17609e-07
5.06837e-06
3.07189e-07
5.05682e-06
2.97425e-07
5.04454e-06
2.8822e-07
5.03158e-06
2.79485e-07
5.01797e-06
2.71149e-07
5.00376e-06
2.63143e-07
4.98898e-06
2.55413e-07
4.9737e-06
2.47901e-07
4.95795e-06
2.40563e-07
4.94179e-06
2.33352e-07
4.92529e-06
2.26233e-07
4.90848e-06
2.19168e-07
4.89144e-06
2.12129e-07
4.87422e-06
2.05086e-07
4.85688e-06
1.98015e-07
4.83949e-06
1.90886e-07
4.8221e-06
1.83651e-07
4.80479e-06
1.762e-07
4.78761e-06
1.68469e-07
4.77075e-06
1.61398e-07
4.75571e-06
1.53776e-07
1.04096e-07
5.75854e-06
1.51357e-06
5.7624e-06
1.12966e-06
5.76448e-06
8.72429e-07
5.76496e-06
7.49969e-07
5.76387e-06
6.63139e-07
5.76244e-06
5.97023e-07
5.76095e-06
5.47185e-07
5.75936e-06
5.07994e-07
5.75759e-06
4.7579e-07
5.75562e-06
4.48654e-07
5.7534e-06
4.2543e-07
5.75088e-06
4.05289e-07
5.74801e-06
3.87601e-07
5.74476e-06
3.71892e-07
5.74108e-06
3.57801e-07
5.73695e-06
3.45049e-07
5.73234e-06
3.33416e-07
5.72722e-06
3.2272e-07
5.7216e-06
3.12815e-07
5.71545e-06
3.03575e-07
5.70877e-06
2.94899e-07
5.70156e-06
2.86692e-07
5.69383e-06
2.78879e-07
5.68559e-06
2.71387e-07
5.67685e-06
2.64156e-07
5.66762e-06
2.57126e-07
5.65794e-06
2.50248e-07
5.64782e-06
2.43472e-07
5.63729e-06
2.36759e-07
5.62639e-06
2.30067e-07
5.61515e-06
2.23367e-07
5.60362e-06
2.16624e-07
5.59182e-06
2.09812e-07
5.57981e-06
2.02899e-07
5.56763e-06
1.95829e-07
5.55534e-06
1.88493e-07
5.54298e-06
1.80833e-07
5.53078e-06
1.73595e-07
5.52001e-06
1.64549e-07
1.13026e-07
6.43872e-06
1.47102e-06
6.44365e-06
1.12474e-06
6.44585e-06
8.70224e-07
6.44671e-06
7.49112e-07
6.44588e-06
6.63969e-07
6.44469e-06
5.98211e-07
6.44355e-06
5.48324e-07
6.44245e-06
5.09097e-07
6.44135e-06
4.7689e-07
6.44023e-06
4.49772e-07
6.43907e-06
4.26591e-07
6.43784e-06
4.06522e-07
6.4365e-06
3.88939e-07
6.43503e-06
3.73365e-07
6.43339e-06
3.5944e-07
6.43156e-06
3.46881e-07
6.42951e-06
3.35467e-07
6.42721e-06
3.25013e-07
6.42465e-06
3.15372e-07
6.42181e-06
3.06415e-07
6.41868e-06
2.98037e-07
6.41523e-06
2.90141e-07
6.41146e-06
2.8265e-07
6.40736e-06
2.75486e-07
6.40292e-06
2.68589e-07
6.39816e-06
2.61894e-07
6.39306e-06
2.55349e-07
6.38762e-06
2.48902e-07
6.38187e-06
2.42511e-07
6.37581e-06
2.3613e-07
6.36945e-06
2.29727e-07
6.36281e-06
2.23265e-07
6.35591e-06
2.16714e-07
6.34877e-06
2.10038e-07
6.34142e-06
2.03178e-07
6.33389e-06
1.96022e-07
6.32622e-06
1.88509e-07
6.31864e-06
1.81176e-07
6.3121e-06
1.7109e-07
1.20173e-07
7.19905e-06
1.42565e-06
7.20534e-06
1.11845e-06
7.20761e-06
8.67957e-07
7.20875e-06
7.4797e-07
7.20806e-06
6.64657e-07
7.20691e-06
5.99357e-07
7.20584e-06
5.494e-07
7.20485e-06
5.10081e-07
7.20394e-06
4.77805e-07
7.20309e-06
4.50623e-07
7.20229e-06
4.2739e-07
7.20152e-06
4.07287e-07
7.20077e-06
3.89689e-07
7.20002e-06
3.7412e-07
7.19924e-06
3.60221e-07
7.19841e-06
3.47706e-07
7.19752e-06
3.36355e-07
7.19656e-06
3.25981e-07
7.19549e-06
3.16435e-07
7.19432e-06
3.07589e-07
7.19302e-06
2.99336e-07
7.19158e-06
2.91578e-07
7.19e-06
2.84236e-07
7.18825e-06
2.77233e-07
7.18633e-06
2.70505e-07
7.18424e-06
2.63987e-07
7.18196e-06
2.57625e-07
7.1795e-06
2.51366e-07
7.17684e-06
2.45166e-07
7.174e-06
2.38977e-07
7.17096e-06
2.32765e-07
7.16773e-06
2.26492e-07
7.16432e-06
2.20125e-07
7.16073e-06
2.13625e-07
7.15698e-06
2.06929e-07
7.15308e-06
1.99927e-07
7.14905e-06
1.92543e-07
7.14511e-06
1.85113e-07
7.14192e-06
1.74278e-07
1.25893e-07
8.04899e-06
1.37772e-06
8.057e-06
1.11045e-06
8.05933e-06
8.65624e-07
8.06073e-06
7.46575e-07
8.06017e-06
6.65214e-07
8.05901e-06
6.0052e-07
8.05789e-06
5.50512e-07
8.05689e-06
5.11084e-07
8.05598e-06
4.78713e-07
8.05517e-06
4.51438e-07
8.05444e-06
4.28115e-07
8.0538e-06
4.07933e-07
8.05322e-06
3.90271e-07
8.05268e-06
3.74652e-07
8.05219e-06
3.60716e-07
8.05172e-06
3.48179e-07
8.05126e-06
3.36815e-07
8.0508e-06
3.26441e-07
8.05033e-06
3.16906e-07
8.04984e-06
3.08079e-07
8.04932e-06
2.99854e-07
8.04876e-06
2.92134e-07
8.04816e-06
2.84838e-07
8.0475e-06
2.77888e-07
8.04679e-06
2.7122e-07
8.046e-06
2.6477e-07
8.04515e-06
2.58481e-07
8.04421e-06
2.52301e-07
8.04319e-06
2.46185e-07
8.04209e-06
2.40085e-07
8.04089e-06
2.33965e-07
8.03959e-06
2.27787e-07
8.0382e-06
2.21516e-07
8.03671e-06
2.15111e-07
8.03513e-06
2.0851e-07
8.03346e-06
2.016e-07
8.03171e-06
1.94292e-07
8.03009e-06
1.86731e-07
8.02903e-06
1.7534e-07
1.30697e-07
8.99913e-06
1.32751e-06
9.00923e-06
1.10035e-06
9.01169e-06
8.63171e-07
9.01332e-06
7.4494e-07
9.01292e-06
6.65614e-07
9.01174e-06
6.017e-07
9.01057e-06
5.51685e-07
9.00951e-06
5.12145e-07
9.00855e-06
4.79672e-07
9.00769e-06
4.52293e-07
9.00694e-06
4.28865e-07
9.00629e-06
4.08587e-07
9.00572e-06
3.9084e-07
9.00522e-06
3.75149e-07
9.00479e-06
3.61151e-07
9.0044e-06
3.48563e-07
9.00406e-06
3.37158e-07
9.00375e-06
3.26751e-07
9.00346e-06
3.1719e-07
9.0032e-06
3.08345e-07
9.00295e-06
3.00106e-07
9.0027e-06
2.92379e-07
9.00246e-06
2.8508e-07
9.00222e-06
2.78132e-07
9.00197e-06
2.7147e-07
9.00171e-06
2.6503e-07
9.00143e-06
2.58756e-07
9.00114e-06
2.52595e-07
9.00082e-06
2.46501e-07
9.00048e-06
2.40427e-07
9.00011e-06
2.34337e-07
8.9997e-06
2.28193e-07
8.99926e-06
2.21958e-07
8.99878e-06
2.15592e-07
8.99826e-06
2.0903e-07
8.9977e-06
2.02161e-07
8.99711e-06
1.94881e-07
8.99668e-06
1.87158e-07
8.99667e-06
1.75353e-07
1.3503e-07
1.00613e-05
1.27545e-06
1.00739e-05
1.08779e-06
1.00766e-05
8.60497e-07
1.00784e-05
7.43081e-07
1.00782e-05
6.65821e-07
1.0077e-05
6.02875e-07
1.00758e-05
5.5292e-07
1.00747e-05
5.13275e-07
1.00737e-05
4.80699e-07
1.00727e-05
4.5321e-07
1.00719e-05
4.2967e-07
1.00712e-05
4.09285e-07
1.00706e-05
3.91443e-07
1.00701e-05
3.75669e-07
1.00697e-05
3.61599e-07
1.00693e-05
3.48949e-07
1.00689e-05
3.37491e-07
1.00687e-05
3.27038e-07
1.00684e-05
3.17437e-07
1.00682e-05
3.08558e-07
1.0068e-05
3.00291e-07
1.00678e-05
2.92538e-07
1.00677e-05
2.85217e-07
1.00676e-05
2.78251e-07
1.00675e-05
2.71573e-07
1.00674e-05
2.6512e-07
1.00673e-05
2.58837e-07
1.00672e-05
2.52668e-07
1.00672e-05
2.46569e-07
1.00671e-05
2.40494e-07
1.0067e-05
2.34405e-07
1.0067e-05
2.28264e-07
1.00669e-05
2.22037e-07
1.00668e-05
2.15679e-07
1.00667e-05
2.09129e-07
1.00666e-05
2.02275e-07
1.00665e-05
1.94994e-07
1.00665e-05
1.87101e-07
1.00669e-05
1.75013e-07
1.39161e-07
1.12489e-05
1.22203e-06
1.12642e-05
1.07248e-06
1.12672e-05
8.57443e-07
1.12693e-05
7.41012e-07
1.12693e-05
6.65793e-07
1.12682e-05
6.04012e-07
1.12669e-05
5.54208e-07
1.12657e-05
5.14471e-07
1.12646e-05
4.81794e-07
1.12636e-05
4.54195e-07
1.12628e-05
4.30537e-07
1.1262e-05
4.10039e-07
1.12614e-05
3.92094e-07
1.12608e-05
3.76229e-07
1.12603e-05
3.62081e-07
1.12599e-05
3.49361e-07
1.12596e-05
3.37843e-07
1.12593e-05
3.27338e-07
1.1259e-05
3.17692e-07
1.12588e-05
3.08772e-07
1.12586e-05
3.00469e-07
1.12585e-05
2.92684e-07
1.12584e-05
2.85335e-07
1.12583e-05
2.78343e-07
1.12582e-05
2.71641e-07
1.12581e-05
2.65167e-07
1.12581e-05
2.58864e-07
1.12581e-05
2.52679e-07
1.12581e-05
2.46565e-07
1.12581e-05
2.40478e-07
1.12582e-05
2.34379e-07
1.12582e-05
2.28231e-07
1.12582e-05
2.21999e-07
1.12583e-05
2.1564e-07
1.12583e-05
2.0909e-07
1.12583e-05
2.0224e-07
1.12584e-05
1.94948e-07
1.12586e-05
1.86897e-07
1.12589e-05
1.74671e-07
1.43184e-07
1.25766e-05
1.16781e-06
1.25949e-05
1.05418e-06
1.25986e-05
8.538e-07
1.26009e-05
7.38742e-07
1.26012e-05
6.65493e-07
1.26001e-05
6.05069e-07
1.25988e-05
5.55531e-07
1.25975e-05
5.15728e-07
1.25964e-05
4.82954e-07
1.25953e-05
4.55246e-07
1.25944e-05
4.31467e-07
1.25936e-05
4.1085e-07
1.25929e-05
3.92796e-07
1.25923e-05
3.76834e-07
1.25917e-05
3.626e-07
1.25913e-05
3.49806e-07
1.25909e-05
3.38223e-07
1.25906e-05
3.27661e-07
1.25903e-05
3.17964e-07
1.25901e-05
3.09e-07
1.25899e-05
3.00657e-07
1.25897e-05
2.92837e-07
1.25896e-05
2.85455e-07
1.25895e-05
2.78433e-07
1.25895e-05
2.71704e-07
1.25894e-05
2.65205e-07
1.25894e-05
2.58879e-07
1.25894e-05
2.52673e-07
1.25895e-05
2.46541e-07
1.25895e-05
2.40437e-07
1.25895e-05
2.34325e-07
1.25896e-05
2.28166e-07
1.25897e-05
2.21926e-07
1.25898e-05
2.15562e-07
1.25898e-05
2.09009e-07
1.25899e-05
2.02162e-07
1.259e-05
1.94858e-07
1.25902e-05
1.86677e-07
1.25904e-05
1.74468e-07
1.47159e-07
1.40612e-05
1.11344e-06
1.40827e-05
1.03277e-06
1.40872e-05
8.49305e-07
1.40896e-05
7.36265e-07
1.40902e-05
6.64889e-07
1.40893e-05
6.05995e-07
1.4088e-05
5.56864e-07
1.40867e-05
5.17034e-07
1.40854e-05
4.84173e-07
1.40843e-05
4.56359e-07
1.40833e-05
4.32459e-07
1.40825e-05
4.11718e-07
1.40817e-05
3.93548e-07
1.40811e-05
3.77484e-07
1.40805e-05
3.63159e-07
1.408e-05
3.50285e-07
1.40796e-05
3.38632e-07
1.40793e-05
3.28008e-07
1.4079e-05
3.18258e-07
1.40787e-05
3.09246e-07
1.40785e-05
3.0086e-07
1.40784e-05
2.93001e-07
1.40782e-05
2.85583e-07
1.40781e-05
2.7853e-07
1.40781e-05
2.71771e-07
1.4078e-05
2.65245e-07
1.4078e-05
2.58894e-07
1.4078e-05
2.52665e-07
1.40781e-05
2.46512e-07
1.40781e-05
2.40391e-07
1.40782e-05
2.34263e-07
1.40782e-05
2.28092e-07
1.40783e-05
2.21843e-07
1.40784e-05
2.15472e-07
1.40785e-05
2.08919e-07
1.40786e-05
2.02075e-07
1.40787e-05
1.94766e-07
1.40789e-05
1.86496e-07
1.40789e-05
1.74466e-07
1.50892e-07
1.57214e-05
1.05958e-06
1.57458e-05
1.00828e-06
1.57515e-05
8.43665e-07
1.57542e-05
7.33553e-07
1.57551e-05
6.63956e-07
1.57544e-05
6.06733e-07
1.57531e-05
5.58172e-07
1.57517e-05
5.18372e-07
1.57505e-05
4.85439e-07
1.57493e-05
4.57526e-07
1.57483e-05
4.33506e-07
1.57473e-05
4.12639e-07
1.57465e-05
3.9435e-07
1.57459e-05
3.78176e-07
1.57453e-05
3.63755e-07
1.57447e-05
3.50796e-07
1.57443e-05
3.39067e-07
1.57439e-05
3.28378e-07
1.57436e-05
3.18568e-07
1.57434e-05
3.09504e-07
1.57432e-05
3.01071e-07
1.5743e-05
2.9317e-07
1.57429e-05
2.85714e-07
1.57428e-05
2.78625e-07
1.57427e-05
2.71834e-07
1.57427e-05
2.65278e-07
1.57427e-05
2.589e-07
1.57427e-05
2.52647e-07
1.57427e-05
2.46471e-07
1.57428e-05
2.4033e-07
1.57429e-05
2.34186e-07
1.57429e-05
2.28002e-07
1.5743e-05
2.21743e-07
1.57432e-05
2.15368e-07
1.57433e-05
2.08814e-07
1.57434e-05
2.01978e-07
1.57434e-05
1.94673e-07
1.57436e-05
1.86365e-07
1.57434e-05
1.74663e-07
1.5481e-07
1.75778e-05
1.00692e-06
1.76052e-05
9.80921e-07
1.76123e-05
8.3658e-07
1.76153e-05
7.30541e-07
1.76166e-05
6.62674e-07
1.76161e-05
6.07221e-07
1.76149e-05
5.59411e-07
1.76135e-05
5.1972e-07
1.76122e-05
4.86738e-07
1.7611e-05
4.58737e-07
1.76099e-05
4.34602e-07
1.76089e-05
4.13609e-07
1.76081e-05
3.95198e-07
1.76074e-05
3.78913e-07
1.76067e-05
3.64392e-07
1.76062e-05
3.51345e-07
1.76057e-05
3.39538e-07
1.76053e-05
3.2878e-07
1.76049e-05
3.1891e-07
1.76047e-05
3.09792e-07
1.76044e-05
3.01311e-07
1.76042e-05
2.93365e-07
1.76041e-05
2.85869e-07
1.7604e-05
2.78743e-07
1.76039e-05
2.71917e-07
1.76038e-05
2.65329e-07
1.76038e-05
2.58921e-07
1.76038e-05
2.5264e-07
1.76038e-05
2.4644e-07
1.76039e-05
2.40278e-07
1.7604e-05
2.34116e-07
1.7604e-05
2.27918e-07
1.76041e-05
2.21649e-07
1.76042e-05
2.15268e-07
1.76043e-05
2.08718e-07
1.76044e-05
2.01895e-07
1.76045e-05
1.9461e-07
1.76045e-05
1.86327e-07
1.76041e-05
1.751e-07
1.57681e-07
1.96541e-05
9.56127e-07
1.96839e-05
9.51069e-07
1.96927e-05
8.2778e-07
1.96961e-05
7.27127e-07
1.96978e-05
6.61029e-07
1.96976e-05
6.07397e-07
1.96965e-05
5.60524e-07
1.96952e-05
5.21042e-07
1.96939e-05
4.88042e-07
1.96926e-05
4.59967e-07
1.96915e-05
4.35724e-07
1.96905e-05
4.14605e-07
1.96896e-05
3.96067e-07
1.96889e-05
3.79664e-07
1.96882e-05
3.65035e-07
1.96877e-05
3.51891e-07
1.96872e-05
3.4e-07
1.96868e-05
3.29167e-07
1.96865e-05
3.1923e-07
1.96863e-05
3.10054e-07
1.96861e-05
3.0152e-07
1.96859e-05
2.93528e-07
1.96858e-05
2.85989e-07
1.96857e-05
2.78825e-07
1.96856e-05
2.71964e-07
1.96856e-05
2.65344e-07
1.96856e-05
2.58907e-07
1.96857e-05
2.52599e-07
1.96857e-05
2.46376e-07
1.96858e-05
2.40193e-07
1.96859e-05
2.34013e-07
1.96861e-05
2.27801e-07
1.96862e-05
2.21523e-07
1.96863e-05
2.1514e-07
1.96864e-05
2.08596e-07
1.96865e-05
2.01794e-07
1.96866e-05
1.94546e-07
1.96866e-05
1.86346e-07
1.9686e-05
1.75715e-07
1.62178e-07
2.19761e-05
9.07811e-07
2.20079e-05
9.19287e-07
2.20186e-05
8.17073e-07
2.20225e-05
7.23175e-07
2.20246e-05
6.59007e-07
2.20248e-05
6.0721e-07
2.20238e-05
5.61453e-07
2.20226e-05
5.22311e-07
2.20212e-05
4.89347e-07
2.202e-05
4.61229e-07
2.20188e-05
4.36902e-07
2.20177e-05
4.15677e-07
2.20168e-05
3.97026e-07
2.20159e-05
3.80513e-07
2.20152e-05
3.65783e-07
2.20145e-05
3.52547e-07
2.2014e-05
3.40571e-07
2.20135e-05
3.2966e-07
2.2013e-05
3.19653e-07
2.20127e-05
3.10412e-07
2.20124e-05
3.01819e-07
2.20121e-05
2.93772e-07
2.20119e-05
2.86183e-07
2.20118e-05
2.78971e-07
2.20117e-05
2.72067e-07
2.20116e-05
2.65407e-07
2.20116e-05
2.58932e-07
2.20116e-05
2.52592e-07
2.20116e-05
2.46338e-07
2.20117e-05
2.40129e-07
2.20118e-05
2.33928e-07
2.20119e-05
2.277e-07
2.2012e-05
2.21411e-07
2.20121e-05
2.15027e-07
2.20122e-05
2.08493e-07
2.20123e-05
2.01724e-07
2.20123e-05
1.94543e-07
2.20121e-05
1.86514e-07
2.20113e-05
1.76513e-07
1.62653e-07
2.45732e-05
8.62525e-07
2.46062e-05
8.86293e-07
2.46189e-05
8.04379e-07
2.46235e-05
7.18503e-07
2.4626e-05
6.56561e-07
2.46266e-05
6.0657e-07
2.4626e-05
5.62066e-07
2.4625e-05
5.23382e-07
2.46238e-05
4.9049e-07
2.46227e-05
4.62327e-07
2.46217e-05
4.37909e-07
2.46208e-05
4.16566e-07
2.462e-05
3.97793e-07
2.46194e-05
3.81167e-07
2.46188e-05
3.66337e-07
2.46184e-05
3.53014e-07
2.4618e-05
3.40964e-07
2.46177e-05
3.29989e-07
2.46174e-05
3.19926e-07
2.46172e-05
3.10636e-07
2.4617e-05
3.02e-07
2.46168e-05
2.93914e-07
2.46167e-05
2.86288e-07
2.46167e-05
2.79043e-07
2.46166e-05
2.72106e-07
2.46166e-05
2.65416e-07
2.46166e-05
2.58913e-07
2.46167e-05
2.52546e-07
2.46167e-05
2.46268e-07
2.46168e-05
2.40038e-07
2.46169e-05
2.33818e-07
2.46171e-05
2.27576e-07
2.46172e-05
2.2128e-07
2.46173e-05
2.14896e-07
2.46174e-05
2.08379e-07
2.46175e-05
2.0165e-07
2.46175e-05
1.94558e-07
2.46173e-05
1.86751e-07
2.46161e-05
1.77632e-07
1.69698e-07
2.74779e-05
8.20778e-07
2.75112e-05
8.52972e-07
2.75257e-05
7.89855e-07
2.75312e-05
7.13042e-07
2.75339e-05
6.5379e-07
2.75349e-05
6.05644e-07
2.75343e-05
5.62583e-07
2.75331e-05
5.24582e-07
2.75317e-05
4.91905e-07
2.75303e-05
4.63781e-07
2.75289e-05
4.39319e-07
2.75276e-05
4.17878e-07
2.75264e-05
3.98978e-07
2.75253e-05
3.82215e-07
2.75244e-05
3.67248e-07
2.75236e-05
3.53797e-07
2.7523e-05
3.41626e-07
2.75224e-05
3.30543e-07
2.7522e-05
3.20382e-07
2.75216e-05
3.11004e-07
2.75213e-05
3.02289e-07
2.75211e-05
2.94132e-07
2.75209e-05
2.86442e-07
2.75208e-05
2.79139e-07
2.75208e-05
2.72151e-07
2.75208e-05
2.65414e-07
2.75208e-05
2.58869e-07
2.75209e-05
2.52465e-07
2.7521e-05
2.46154e-07
2.75212e-05
2.39897e-07
2.75213e-05
2.33655e-07
2.75215e-05
2.27398e-07
2.75217e-05
2.21094e-07
2.75219e-05
2.14716e-07
2.7522e-05
2.08223e-07
2.75221e-05
2.01557e-07
2.75221e-05
1.94599e-07
2.75217e-05
1.87086e-07
2.7521e-05
1.78366e-07
1.6455e-07
3.0727e-05
7.82848e-07
3.07599e-05
8.20054e-07
3.07763e-05
7.73487e-07
3.07832e-05
7.06197e-07
3.0787e-05
6.49959e-07
3.07891e-05
6.03484e-07
3.07899e-05
5.61801e-07
3.079e-05
5.24553e-07
3.07897e-05
4.92171e-07
3.07893e-05
4.64171e-07
3.07888e-05
4.39775e-07
3.07884e-05
4.18363e-07
3.07879e-05
3.99465e-07
3.07874e-05
3.82691e-07
3.07869e-05
3.67707e-07
3.07865e-05
3.54233e-07
3.07861e-05
3.42038e-07
3.07857e-05
3.30928e-07
3.07853e-05
3.20739e-07
3.0785e-05
3.11331e-07
3.07847e-05
3.02584e-07
3.07845e-05
2.94395e-07
3.07842e-05
2.86672e-07
3.0784e-05
2.79336e-07
3.07839e-05
2.72314e-07
3.07837e-05
2.65543e-07
3.07836e-05
2.58966e-07
3.07836e-05
2.52531e-07
3.07835e-05
2.46191e-07
3.07835e-05
2.39906e-07
3.07835e-05
2.33642e-07
3.07836e-05
2.27368e-07
3.07836e-05
2.21056e-07
3.07836e-05
2.14681e-07
3.07837e-05
2.08215e-07
3.07836e-05
2.01618e-07
3.07834e-05
1.94818e-07
3.07828e-05
1.87707e-07
3.07806e-05
1.80502e-07
1.78122e-07
3.43588e-05
7.49795e-07
3.43893e-05
7.89512e-07
3.44056e-05
7.57241e-07
3.44118e-05
6.99921e-07
3.44143e-05
6.47458e-07
3.4415e-05
6.02825e-07
3.44143e-05
5.62533e-07
3.44128e-05
5.26019e-07
3.44112e-05
4.93808e-07
3.44096e-05
4.65722e-07
3.44082e-05
4.41153e-07
3.44071e-05
4.19536e-07
3.44061e-05
4.00425e-07
3.44053e-05
3.83448e-07
3.44048e-05
3.68282e-07
3.44043e-05
3.5465e-07
3.44041e-05
3.42319e-07
3.44039e-05
3.31093e-07
3.44038e-05
3.20806e-07
3.44038e-05
3.11315e-07
3.44039e-05
3.02498e-07
3.44041e-05
2.94248e-07
3.44043e-05
2.86474e-07
3.44045e-05
2.79092e-07
3.44048e-05
2.72031e-07
3.44051e-05
2.65226e-07
3.44055e-05
2.58618e-07
3.44058e-05
2.52156e-07
3.44062e-05
2.45794e-07
3.44066e-05
2.39491e-07
3.44071e-05
2.33213e-07
3.44075e-05
2.26931e-07
3.4408e-05
2.2062e-07
3.44084e-05
2.14262e-07
3.44087e-05
2.07839e-07
3.4409e-05
2.01335e-07
3.44091e-05
1.94718e-07
3.4409e-05
1.87873e-07
3.44095e-05
1.79948e-07
1.61909e-07
3.84308e-05
7.19161e-07
3.84619e-05
7.58405e-07
3.84824e-05
7.36731e-07
3.84939e-05
6.88485e-07
3.85011e-05
6.40275e-07
3.85059e-05
5.97983e-07
3.85087e-05
5.59689e-07
3.85101e-05
5.24693e-07
3.85104e-05
4.93432e-07
3.85102e-05
4.65933e-07
3.85096e-05
4.41752e-07
3.85088e-05
4.20388e-07
3.85078e-05
4.01427e-07
3.85067e-05
3.84528e-07
3.85056e-05
3.69391e-07
3.85045e-05
3.55755e-07
3.85034e-05
3.43399e-07
3.85024e-05
3.32132e-07
3.85014e-05
3.21795e-07
3.85004e-05
3.12248e-07
3.84996e-05
3.03372e-07
3.84988e-05
2.95061e-07
3.8498e-05
2.87226e-07
3.84973e-05
2.79784e-07
3.84967e-05
2.72665e-07
3.84961e-05
2.65803e-07
3.84956e-05
2.59142e-07
3.84951e-05
2.5263e-07
3.84947e-05
2.46222e-07
3.84943e-05
2.39879e-07
3.84939e-05
2.33568e-07
3.84936e-05
2.27261e-07
3.84933e-05
2.20938e-07
3.8493e-05
2.14587e-07
3.84926e-05
2.08205e-07
3.84921e-05
2.01807e-07
3.84914e-05
1.9545e-07
3.84899e-05
1.89349e-07
3.84853e-05
1.84582e-07
1.88341e-07
4.29447e-05
7.00891e-07
4.29638e-05
7.39289e-07
4.29753e-05
7.25224e-07
4.29802e-05
6.83608e-07
4.29825e-05
6.3795e-07
4.29841e-05
5.96365e-07
4.29853e-05
5.58513e-07
4.29862e-05
5.2378e-07
4.29871e-05
4.92529e-07
4.29881e-05
4.64918e-07
4.29893e-05
4.40623e-07
4.29905e-05
4.19173e-07
4.29917e-05
4.00152e-07
4.29931e-05
3.83213e-07
4.29944e-05
3.68056e-07
4.29957e-05
3.54417e-07
4.29971e-05
3.4207e-07
4.29984e-05
3.30821e-07
4.29997e-05
3.20505e-07
4.30009e-05
3.10982e-07
4.30022e-05
3.02131e-07
4.30034e-05
2.93844e-07
4.30046e-05
2.8603e-07
4.30058e-05
2.78608e-07
4.30069e-05
2.71504e-07
4.30081e-05
2.64654e-07
4.30092e-05
2.58002e-07
4.30103e-05
2.51497e-07
4.30115e-05
2.45093e-07
4.30126e-05
2.38752e-07
4.30137e-05
2.32442e-07
4.30148e-05
2.2614e-07
4.30159e-05
2.19827e-07
4.3017e-05
2.13499e-07
4.30181e-05
2.07165e-07
4.3019e-05
2.00856e-07
4.30199e-05
1.94613e-07
4.30209e-05
1.88299e-07
4.30255e-05
1.80019e-07
1.53799e-07
4.81187e-05
6.72444e-07
4.81481e-05
7.09888e-07
4.81695e-05
7.03791e-07
4.81815e-05
6.71617e-07
4.81872e-05
6.3223e-07
4.81893e-05
5.94254e-07
4.8189e-05
5.58865e-07
4.81869e-05
5.25876e-07
4.81837e-05
4.95669e-07
4.81801e-05
4.68572e-07
4.81762e-05
4.44481e-07
4.81723e-05
4.23054e-07
4.81685e-05
4.03944e-07
4.81649e-05
3.86849e-07
4.81615e-05
3.71499e-07
4.81582e-05
3.57653e-07
4.81552e-05
3.45097e-07
4.81524e-05
3.33645e-07
4.81497e-05
3.23137e-07
4.81473e-05
3.13434e-07
4.8145e-05
3.04416e-07
4.81429e-05
2.95977e-07
4.81409e-05
2.88025e-07
4.8139e-05
2.80478e-07
4.81372e-05
2.73262e-07
4.81356e-05
2.66314e-07
4.8134e-05
2.59575e-07
4.81325e-05
2.52994e-07
4.81311e-05
2.46528e-07
4.81297e-05
2.40136e-07
4.81284e-05
2.33787e-07
4.8127e-05
2.27458e-07
4.81257e-05
2.21135e-07
4.81244e-05
2.14817e-07
4.8123e-05
2.08533e-07
4.81215e-05
2.02362e-07
4.81196e-05
1.96526e-07
4.81162e-05
1.9168e-07
4.81062e-05
1.90081e-07
2.01477e-07
5.35618e-05
5.35675e-05
5.35795e-05
5.35933e-05
5.36072e-05
5.36206e-05
5.3633e-05
5.36443e-05
5.36545e-05
5.36636e-05
5.36717e-05
5.3679e-05
5.36856e-05
5.36915e-05
5.36969e-05
5.37018e-05
5.37064e-05
5.37105e-05
5.37144e-05
5.3718e-05
5.37215e-05
5.37247e-05
5.37278e-05
5.37309e-05
5.37338e-05
5.37366e-05
5.37394e-05
5.37422e-05
5.3745e-05
5.37478e-05
5.37506e-05
5.37534e-05
5.37562e-05
5.37591e-05
5.37619e-05
5.37647e-05
5.37677e-05
5.37723e-05
5.37862e-05
)
;

boundaryField
{
    inlet
    {
        type            calculated;
        value           nonuniform List<scalar> 
36
(
-1.0756e-06
-1.2028e-06
-1.34504e-06
-1.5041e-06
-1.68197e-06
-1.88087e-06
-2.1033e-06
-2.35204e-06
-2.63018e-06
-2.94122e-06
-3.28905e-06
-3.678e-06
-4.11295e-06
-4.59934e-06
-5.14325e-06
-5.75148e-06
-6.43164e-06
-7.19223e-06
-8.04277e-06
-8.9939e-06
-1.00575e-05
-1.12469e-05
-1.25769e-05
-1.40642e-05
-1.57274e-05
-1.75873e-05
-1.96671e-05
-2.19929e-05
-2.45938e-05
-2.75022e-05
-3.07545e-05
-3.43914e-05
-3.84585e-05
-4.30064e-05
-4.80922e-05
-5.37795e-05
)
;
    }
    outlet
    {
        type            calculated;
        value           nonuniform List<scalar> 
36
(
1.96302e-08
6.87993e-08
1.35753e-07
2.25444e-07
3.43968e-07
4.98658e-07
6.9811e-07
9.51991e-07
1.27044e-06
1.66279e-06
2.13557e-06
2.68983e-06
3.31918e-06
4.00992e-06
4.74502e-06
5.51108e-06
6.30496e-06
7.13621e-06
8.02423e-06
8.99234e-06
1.00627e-05
1.12549e-05
1.25865e-05
1.40751e-05
1.57395e-05
1.76012e-05
1.96815e-05
2.20108e-05
2.46091e-05
2.75262e-05
3.0767e-05
3.44257e-05
3.84588e-05
4.306e-05
4.80585e-05
5.3846e-05
)
;
    }
    plate
    {
        type            calculated;
        value           uniform 0;
    }
    farfield
    {
        type            calculated;
        value           nonuniform List<scalar> 
50
(
3.99874e-08
6.65056e-08
1.00789e-07
1.41687e-07
1.92411e-07
2.55754e-07
3.33307e-07
4.24034e-07
5.21777e-07
6.1302e-07
6.78661e-07
7.04226e-07
6.91794e-07
6.57748e-07
6.18338e-07
5.80915e-07
5.46428e-07
5.14562e-07
4.85505e-07
4.59474e-07
4.36333e-07
4.15747e-07
3.97371e-07
3.80911e-07
3.66109e-07
3.52733e-07
3.40579e-07
3.29471e-07
3.19255e-07
3.09799e-07
3.00988e-07
2.92721e-07
2.84908e-07
2.77471e-07
2.70341e-07
2.63455e-07
2.56758e-07
2.50201e-07
2.43742e-07
2.37347e-07
2.30987e-07
2.24642e-07
2.18307e-07
2.11991e-07
2.05728e-07
1.99573e-07
1.93519e-07
1.86985e-07
1.76193e-07
1.41689e-07
)
;
    }
    upstreamSlip
    {
        type            symmetry;
        value           uniform 0;
    }
    frontAndBack
    {
        type            empty;
    }
}


// ************************************************************************* //
