/*--------------------------------*- C++ -*----------------------------------*\
| =========                 |                                                 |
| \\      /  F ield         | OpenFOAM: The Open Source CFD Toolbox           |
|  \\    /   O peration     | Version:  2512                                  |
|   \\  /    A nd           | Website:  www.openfoam.com                      |
|    \\/     M anipulation  |                                                 |
\*---------------------------------------------------------------------------*/
FoamFile
{
    version     2.0;
    format      ascii;
    arch        "LSB;label=32;scalar=64";
    class       volVectorField;
    location    "0.0249697";
    object      U;
}
// * * * * * * * * * * * * * * * * * * * * * * * * * * * * * * * * * * * * * //

dimensions      [0 1 -1 0 0 0 0];

internalField   nonuniform List<vector> 
1800
(
(39.5288 1.58178e-05 0)
(39.5245 3.01264e-05 0)
(39.5164 4.93899e-05 0)
(39.5038 7.30569e-05 0)
(39.4857 0.000105366 0)
(39.4596 0.000155648 0)
(39.4203 0.000240061 0)
(39.3589 0.000532586 0)
(39.1812 0.000815021 0)
(39.1004 0.0811146 0)
(39.5288 4.93893e-05 0)
(39.5245 9.4022e-05 0)
(39.5164 0.000154099 0)
(39.5038 0.000227918 0)
(39.4857 0.0003287 0)
(39.4596 0.000485547 0)
(39.4203 0.000748924 0)
(39.3589 0.0016598 0)
(39.182 0.00253454 0)
(39.1019 0.193367 0)
(39.5288 8.68752e-05 0)
(39.5245 0.000165572 0)
(39.5164 0.000271196 0)
(39.5038 0.00040108 0)
(39.4857 0.000578417 0)
(39.4596 0.00085427 0)
(39.4203 0.00131796 0)
(39.3589 0.00290599 0)
(39.1835 0.00447066 0)
(39.1045 0.275954 0)
(39.5288 0.000128496 0)
(39.5245 0.000245613 0)
(39.5164 0.000401921 0)
(39.5038 0.000594397 0)
(39.4857 0.000857198 0)
(39.4596 0.00126555 0)
(39.4203 0.00195324 0)
(39.3589 0.00426628 0)
(39.1856 0.00669281 0)
(39.108 0.327813 0)
(39.5288 0.000174778 0)
(39.5245 0.000335278 0)
(39.5164 0.000547981 0)
(39.5038 0.000810354 0)
(39.4857 0.00116861 0)
(39.4597 0.00172452 0)
(39.4203 0.0026629 0)
(39.359 0.00574715 0)
(39.1882 0.00925052 0)
(39.1122 0.359114 0)
(39.5288 0.000226258 0)
(39.5245 0.000435756 0)
(39.5164 0.000711203 0)
(39.5038 0.00105163 0)
(39.4857 0.0015165 0)
(39.4597 0.00223672 0)
(39.4204 0.00345566 0)
(39.359 0.00735662 0)
(39.1912 0.0121872 0)
(39.117 0.377336 0)
(39.5288 0.0002835 0)
(39.5245 0.000548347 0)
(39.5164 0.000893584 0)
(39.5038 0.00132115 0)
(39.4857 0.00190509 0)
(39.4597 0.00280817 0)
(39.4204 0.00434096 0)
(39.3591 0.00910348 0)
(39.1946 0.0155468 0)
(39.1225 0.386904 0)
(39.5288 0.000347137 0)
(39.5245 0.000674503 0)
(39.5164 0.00109736 0)
(39.5038 0.00162221 0)
(39.4858 0.00233909 0)
(39.4597 0.00344563 0)
(39.4205 0.00532917 0)
(39.3592 0.0109983 0)
(39.1984 0.0193719 0)
(39.1285 0.390678 0)
(39.5288 0.000417885 0)
(39.5245 0.000815841 0)
(39.5164 0.00132503 0)
(39.5038 0.00195846 0)
(39.4858 0.00282374 0)
(39.4597 0.00415659 0)
(39.4206 0.00643174 0)
(39.3594 0.0130542 0)
(39.2026 0.0237004 0)
(39.1352 0.390686 0)
(39.5288 0.000496549 0)
(39.5245 0.000974161 0)
(39.5164 0.00157938 0)
(39.5039 0.00233398 0)
(39.4858 0.0033649 0)
(39.4598 0.00494944 0)
(39.4207 0.00766116 0)
(39.3596 0.015287 0)
(39.2072 0.0285633 0)
(39.1425 0.388313 0)
(39.5288 0.000584043 0)
(39.5245 0.00115146 0)
(39.5164 0.00186355 0)
(39.5039 0.00275334 0)
(39.4858 0.00396909 0)
(39.4598 0.00583348 0)
(39.4208 0.00903108 0)
(39.3599 0.0177155 0)
(39.2123 0.0339817 0)
(39.1505 0.384427 0)
(39.5288 0.000681396 0)
(39.5245 0.00134994 0)
(39.5164 0.00218099 0)
(39.5039 0.00322159 0)
(39.4858 0.00464353 0)
(39.4599 0.00681901 0)
(39.421 0.0105563 0)
(39.3603 0.020361 0)
(39.2179 0.0399647 0)
(39.1592 0.379524 0)
(39.5288 0.000789765 0)
(39.5245 0.00157205 0)
(39.5164 0.00253557 0)
(39.5039 0.00374438 0)
(39.4859 0.00539625 0)
(39.46 0.00791743 0)
(39.4212 0.012253 0)
(39.3609 0.0232473 0)
(39.224 0.0465074 0)
(39.1686 0.373872 0)
(39.5288 0.000910453 0)
(39.5245 0.00182051 0)
(39.5164 0.0029316 0)
(39.5039 0.00432794 0)
(39.4859 0.00623609 0)
(39.4601 0.00914124 0)
(39.4215 0.0141382 0)
(39.3615 0.0263999 0)
(39.2307 0.0535885 0)
(39.1788 0.36761 0)
(39.5288 0.00104492 0)
(39.5245 0.00209828 0)
(39.5164 0.00337383 0)
(39.504 0.00497918 0)
(39.486 0.00717279 0)
(39.4602 0.0105041 0)
(39.4218 0.0162303 0)
(39.3624 0.0298447 0)
(39.2379 0.0611696 0)
(39.1898 0.360814 0)
(39.5288 0.00119478 0)
(39.5245 0.00240866 0)
(39.5164 0.0038675 0)
(39.504 0.00570568 0)
(39.4861 0.00821701 0)
(39.4604 0.0120207 0)
(39.4223 0.0185484 0)
(39.3635 0.0336073 0)
(39.2457 0.0691934 0)
(39.2016 0.35354 0)
(39.5288 0.00136183 0)
(39.5245 0.00275528 0)
(39.5165 0.0044184 0)
(39.5041 0.00651577 0)
(39.4862 0.00938037 0)
(39.4606 0.013707 0)
(39.4228 0.0211122 0)
(39.3649 0.0377107 0)
(39.2541 0.0775847 0)
(39.2141 0.345842 0)
(39.5288 0.00154808 0)
(39.5245 0.00314209 0)
(39.5165 0.00503284 0)
(39.5041 0.00741852 0)
(39.4864 0.0106754 0)
(39.4609 0.0155797 0)
(39.4235 0.0239416 0)
(39.3667 0.0421738 0)
(39.2632 0.0862498 0)
(39.2274 0.33778 0)
(39.5288 0.0017557 0)
(39.5246 0.00357342 0)
(39.5165 0.0057177 0)
(39.5042 0.00842373 0)
(39.4865 0.0121154 0)
(39.4613 0.0176563 0)
(39.4244 0.0270557 0)
(39.3688 0.047009 0)
(39.2729 0.0950792 0)
(39.2414 0.329423 0)
(39.5288 0.00198708 0)
(39.5246 0.00405397 0)
(39.5166 0.00648039 0)
(39.5044 0.00954189 0)
(39.4868 0.0137146 0)
(39.4618 0.0199544 0)
(39.4254 0.0304721 0)
(39.3713 0.0522198 0)
(39.2832 0.10395 0)
(39.2561 0.320844 0)
(39.5288 0.00224479 0)
(39.5246 0.00458879 0)
(39.5167 0.00732882 0)
(39.5045 0.0107841 0)
(39.4871 0.0154876 0)
(39.4623 0.0224918 0)
(39.4267 0.0342059 0)
(39.3744 0.0577982 0)
(39.2941 0.112728 0)
(39.2713 0.312125 0)
(39.5288 0.00253159 0)
(39.5246 0.00518325 0)
(39.5167 0.0082713 0)
(39.5047 0.0121618 0)
(39.4874 0.0174489 0)
(39.463 0.025285 0)
(39.4282 0.0382676 0)
(39.378 0.0637224 0)
(39.3056 0.121275 0)
(39.287 0.303345 0)
(39.5288 0.00285039 0)
(39.5247 0.00584299 0)
(39.5169 0.0093164 0)
(39.5049 0.0136866 0)
(39.4879 0.0196131 0)
(39.4639 0.0283484 0)
(39.43 0.0426616 0)
(39.3823 0.069955 0)
(39.3177 0.129456 0)
(39.3031 0.294586 0)
(39.5288 0.00320423 0)
(39.5247 0.0065738 0)
(39.517 0.0104727 0)
(39.5052 0.0153699 0)
(39.4884 0.0219933 0)
(39.465 0.0316933 0)
(39.4323 0.0473841 0)
(39.3872 0.0764414 0)
(39.3302 0.13714 0)
(39.3194 0.285919 0)
(39.5288 0.00359616 0)
(39.5248 0.00738144 0)
(39.5172 0.0117485 0)
(39.5056 0.017222 0)
(39.4891 0.0246004 0)
(39.4663 0.035326 0)
(39.4349 0.0524209 0)
(39.3928 0.0831103 0)
(39.3432 0.144212 0)
(39.3359 0.277413 0)
(39.5288 0.00402922 0)
(39.5249 0.00827139 0)
(39.5174 0.0131512 0)
(39.506 0.0192517 0)
(39.49 0.0274421 0)
(39.4679 0.0392457 0)
(39.438 0.0577449 0)
(39.3992 0.0898745 0)
(39.3565 0.150579 0)
(39.3522 0.269126 0)
(39.5289 0.00450623 0)
(39.525 0.00924849 0)
(39.5176 0.0146866 0)
(39.5066 0.0214645 0)
(39.491 0.0305205 0)
(39.4699 0.0434425 0)
(39.4416 0.0633148 0)
(39.4062 0.0966346 0)
(39.3702 0.156176 0)
(39.3684 0.261108 0)
(39.5289 0.00502968 0)
(39.5251 0.0103164 0)
(39.5179 0.0163581 0)
(39.5072 0.0238618 0)
(39.4923 0.0338308 0)
(39.4721 0.0478949 0)
(39.4458 0.0690737 0)
(39.414 0.103284 0)
(39.3839 0.160969 0)
(39.3843 0.253415 0)
(39.5289 0.00560155 0)
(39.5252 0.011477 0)
(39.5183 0.0181649 0)
(39.508 0.0264384 0)
(39.4938 0.037358 0)
(39.4748 0.0525674 0)
(39.4506 0.0749476 0)
(39.4224 0.109704 0)
(39.3977 0.164921 0)
(39.3997 0.245989 0)
(39.529 0.00622317 0)
(39.5254 0.0127295 0)
(39.5188 0.0201008 0)
(39.509 0.0291804 0)
(39.4956 0.0410753 0)
(39.478 0.0574169 0)
(39.456 0.0808953 0)
(39.4314 0.115944 0)
(39.4115 0.168455 0)
(39.4144 0.239718 0)
(39.529 0.00689528 0)
(39.5256 0.0140691 0)
(39.5193 0.0221517 0)
(39.5101 0.0320591 0)
(39.4977 0.0449032 0)
(39.4816 0.0621946 0)
(39.462 0.0862514 0)
(39.441 0.120532 0)
(39.4252 0.168791 0)
(39.4287 0.229458 0)
(39.529 0.00761874 0)
(39.5258 0.0154857 0)
(39.5199 0.0243056 0)
(39.5115 0.0351867 0)
(39.5001 0.0494663 0)
(39.4856 0.068832 0)
(39.4683 0.0955611 0)
(39.4503 0.13253 0)
(39.4376 0.182057 0)
(39.4407 0.241254 0)
(39.5291 0.00839659 0)
(39.526 0.0169121 0)
(39.5207 0.025969 0)
(39.5132 0.0361754 0)
(39.5034 0.0482399 0)
(39.4912 0.0631448 0)
(39.4771 0.0822361 0)
(39.4632 0.106961 0)
(39.4543 0.137586 0)
(39.4584 0.169569 0)
(39.5291 0.00936578 0)
(39.526 0.0199 0)
(39.5207 0.0336211 0)
(39.5133 0.0523943 0)
(39.5034 0.0778478 0)
(39.4912 0.111823 0)
(39.477 0.156471 0)
(39.4627 0.213824 0)
(39.452 0.284482 0)
(39.4504 0.364914 0)
(39.5295 0.00774524 0)
(39.5283 0.0104448 0)
(39.5263 0.00879618 0)
(39.5237 0.00362938 0)
(39.5202 -0.00498066 0)
(39.5159 -0.017394 0)
(39.5114 -0.0343343 0)
(39.5084 -0.0570564 0)
(39.5096 -0.0877938 0)
(39.5188 -0.130495 0)
(39.5267 0.0234556 0)
(39.5191 0.0543307 0)
(39.5098 0.0952733 0)
(39.4984 0.148502 0)
(39.4842 0.217241 0)
(39.4667 0.305447 0)
(39.4458 0.417082 0)
(39.4223 0.554683 0)
(39.3988 0.716753 0)
(39.3794 0.894333 0)
(9.72738 0.0931715 0)
(4.42874 0.00758501 0)
(3.15246 0.00132448 0)
(2.56391 0.000640123 0)
(2.21984 0.000400108 0)
(1.9872 0.000286422 0)
(1.81489 0.00021936 0)
(1.6805 0.000174232 0)
(1.57219 0.0001422 0)
(1.48265 0.000118802 0)
(1.40705 0.000101227 0)
(1.34212 8.76114e-05 0)
(1.28554 7.68242e-05 0)
(1.23568 6.80599e-05 0)
(1.1913 6.08797e-05 0)
(1.15146 5.48365e-05 0)
(1.11544 4.97806e-05 0)
(1.08268 4.53924e-05 0)
(1.0527 4.16757e-05 0)
(1.02515 3.83531e-05 0)
(0.999719 3.55203e-05 0)
(0.976161 3.29047e-05 0)
(0.954267 3.06809e-05 0)
(0.933869 2.85564e-05 0)
(0.914816 2.67682e-05 0)
(0.896991 2.49822e-05 0)
(0.880285 2.34968e-05 0)
(0.864616 2.19626e-05 0)
(0.849903 2.06822e-05 0)
(0.836087 1.93515e-05 0)
(0.82311 1.81906e-05 0)
(0.810927 1.70405e-05 0)
(0.799498 1.59325e-05 0)
(0.788789 1.49441e-05 0)
(0.778777 1.38188e-05 0)
(0.769428 1.3011e-05 0)
(0.760725 1.16333e-05 0)
(0.753069 8.7091e-06 0)
(0.748322 1.24499e-05 0)
(0.725096 4.71099e-05 0)
(21.3051 0.245058 0)
(13.2164 0.0618461 0)
(9.75995 0.0196097 0)
(7.98524 0.00989204 0)
(6.91977 0.0061445 0)
(6.19529 0.00432404 0)
(5.65888 0.00327629 0)
(5.24056 0.00259273 0)
(4.90318 0.00211396 0)
(4.62407 0.00176483 0)
(4.38831 0.00150227 0)
(4.18576 0.00129912 0)
(4.00926 0.00113814 0)
(3.85369 0.00100783 0)
(3.71522 0.000900727 0)
(3.59092 0.000811224 0)
(3.47855 0.000735742 0)
(3.37631 0.000671047 0)
(3.28279 0.000615409 0)
(3.19683 0.00056669 0)
(3.11748 0.000524129 0)
(3.04398 0.000486121 0)
(2.97567 0.000452505 0)
(2.91203 0.00042193 0)
(2.85258 0.000394596 0)
(2.79696 0.000369265 0)
(2.74484 0.000346418 0)
(2.69594 0.000324852 0)
(2.65003 0.000305202 0)
(2.60692 0.000286426 0)
(2.56642 0.000269027 0)
(2.5284 0.000252379 0)
(2.49273 0.000236515 0)
(2.45929 0.000221468 0)
(2.42804 0.000206529 0)
(2.39884 0.000192867 0)
(2.37168 0.000174857 0)
(2.34759 0.000137939 0)
(2.33058 0.000249572 0)
(2.26783 0.000335086 0)
(28.5267 0.369272 0)
(21.1231 0.13324 0)
(16.6064 0.0567021 0)
(13.8526 0.0310109 0)
(12.0812 0.019657 0)
(10.8452 0.0138775 0)
(9.92091 0.0105147 0)
(9.19634 0.00832427 0)
(8.60973 0.00679207 0)
(8.12307 0.00567364 0)
(7.71121 0.00483112 0)
(7.35686 0.00417861 0)
(7.0478 0.00366115 0)
(6.77517 0.00324226 0)
(6.53235 0.00289775 0)
(6.3143 0.00260998 0)
(6.11708 0.00236702 0)
(5.9376 0.00215905 0)
(5.77337 0.00197986 0)
(5.62239 0.00182331 0)
(5.483 0.00168616 0)
(5.35385 0.00156415 0)
(5.23381 0.00145575 0)
(5.12195 0.00135769 0)
(5.01744 0.0012695 0)
(4.91965 0.00118837 0)
(4.82799 0.00111457 0)
(4.74199 0.0010456 0)
(4.66123 0.000982141 0)
(4.58537 0.000922087 0)
(4.5141 0.000866025 0)
(4.44717 0.000812646 0)
(4.38437 0.000761811 0)
(4.32549 0.000713344 0)
(4.27042 0.000665959 0)
(4.21896 0.000621345 0)
(4.1711 0.000565293 0)
(4.12836 0.000462817 0)
(4.09513 0.00077867 0)
(3.99877 0.000890202 0)
(33.007 0.461829 0)
(27.409 0.206535 0)
(23.0044 0.10676 0)
(19.8052 0.0642823 0)
(17.5234 0.0424897 0)
(15.8433 0.0304889 0)
(14.5522 0.0232582 0)
(13.5242 0.0184855 0)
(12.6834 0.0151254 0)
(11.981 0.0126602 0)
(11.3834 0.0107952 0)
(10.8675 0.00934647 0)
(10.4162 0.00819502 0)
(10.0172 0.00726162 0)
(9.6613 0.00649285 0)
(9.34125 0.00585028 0)
(9.05144 0.00530709 0)
(8.78745 0.00484215 0)
(8.5457 0.004441 0)
(8.3233 0.0040908 0)
(8.11785 0.00378347 0)
(7.92739 0.00351047 0)
(7.75028 0.00326742 0)
(7.58515 0.00304804 0)
(7.43083 0.00285013 0)
(7.28636 0.00266871 0)
(7.15089 0.00250303 0)
(7.02374 0.00234887 0)
(6.90428 0.00220638 0)
(6.79202 0.00207213 0)
(6.68652 0.00194637 0)
(6.5874 0.0018269 0)
(6.49434 0.00171316 0)
(6.40705 0.00160448 0)
(6.32535 0.00149896 0)
(6.24897 0.0013981 0)
(6.17791 0.00127548 0)
(6.11402 0.00107656 0)
(6.0603 0.00167896 0)
(5.93659 0.00173628 0)
(35.7522 0.526092 0)
(31.9849 0.270128 0)
(28.3783 0.159512 0)
(25.3273 0.105133 0)
(22.892 0.0734161 0)
(20.9585 0.0542742 0)
(19.4009 0.0420716 0)
(18.1228 0.0337619 0)
(17.0563 0.027804 0)
(16.1524 0.0233783 0)
(15.3755 0.0199995 0)
(14.6995 0.0173572 0)
(14.1047 0.0152466 0)
(13.5765 0.0135295 0)
(13.1035 0.0121109 0)
(12.6769 0.0109226 0)
(12.2896 0.00991599 0)
(11.9361 0.00905329 0)
(11.6118 0.00830768 0)
(11.3131 0.00765641 0)
(11.0367 0.00708402 0)
(10.7802 0.00657563 0)
(10.5414 0.00612226 0)
(10.3186 0.00571336 0)
(10.1101 0.00534379 0)
(9.91485 0.00500551 0)
(9.73157 0.00469584 0)
(9.55942 0.00440833 0)
(9.39756 0.00414189 0)
(9.24535 0.00389139 0)
(9.10218 0.00365631 0)
(8.96757 0.00343319 0)
(8.84108 0.00322081 0)
(8.72235 0.00301766 0)
(8.6111 0.00282112 0)
(8.507 0.00263145 0)
(8.4101 0.00240733 0)
(8.3223 0.00208836 0)
(8.24401 0.00300698 0)
(8.09829 0.00288027 0)
(37.3962 0.567594 0)
(35.0983 0.319602 0)
(32.4876 0.207016 0)
(29.9779 0.147089 0)
(27.7538 0.10865 0)
(25.8362 0.0834449 0)
(24.1937 0.0663111 0)
(22.785 0.0541034 0)
(21.5711 0.0450743 0)
(20.5175 0.0382165 0)
(19.5957 0.032894 0)
(18.7824 0.0286802 0)
(18.0593 0.0252828 0)
(17.4116 0.0224988 0)
(16.8276 0.0201857 0)
(16.298 0.0182393 0)
(15.8149 0.0165839 0)
(15.3723 0.0151611 0)
(14.9648 0.0139279 0)
(14.5884 0.0128487 0)
(14.2392 0.0118981 0)
(13.9145 0.0110529 0)
(13.6116 0.0102977 0)
(13.3284 0.0096163 0)
(13.0631 0.00899933 0)
(12.8142 0.00843471 0)
(12.5802 0.00791688 0)
(12.3601 0.00743647 0)
(12.1529 0.00699042 0)
(11.9579 0.00657143 0)
(11.7742 0.00617765 0)
(11.6012 0.00580404 0)
(11.4385 0.00544834 0)
(11.2855 0.00510786 0)
(11.142 0.00477902 0)
(11.0076 0.00445954 0)
(10.8822 0.00409213 0)
(10.7678 0.00363515 0)
(10.6616 0.00483771 0)
(10.4973 0.00434067 0)
(38.3482 0.591818 0)
(37.0929 0.354875 0)
(35.3842 0.245132 0)
(33.549 0.184647 0)
(31.7677 0.143329 0)
(30.1058 0.114484 0)
(28.5854 0.09372 0)
(27.2103 0.0781872 0)
(25.9742 0.0662407 0)
(24.8651 0.0568831 0)
(23.8688 0.0494421 0)
(22.9711 0.0434374 0)
(22.1594 0.0385229 0)
(21.4224 0.0344474 0)
(20.7503 0.0310281 0)
(20.1349 0.0281282 0)
(19.5693 0.0256455 0)
(19.0475 0.0234999 0)
(18.5645 0.0216314 0)
(18.1159 0.0199902 0)
(17.6981 0.0185392 0)
(17.3081 0.0172458 0)
(16.943 0.0160868 0)
(16.6006 0.0150393 0)
(16.2789 0.0140885 0)
(15.9763 0.0132175 0)
(15.6913 0.012417 0)
(15.4226 0.011674 0)
(15.1691 0.0109829 0)
(14.9299 0.0103335 0)
(14.7042 0.00972233 0)
(14.4913 0.00914225 0)
(14.2907 0.0085896 0)
(14.1017 0.00806019 0)
(13.924 0.00754909 0)
(13.7572 0.00705006 0)
(13.6014 0.006491 0)
(13.4579 0.00587855 0)
(13.3217 0.00727329 0)
(13.1405 0.00615339 0)
(38.8755 0.603565 0)
(38.2954 0.377985 0)
(37.2781 0.272823 0)
(36.0647 0.214638 0)
(34.7913 0.173417 0)
(33.5159 0.143462 0)
(32.272 0.120976 0)
(31.0829 0.103436 0)
(29.9621 0.0894147 0)
(28.9154 0.0780526 0)
(27.943 0.068751 0)
(27.0421 0.0610586 0)
(26.208 0.0546324 0)
(25.4356 0.0492116 0)
(24.7195 0.0445981 0)
(24.0545 0.0406381 0)
(23.4359 0.0372131 0)
(22.8592 0.0342276 0)
(22.3205 0.031608 0)
(21.8163 0.0292924 0)
(21.3435 0.0272336 0)
(20.8993 0.0253899 0)
(20.4813 0.0237303 0)
(20.0874 0.0222253 0)
(19.7157 0.0208542 0)
(19.3646 0.0195952 0)
(19.0326 0.0184345 0)
(18.7186 0.0173555 0)
(18.4214 0.016349 0)
(18.14 0.0154023 0)
(17.8738 0.0145092 0)
(17.622 0.0136606 0)
(17.3839 0.0128511 0)
(17.1591 0.0120747 0)
(16.9471 0.0113245 0)
(16.7476 0.0105892 0)
(16.5606 0.00978554 0)
(16.3871 0.00899455 0)
(16.2205 0.0104398 0)
(16.023 0.00837183 0)
(39.1521 0.606761 0)
(38.9738 0.391792 0)
(38.4265 0.291076 0)
(37.6951 0.236234 0)
(36.874 0.196742 0)
(35.9984 0.16746 0)
(35.0926 0.144945 0)
(34.1786 0.126864 0)
(33.2744 0.111955 0)
(32.393 0.0995001 0)
(31.5428 0.0890099 0)
(30.7285 0.0801066 0)
(29.9526 0.072494 0)
(29.2158 0.0659391 0)
(28.5176 0.0602587 0)
(27.8567 0.0553053 0)
(27.2316 0.0509613 0)
(26.6402 0.0471287 0)
(26.0806 0.0437296 0)
(25.5508 0.040697 0)
(25.049 0.037978 0)
(24.5732 0.0355255 0)
(24.1219 0.0333031 0)
(23.6934 0.0312764 0)
(23.2863 0.0294201 0)
(22.8995 0.0277081 0)
(22.5316 0.0261226 0)
(22.1819 0.0246436 0)
(21.8493 0.023259 0)
(21.533 0.021953 0)
(21.2324 0.0207171 0)
(20.9469 0.0195401 0)
(20.6759 0.0184146 0)
(20.419 0.0173327 0)
(20.1758 0.0162855 0)
(19.946 0.0152554 0)
(19.7298 0.0141539 0)
(19.5275 0.0131522 0)
(19.3328 0.0144701 0)
(19.1201 0.0110605 0)
(39.2884 0.604358 0)
(39.329 0.399178 0)
(39.0697 0.301913 0)
(38.6656 0.250293 0)
(38.1853 0.213008 0)
(37.6448 0.185223 0)
(37.0545 0.163699 0)
(36.4279 0.146162 0)
(35.7781 0.131413 0)
(35.117 0.11882 0)
(34.4537 0.107969 0)
(33.7956 0.0985506 0)
(33.148 0.0903202 0)
(32.515 0.083086 0)
(31.8995 0.0766956 0)
(31.3031 0.0710239 0)
(30.727 0.0659688 0)
(30.1716 0.0614429 0)
(29.6372 0.0573748 0)
(29.1236 0.0537012 0)
(28.6302 0.0503711 0)
(28.1566 0.0473375 0)
(27.7023 0.0445635 0)
(27.2665 0.042013 0)
(26.8486 0.0396592 0)
(26.448 0.0374739 0)
(26.0641 0.0354371 0)
(25.6964 0.0335267 0)
(25.3442 0.0317283 0)
(25.0072 0.0300244 0)
(24.685 0.0284046 0)
(24.3771 0.0268558 0)
(24.0833 0.0253692 0)
(23.8033 0.0239351 0)
(23.5368 0.0225426 0)
(23.2838 0.0211676 0)
(23.0444 0.0197233 0)
(22.8187 0.0184722 0)
(22.6014 0.0194667 0)
(22.377 0.0142767 0)
(39.3509 0.598375 0)
(39.4995 0.402557 0)
(39.4 0.307591 0)
(39.1935 0.258545 0)
(38.9372 0.223236 0)
(38.6363 0.197013 0)
(38.2916 0.176797 0)
(37.9076 0.160305 0)
(37.4914 0.146334 0)
(37.0498 0.134269 0)
(36.5893 0.123731 0)
(36.1156 0.114442 0)
(35.6336 0.106191 0)
(35.1478 0.0988156 0)
(34.6616 0.0921904 0)
(34.1781 0.086213 0)
(33.6998 0.0808003 0)
(33.2284 0.0758805 0)
(32.7654 0.0713943 0)
(32.3121 0.0672882 0)
(31.8692 0.0635184 0)
(31.4374 0.0600434 0)
(31.017 0.0568301 0)
(30.6084 0.0538453 0)
(30.2118 0.0510636 0)
(29.8272 0.048458 0)
(29.4547 0.0460087 0)
(29.0944 0.0436937 0)
(28.7461 0.0414982 0)
(28.41 0.0394041 0)
(28.0859 0.0374004 0)
(27.7739 0.0354734 0)
(27.4739 0.0336133 0)
(27.186 0.0318097 0)
(26.9101 0.0300496 0)
(26.6464 0.0283034 0)
(26.3953 0.0264925 0)
(26.1565 0.0249573 0)
(25.9269 0.0254373 0)
(25.698 0.0180392 0)
(39.3776 0.59006 0)
(39.5731 0.403675 0)
(39.5541 0.310075 0)
(39.454 0.262881 0)
(39.3274 0.229049 0)
(39.1757 0.204042 0)
(38.9948 0.184969 0)
(38.7845 0.169531 0)
(38.5468 0.156492 0)
(38.2846 0.145222 0)
(38.0006 0.13534 0)
(37.698 0.126574 0)
(37.3796 0.118721 0)
(37.0483 0.11163 0)
(36.7068 0.105187 0)
(36.3578 0.0993044 0)
(36.0033 0.0939095 0)
(35.6454 0.0889429 0)
(35.2858 0.0843556 0)
(34.9263 0.0801035 0)
(34.568 0.0761506 0)
(34.2121 0.0724624 0)
(33.8598 0.0690116 0)
(33.5117 0.0657695 0)
(33.1688 0.0627147 0)
(32.8315 0.059823 0)
(32.5006 0.0570772 0)
(32.1764 0.0544569 0)
(31.8595 0.0519487 0)
(31.5502 0.0495355 0)
(31.2489 0.0472071 0)
(30.956 0.0449501 0)
(30.6717 0.0427553 0)
(30.3963 0.040612 0)
(30.1303 0.0385057 0)
(29.8738 0.036403 0)
(29.6275 0.0342386 0)
(29.3913 0.0324051 0)
(29.1642 0.032214 0)
(28.9421 0.022284 0)
(39.3882 0.580104 0)
(39.6001 0.403624 0)
(39.6183 0.310796 0)
(39.5696 0.264888 0)
(39.5093 0.232066 0)
(39.4388 0.207833 0)
(39.3528 0.189536 0)
(39.2493 0.17489 0)
(39.1281 0.162625 0)
(38.9897 0.15209 0)
(38.8345 0.142891 0)
(38.6634 0.134746 0)
(38.4775 0.127448 0)
(38.2779 0.120843 0)
(38.066 0.114817 0)
(37.8431 0.109282 0)
(37.6106 0.104172 0)
(37.3698 0.0994299 0)
(37.1219 0.095011 0)
(36.8683 0.0908762 0)
(36.6101 0.0869941 0)
(36.3484 0.0833346 0)
(36.0842 0.0798745 0)
(35.8185 0.0765891 0)
(35.552 0.0734601 0)
(35.2858 0.0704666 0)
(35.0204 0.0675936 0)
(34.7567 0.0648233 0)
(34.4953 0.0621439 0)
(34.2369 0.0595403 0)
(33.9819 0.0570034 0)
(33.7311 0.0545211 0)
(33.4849 0.0520852 0)
(33.2439 0.0496852 0)
(33.0086 0.0473062 0)
(32.7794 0.0449125 0)
(32.5571 0.0424535 0)
(32.3419 0.0403427 0)
(32.1349 0.0393894 0)
(31.9334 0.0268237 0)
(39.3924 0.568846 0)
(39.6067 0.402989 0)
(39.6412 0.310647 0)
(39.615 0.265662 0)
(39.5847 0.233548 0)
(39.5529 0.209735 0)
(39.5147 0.19186 0)
(39.4679 0.177686 0)
(39.412 0.165921 0)
(39.3465 0.155901 0)
(39.2712 0.147219 0)
(39.1857 0.139585 0)
(39.09 0.132783 0)
(38.9842 0.126652 0)
(38.8687 0.121073 0)
(38.7437 0.115954 0)
(38.6097 0.111226 0)
(38.4672 0.106829 0)
(38.317 0.102719 0)
(38.1595 0.098857 0)
(37.9955 0.0952109 0)
(37.8256 0.0917519 0)
(37.6504 0.0884577 0)
(37.4708 0.0853051 0)
(37.2872 0.0822767 0)
(37.1004 0.0793532 0)
(36.9111 0.0765207 0)
(36.7198 0.0737627 0)
(36.5272 0.0710683 0)
(36.334 0.0684237 0)
(36.1406 0.0658205 0)
(35.9478 0.063248 0)
(35.756 0.0606984 0)
(35.5659 0.0581617 0)
(35.378 0.0556224 0)
(35.1929 0.0530435 0)
(35.0113 0.0503885 0)
(34.8337 0.048058 0)
(34.6626 0.0463373 0)
(34.4942 0.0313466 0)
(39.3943 0.556429 0)
(39.6051 0.402015 0)
(39.6471 0.310112 0)
(39.6301 0.26584 0)
(39.6119 0.234296 0)
(39.5963 0.210698 0)
(39.5791 0.193 0)
(39.5584 0.179046 0)
(39.5339 0.167537 0)
(39.5052 0.157798 0)
(39.472 0.14942 0)
(39.4338 0.142108 0)
(39.3901 0.13564 0)
(39.3407 0.129851 0)
(39.2855 0.124616 0)
(39.2241 0.119839 0)
(39.1567 0.115446 0)
(39.0832 0.111375 0)
(39.0038 0.107577 0)
(38.9185 0.104012 0)
(38.8275 0.100645 0)
(38.7312 0.0974462 0)
(38.6297 0.0943918 0)
(38.5234 0.0914577 0)
(38.4126 0.0886255 0)
(38.2977 0.0858756 0)
(38.179 0.0831932 0)
(38.057 0.0805619 0)
(37.932 0.0779703 0)
(37.8045 0.0754046 0)
(37.6749 0.0728563 0)
(37.5437 0.0703147 0)
(37.4114 0.0677719 0)
(37.2783 0.0652178 0)
(37.145 0.0626356 0)
(37.0121 0.0599877 0)
(36.8799 0.0572475 0)
(36.7493 0.0547741 0)
(36.6234 0.0523629 0)
(36.4951 0.0354929 0)
(39.3956 0.542915 0)
(39.6004 0.400754 0)
(39.6465 0.30942 0)
(39.6336 0.265736 0)
(39.6199 0.234735 0)
(39.6104 0.211265 0)
(39.6012 0.193613 0)
(39.5909 0.179731 0)
(39.5794 0.168318 0)
(39.5666 0.158695 0)
(39.5524 0.150452 0)
(39.5363 0.143295 0)
(39.518 0.137001 0)
(39.4973 0.131401 0)
(39.4737 0.126369 0)
(39.4472 0.121806 0)
(39.4176 0.117634 0)
(39.3845 0.113789 0)
(39.3481 0.110221 0)
(39.308 0.106885 0)
(39.2644 0.103747 0)
(39.2171 0.100773 0)
(39.1663 0.0979368 0)
(39.1119 0.0952137 0)
(39.054 0.0925834 0)
(38.9927 0.0900247 0)
(38.9282 0.0875213 0)
(38.8607 0.0850558 0)
(38.7902 0.0826152 0)
(38.7171 0.0801851 0)
(38.6415 0.0777556 0)
(38.5637 0.0753154 0)
(38.484 0.0728556 0)
(38.4026 0.070365 0)
(38.3199 0.0678254 0)
(38.2362 0.0651984 0)
(38.1519 0.0624621 0)
(38.0677 0.0599147 0)
(37.9867 0.0569416 0)
(37.8982 0.0389874 0)
(39.397 0.528337 0)
(39.5945 0.399159 0)
(39.6436 0.308668 0)
(39.6331 0.265481 0)
(39.6212 0.235051 0)
(39.6138 0.2117 0)
(39.6074 0.194037 0)
(39.6007 0.180155 0)
(39.5939 0.168757 0)
(39.5871 0.159159 0)
(39.5801 0.150953 0)
(39.5728 0.143846 0)
(39.565 0.137615 0)
(39.5565 0.132092 0)
(39.547 0.127149 0)
(39.5365 0.122687 0)
(39.5248 0.118626 0)
(39.5116 0.114902 0)
(39.4969 0.111463 0)
(39.4805 0.108262 0)
(39.4624 0.105264 0)
(39.4424 0.102435 0)
(39.4205 0.0997469 0)
(39.3966 0.0971728 0)
(39.3707 0.0946914 0)
(39.3428 0.0922803 0)
(39.3128 0.0899218 0)
(39.2808 0.0875973 0)
(39.2467 0.0852924 0)
(39.2108 0.0829915 0)
(39.173 0.0806834 0)
(39.1334 0.0783558 0)
(39.0921 0.0759983 0)
(39.0494 0.0735985 0)
(39.0052 0.0711365 0)
(38.9598 0.068573 0)
(38.9135 0.0658865 0)
(38.8667 0.0633043 0)
(38.8223 0.0599071 0)
(38.7664 0.0417428 0)
(39.3986 0.51274 0)
(39.588 0.397131 0)
(39.6397 0.30789 0)
(39.6312 0.265121 0)
(39.6202 0.235311 0)
(39.6137 0.212104 0)
(39.6083 0.194416 0)
(39.6029 0.180505 0)
(39.5975 0.169087 0)
(39.5926 0.159474 0)
(39.588 0.151258 0)
(39.5837 0.144149 0)
(39.5796 0.137925 0)
(39.5755 0.132416 0)
(39.5713 0.127497 0)
(39.567 0.123065 0)
(39.5623 0.119043 0)
(39.5573 0.115366 0)
(39.5518 0.11198 0)
(39.5457 0.108839 0)
(39.539 0.105906 0)
(39.5316 0.103148 0)
(39.5235 0.100535 0)
(39.5144 0.0980404 0)
(39.5045 0.0956418 0)
(39.4937 0.0933163 0)
(39.4818 0.0910453 0)
(39.469 0.0888093 0)
(39.4551 0.0865933 0)
(39.4402 0.0843809 0)
(39.4243 0.0821598 0)
(39.4073 0.0799168 0)
(39.3892 0.0776407 0)
(39.3702 0.0753177 0)
(39.3503 0.0729266 0)
(39.3295 0.0704277 0)
(39.3079 0.0677967 0)
(39.2861 0.065188 0)
(39.2661 0.0614825 0)
(39.2327 0.0438821 0)
(39.4006 0.496191 0)
(39.5813 0.394552 0)
(39.6352 0.30709 0)
(39.6288 0.264672 0)
(39.6185 0.235527 0)
(39.6125 0.212512 0)
(39.6076 0.194801 0)
(39.6026 0.180851 0)
(39.5978 0.169402 0)
(39.5935 0.159758 0)
(39.5897 0.151514 0)
(39.5863 0.144381 0)
(39.5832 0.138138 0)
(39.5805 0.132617 0)
(39.578 0.12769 0)
(39.5756 0.123257 0)
(39.5733 0.119238 0)
(39.5711 0.115567 0)
(39.5688 0.112193 0)
(39.5665 0.109068 0)
(39.5641 0.106156 0)
(39.5615 0.103421 0)
(39.5587 0.100835 0)
(39.5556 0.0983707 0)
(39.5523 0.0960055 0)
(39.5487 0.0937163 0)
(39.5447 0.0914838 0)
(39.5404 0.0892887 0)
(39.5357 0.087115 0)
(39.5306 0.0849464 0)
(39.525 0.0827698 0)
(39.519 0.0805716 0)
(39.5125 0.0783399 0)
(39.5055 0.0760602 0)
(39.4981 0.0737101 0)
(39.4903 0.0712501 0)
(39.482 0.068651 0)
(39.4737 0.0659976 0)
(39.467 0.0620567 0)
(39.4465 0.0455644 0)
(39.403 0.478786 0)
(39.5743 0.39129 0)
(39.6302 0.306255 0)
(39.626 0.264139 0)
(39.6165 0.235693 0)
(39.611 0.212929 0)
(39.6064 0.195206 0)
(39.6017 0.181216 0)
(39.5972 0.169731 0)
(39.5931 0.160051 0)
(39.5895 0.151772 0)
(39.5864 0.144606 0)
(39.5837 0.138335 0)
(39.5813 0.132791 0)
(39.5793 0.127844 0)
(39.5775 0.123395 0)
(39.5759 0.119364 0)
(39.5744 0.115685 0)
(39.5731 0.112305 0)
(39.5719 0.109177 0)
(39.5708 0.106264 0)
(39.5697 0.10353 0)
(39.5687 0.100948 0)
(39.5676 0.0984906 0)
(39.5665 0.0961338 0)
(39.5654 0.0938554 0)
(39.5643 0.0916361 0)
(39.5631 0.0894566 0)
(39.5618 0.0873011 0)
(39.5603 0.0851533 0)
(39.5588 0.083 0)
(39.5571 0.080828 0)
(39.5553 0.0786249 0)
(39.5533 0.0763761 0)
(39.5512 0.0740591 0)
(39.5489 0.0716346 0)
(39.5464 0.069068 0)
(39.5441 0.0663797 0)
(39.5432 0.0622873 0)
(39.529 0.0472496 0)
(39.4059 0.460654 0)
(39.5671 0.387218 0)
(39.6247 0.305354 0)
(39.6229 0.263528 0)
(39.6142 0.235797 0)
(39.6091 0.213347 0)
(39.605 0.195635 0)
(39.6006 0.181605 0)
(39.5962 0.170083 0)
(39.5922 0.160365 0)
(39.5888 0.152046 0)
(39.5858 0.144844 0)
(39.5833 0.138541 0)
(39.581 0.132969 0)
(39.5791 0.127998 0)
(39.5775 0.123528 0)
(39.5761 0.119479 0)
(39.5748 0.115785 0)
(39.5738 0.112391 0)
(39.5729 0.109251 0)
(39.5721 0.106327 0)
(39.5714 0.103585 0)
(39.5708 0.100993 0)
(39.5703 0.0985261 0)
(39.5699 0.0961594 0)
(39.5695 0.0938703 0)
(39.5692 0.0916387 0)
(39.5689 0.0894454 0)
(39.5686 0.0872738 0)
(39.5684 0.0851074 0)
(39.5681 0.0829326 0)
(39.5678 0.0807357 0)
(39.5676 0.078504 0)
(39.5673 0.0762224 0)
(39.5669 0.0738679 0)
(39.5665 0.0714012 0)
(39.5661 0.0687816 0)
(39.5659 0.0659704 0)
(39.5667 0.061684 0)
(39.5555 0.0481259 0)
(39.4093 0.441954 0)
(39.56 0.382219 0)
(39.6187 0.304339 0)
(39.6194 0.262843 0)
(39.6116 0.235826 0)
(39.6071 0.213758 0)
(39.6033 0.196085 0)
(39.5992 0.182019 0)
(39.595 0.17046 0)
(39.5912 0.160703 0)
(39.5879 0.152343 0)
(39.585 0.145102 0)
(39.5826 0.138764 0)
(39.5804 0.133161 0)
(39.5786 0.128164 0)
(39.577 0.123671 0)
(39.5756 0.119603 0)
(39.5745 0.115894 0)
(39.5735 0.112488 0)
(39.5727 0.109341 0)
(39.572 0.106413 0)
(39.5714 0.103671 0)
(39.5709 0.101086 0)
(39.5706 0.0986314 0)
(39.5703 0.0962841 0)
(39.5701 0.0940224 0)
(39.57 0.0918273 0)
(39.5699 0.0896803 0)
(39.5699 0.0875658 0)
(39.5699 0.0854681 0)
(39.57 0.0833743 0)
(39.5701 0.0812713 0)
(39.5702 0.0791468 0)
(39.5704 0.076986 0)
(39.5705 0.0747665 0)
(39.5707 0.0724497 0)
(39.5708 0.0699889 0)
(39.5712 0.0672951 0)
(39.5722 0.0631264 0)
(39.5624 0.051354 0)
(39.4133 0.422876 0)
(39.5529 0.376198 0)
(39.6123 0.303142 0)
(39.6155 0.262088 0)
(39.6088 0.235766 0)
(39.6047 0.214147 0)
(39.6014 0.196551 0)
(39.5976 0.182455 0)
(39.5937 0.170861 0)
(39.59 0.161064 0)
(39.5869 0.152661 0)
(39.5841 0.145378 0)
(39.5817 0.139001 0)
(39.5796 0.133362 0)
(39.5779 0.128332 0)
(39.5763 0.123809 0)
(39.575 0.11971 0)
(39.5739 0.115967 0)
(39.573 0.112525 0)
(39.5722 0.109336 0)
(39.5715 0.106357 0)
(39.571 0.103553 0)
(39.5706 0.100892 0)
(39.5702 0.0983445 0)
(39.57 0.0958862 0)
(39.5698 0.093493 0)
(39.5697 0.091144 0)
(39.5697 0.0888196 0)
(39.5698 0.0865027 0)
(39.5699 0.0841773 0)
(39.57 0.0818298 0)
(39.5702 0.0794468 0)
(39.5704 0.0770159 0)
(39.5707 0.074522 0)
(39.5709 0.0719425 0)
(39.5712 0.0692388 0)
(39.5714 0.0663571 0)
(39.5719 0.0631645 0)
(39.5726 0.0584908 0)
(39.5637 0.0476956 0)
(39.4178 0.403636 0)
(39.5459 0.369098 0)
(39.6053 0.301676 0)
(39.6112 0.261263 0)
(39.6057 0.235605 0)
(39.6021 0.214498 0)
(39.5992 0.197025 0)
(39.5957 0.182913 0)
(39.5921 0.171286 0)
(39.5887 0.161452 0)
(39.5856 0.15301 0)
(39.583 0.145688 0)
(39.5807 0.139279 0)
(39.5787 0.133617 0)
(39.577 0.128575 0)
(39.5755 0.124054 0)
(39.5743 0.119974 0)
(39.5732 0.116273 0)
(39.5723 0.112899 0)
(39.5715 0.109808 0)
(39.5709 0.106964 0)
(39.5704 0.104335 0)
(39.57 0.101895 0)
(39.5696 0.0996173 0)
(39.5694 0.0974798 0)
(39.5693 0.0954609 0)
(39.5692 0.0935405 0)
(39.5692 0.0916995 0)
(39.5692 0.0899205 0)
(39.5693 0.0881869 0)
(39.5695 0.0864839 0)
(39.5697 0.0847972 0)
(39.5699 0.0831129 0)
(39.5701 0.0814152 0)
(39.5704 0.079681 0)
(39.5707 0.0778722 0)
(39.5709 0.07593 0)
(39.5713 0.0736929 0)
(39.5716 0.0701134 0)
(39.5637 0.0619006 0)
(39.423 0.384465 0)
(39.5393 0.360907 0)
(39.5979 0.299844 0)
(39.6065 0.260357 0)
(39.6022 0.235334 0)
(39.5991 0.214789 0)
(39.5967 0.197492 0)
(39.5936 0.183377 0)
(39.5902 0.171714 0)
(39.587 0.161833 0)
(39.5842 0.153331 0)
(39.5817 0.145939 0)
(39.5795 0.139446 0)
(39.5776 0.133683 0)
(39.576 0.128513 0)
(39.5746 0.123826 0)
(39.5734 0.119532 0)
(39.5724 0.115554 0)
(39.5715 0.111829 0)
(39.5708 0.108303 0)
(39.5702 0.104932 0)
(39.5697 0.101676 0)
(39.5693 0.0985057 0)
(39.569 0.0953931 0)
(39.5688 0.0923164 0)
(39.5687 0.0892564 0)
(39.5687 0.086197 0)
(39.5687 0.083124 0)
(39.5688 0.0800255 0)
(39.5689 0.0768907 0)
(39.5691 0.0737103 0)
(39.5693 0.070475 0)
(39.5695 0.0671755 0)
(39.5698 0.0637993 0)
(39.57 0.0603258 0)
(39.5703 0.056718 0)
(39.5705 0.0529103 0)
(39.5708 0.0487137 0)
(39.5709 0.0431862 0)
(39.5631 0.034097 0)
(39.4286 0.365601 0)
(39.5331 0.351669 0)
(39.5902 0.29754 0)
(39.6012 0.259357 0)
(39.5983 0.234953 0)
(39.5958 0.21502 0)
(39.5938 0.197974 0)
(39.5912 0.183905 0)
(39.5881 0.172253 0)
(39.5852 0.162393 0)
(39.5825 0.153934 0)
(39.5801 0.146628 0)
(39.5781 0.140291 0)
(39.5763 0.134776 0)
(39.5747 0.129974 0)
(39.5734 0.125799 0)
(39.5722 0.122183 0)
(39.5712 0.119068 0)
(39.5704 0.116404 0)
(39.5697 0.114143 0)
(39.5691 0.112241 0)
(39.5686 0.110655 0)
(39.5682 0.109347 0)
(39.5679 0.108275 0)
(39.5677 0.107403 0)
(39.5675 0.106697 0)
(39.5674 0.106123 0)
(39.5674 0.105652 0)
(39.5674 0.105258 0)
(39.5675 0.104915 0)
(39.5677 0.104605 0)
(39.5678 0.104307 0)
(39.5681 0.104006 0)
(39.5683 0.103685 0)
(39.5685 0.10332 0)
(39.5687 0.102875 0)
(39.5689 0.102288 0)
(39.569 0.101377 0)
(39.5687 0.0994051 0)
(39.5631 0.0949977 0)
(39.4347 0.347281 0)
(39.5274 0.341483 0)
(39.5822 0.294649 0)
(39.5954 0.258194 0)
(39.594 0.234387 0)
(39.5921 0.215039 0)
(39.5906 0.198228 0)
(39.5884 0.18411 0)
(39.5857 0.172276 0)
(39.583 0.162123 0)
(39.5805 0.153223 0)
(39.5784 0.145284 0)
(39.5765 0.138073 0)
(39.5748 0.131397 0)
(39.5734 0.125104 0)
(39.5722 0.119078 0)
(39.5712 0.113236 0)
(39.5703 0.107519 0)
(39.5696 0.101889 0)
(39.569 0.096323 0)
(39.5686 0.0908068 0)
(39.5682 0.0853345 0)
(39.5679 0.0799038 0)
(39.5677 0.0745141 0)
(39.5676 0.0691648 0)
(39.5675 0.0638553 0)
(39.5675 0.0585832 0)
(39.5676 0.0533449 0)
(39.5677 0.0481357 0)
(39.5678 0.0429496 0)
(39.568 0.0377796 0)
(39.5682 0.0326173 0)
(39.5685 0.0274529 0)
(39.5687 0.0222726 0)
(39.569 0.0170546 0)
(39.5692 0.0117602 0)
(39.5694 0.00631418 0)
(39.5695 0.000514233 0)
(39.569 -0.00628186 0)
(39.5613 -0.0145872 0)
(39.4412 0.329757 0)
(39.5223 0.330583 0)
(39.574 0.291222 0)
(39.5891 0.257068 0)
(39.5892 0.234066 0)
(39.5879 0.215568 0)
(39.5869 0.199452 0)
(39.5851 0.185948 0)
(39.5827 0.174902 0)
(39.5803 0.165889 0)
(39.578 0.158603 0)
(39.5759 0.152856 0)
(39.5741 0.148489 0)
(39.5725 0.145353 0)
(39.571 0.143296 0)
(39.5697 0.142172 0)
(39.5686 0.141842 0)
(39.5677 0.142174 0)
(39.5668 0.143044 0)
(39.5661 0.144346 0)
(39.5655 0.145981 0)
(39.565 0.147866 0)
(39.5646 0.149929 0)
(39.5643 0.152109 0)
(39.5641 0.154356 0)
(39.5639 0.156626 0)
(39.5639 0.158884 0)
(39.5638 0.161102 0)
(39.5639 0.163257 0)
(39.564 0.165331 0)
(39.5641 0.16731 0)
(39.5643 0.169183 0)
(39.5645 0.170941 0)
(39.5647 0.172577 0)
(39.5649 0.174076 0)
(39.565 0.175413 0)
(39.5651 0.176535 0)
(39.565 0.177295 0)
(39.5642 0.17726 0)
(39.5626 0.175827 0)
(39.4479 0.312999 0)
(39.5179 0.318735 0)
(39.5658 0.286379 0)
(39.5822 0.254487 0)
(39.5839 0.231618 0)
(39.5834 0.212785 0)
(39.5829 0.195604 0)
(39.5817 0.180032 0)
(39.5799 0.165851 0)
(39.5779 0.152548 0)
(39.5761 0.139732 0)
(39.5746 0.1272 0)
(39.5732 0.114859 0)
(39.5721 0.10268 0)
(39.5711 0.090674 0)
(39.5703 0.0788726 0)
(39.5696 0.0673145 0)
(39.569 0.0560364 0)
(39.5685 0.0450683 0)
(39.5681 0.0344315 0)
(39.5678 0.0241389 0)
(39.5675 0.0141949 0)
(39.5674 0.0045971 0)
(39.5672 -0.00466297 0)
(39.5671 -0.0135986 0)
(39.5671 -0.0222265 0)
(39.5671 -0.0305663 0)
(39.5671 -0.0386393 0)
(39.5672 -0.0464679 0)
(39.5674 -0.0540745 0)
(39.5675 -0.0614814 0)
(39.5677 -0.0687104 0)
(39.5679 -0.0757833 0)
(39.5681 -0.082723 0)
(39.5684 -0.0895577 0)
(39.5685 -0.0963283 0)
(39.5686 -0.103107 0)
(39.5684 -0.110053 0)
(39.5675 -0.117452 0)
(39.5577 -0.124557 0)
(39.4548 0.298772 0)
(39.514 0.308976 0)
(39.5574 0.284678 0)
(39.5746 0.257656 0)
(39.5776 0.238415 0)
(39.5775 0.224268 0)
(39.5772 0.213333 0)
(39.5761 0.205782 0)
(39.5742 0.201651 0)
(39.572 0.200471 0)
(39.5698 0.201666 0)
(39.5678 0.204725 0)
(39.566 0.209197 0)
(39.5643 0.214693 0)
(39.5629 0.220887 0)
(39.5617 0.227519 0)
(39.5606 0.234384 0)
(39.5597 0.241327 0)
(39.559 0.248229 0)
(39.5584 0.255003 0)
(39.5579 0.261585 0)
(39.5576 0.267932 0)
(39.5573 0.274011 0)
(39.5571 0.279804 0)
(39.557 0.285296 0)
(39.557 0.290483 0)
(39.557 0.295362 0)
(39.5571 0.299933 0)
(39.5572 0.3042 0)
(39.5574 0.308168 0)
(39.5576 0.311842 0)
(39.5579 0.315229 0)
(39.5581 0.318335 0)
(39.5584 0.321164 0)
(39.5586 0.323715 0)
(39.5588 0.325976 0)
(39.5589 0.327911 0)
(39.5586 0.329418 0)
(39.5579 0.330224 0)
(39.5627 0.32954 0)
(39.462 0.27852 0)
(39.5115 0.2878 0)
(39.5502 0.264868 0)
(39.5679 0.234103 0)
(39.5728 0.205873 0)
(39.5744 0.178774 0)
(39.5756 0.151035 0)
(39.5762 0.122955 0)
(39.5761 0.0952022 0)
(39.5755 0.0681281 0)
(39.5749 0.0419398 0)
(39.5743 0.0168172 0)
(39.5737 -0.00710343 0)
(39.5731 -0.0297468 0)
(39.5724 -0.0510902 0)
(39.5719 -0.0711479 0)
(39.5713 -0.0899596 0)
(39.5708 -0.107582 0)
(39.5703 -0.124081 0)
(39.5699 -0.139531 0)
(39.5695 -0.154004 0)
(39.5691 -0.167575 0)
(39.5688 -0.180316 0)
(39.5685 -0.192295 0)
(39.5683 -0.203577 0)
(39.5681 -0.214224 0)
(39.568 -0.224292 0)
(39.5679 -0.233834 0)
(39.5678 -0.242898 0)
(39.5678 -0.251527 0)
(39.5678 -0.25976 0)
(39.5678 -0.267631 0)
(39.5678 -0.275171 0)
(39.5679 -0.282407 0)
(39.5679 -0.289366 0)
(39.5679 -0.296077 0)
(39.5677 -0.30258 0)
(39.5673 -0.308924 0)
(39.5657 -0.315 0)
(39.5507 -0.31919 0)
(39.4669 0.292207 0)
(39.5063 0.314733 0)
(39.5386 0.31363 0)
(39.5541 0.308531 0)
(39.558 0.309974 0)
(39.5579 0.317554 0)
(39.5571 0.328723 0)
(39.5558 0.342243 0)
(39.5539 0.357408 0)
(39.552 0.373466 0)
(39.5502 0.389738 0)
(39.5487 0.405754 0)
(39.5474 0.421219 0)
(39.5464 0.435955 0)
(39.5457 0.449862 0)
(39.5451 0.462895 0)
(39.5447 0.475046 0)
(39.5444 0.486332 0)
(39.5443 0.496783 0)
(39.5442 0.506438 0)
(39.5443 0.515338 0)
(39.5444 0.523526 0)
(39.5446 0.531043 0)
(39.5449 0.537927 0)
(39.5452 0.544213 0)
(39.5455 0.549934 0)
(39.5459 0.555116 0)
(39.5463 0.559786 0)
(39.5468 0.563964 0)
(39.5472 0.56767 0)
(39.5477 0.570921 0)
(39.5482 0.573729 0)
(39.5487 0.576105 0)
(39.5492 0.578059 0)
(39.5497 0.579595 0)
(39.5501 0.580709 0)
(39.5503 0.581381 0)
(39.5503 0.581533 0)
(39.5504 0.580866 0)
(39.5647 0.577986 0)
(39.4807 0.188098 0)
(39.5144 0.176749 0)
(39.5449 0.136285 0)
(39.5637 0.0814427 0)
(39.5729 0.0241383 0)
(39.5778 -0.0316328 0)
(39.5812 -0.0850745 0)
(39.5833 -0.135404 0)
(39.5841 -0.181889 0)
(39.5842 -0.224282 0)
(39.5837 -0.262709 0)
(39.5829 -0.297443 0)
(39.5819 -0.328795 0)
(39.5808 -0.357091 0)
(39.5797 -0.382645 0)
(39.5785 -0.405755 0)
(39.5774 -0.426693 0)
(39.5763 -0.445701 0)
(39.5752 -0.462994 0)
(39.5742 -0.478762 0)
(39.5733 -0.493169 0)
(39.5724 -0.506362 0)
(39.5716 -0.518468 0)
(39.5709 -0.529595 0)
(39.5702 -0.539841 0)
(39.5696 -0.549289 0)
(39.569 -0.558011 0)
(39.5685 -0.566068 0)
(39.568 -0.573514 0)
(39.5676 -0.580394 0)
(39.5672 -0.586744 0)
(39.5669 -0.592594 0)
(39.5665 -0.597969 0)
(39.5662 -0.602885 0)
(39.5658 -0.607354 0)
(39.5654 -0.611379 0)
(39.5648 -0.614939 0)
(39.5638 -0.617929 0)
(39.5609 -0.619858 0)
(39.5374 -0.618772 0)
(39.461 0.44472 0)
(39.4794 0.512174 0)
(39.4961 0.565307 0)
(39.5051 0.610663 0)
(39.5081 0.653224 0)
(39.5089 0.693157 0)
(39.5097 0.729216 0)
(39.5106 0.761101 0)
(39.5114 0.789215 0)
(39.5123 0.813995 0)
(39.5133 0.835779 0)
(39.5143 0.85489 0)
(39.5155 0.871649 0)
(39.5167 0.886356 0)
(39.5179 0.899271 0)
(39.5191 0.910619 0)
(39.5203 0.920593 0)
(39.5216 0.929354 0)
(39.5228 0.937039 0)
(39.5239 0.943763 0)
(39.5251 0.949618 0)
(39.5262 0.954684 0)
(39.5273 0.959022 0)
(39.5284 0.962684 0)
(39.5295 0.96571 0)
(39.5306 0.968129 0)
(39.5316 0.969964 0)
(39.5327 0.971233 0)
(39.5337 0.971946 0)
(39.5348 0.972108 0)
(39.5358 0.971725 0)
(39.5368 0.970796 0)
(39.5379 0.969324 0)
(39.5389 0.96731 0)
(39.5399 0.964758 0)
(39.5408 0.96168 0)
(39.5416 0.95808 0)
(39.5425 0.95391 0)
(39.5447 0.948791 0)
(39.5712 0.940882 0)
(39.5376 -0.190771 0)
(39.5625 -0.271391 0)
(39.5857 -0.365993 0)
(39.6011 -0.46171 0)
(39.6086 -0.548585 0)
(39.6112 -0.623654 0)
(39.6113 -0.687961 0)
(39.6101 -0.74306 0)
(39.6078 -0.790104 0)
(39.6049 -0.830135 0)
(39.6018 -0.864222 0)
(39.5985 -0.89335 0)
(39.5953 -0.918349 0)
(39.5922 -0.939893 0)
(39.5893 -0.958534 0)
(39.5865 -0.974723 0)
(39.5839 -0.988832 0)
(39.5815 -1.00116 0)
(39.5792 -1.01196 0)
(39.5771 -1.02142 0)
(39.5752 -1.0297 0)
(39.5734 -1.03695 0)
(39.5716 -1.04327 0)
(39.5701 -1.04874 0)
(39.5686 -1.05343 0)
(39.5671 -1.0574 0)
(39.5658 -1.0607 0)
(39.5645 -1.06334 0)
(39.5633 -1.06536 0)
(39.5622 -1.06677 0)
(39.561 -1.06758 0)
(39.5599 -1.0678 0)
(39.5589 -1.06742 0)
(39.5578 -1.06646 0)
(39.5567 -1.06489 0)
(39.5555 -1.06271 0)
(39.5541 -1.05987 0)
(39.552 -1.05616 0)
(39.547 -1.05083 0)
(39.5121 -1.0422 0)
(39.3685 1.06952 0)
(39.3678 1.22133 0)
(39.3749 1.33757 0)
(39.3855 1.42008 0)
(39.3966 1.47815 0)
(39.4069 1.51998 0)
(39.4165 1.5502 0)
(39.4253 1.57152 0)
(39.4332 1.58618 0)
(39.4404 1.59604 0)
(39.4467 1.60249 0)
(39.4524 1.60644 0)
(39.4576 1.60855 0)
(39.4622 1.60928 0)
(39.4664 1.60896 0)
(39.4702 1.60783 0)
(39.4737 1.60607 0)
(39.4769 1.60378 0)
(39.4798 1.60105 0)
(39.4826 1.59792 0)
(39.4852 1.59441 0)
(39.4877 1.59055 0)
(39.49 1.58633 0)
(39.4923 1.58173 0)
(39.4945 1.57674 0)
(39.4966 1.57132 0)
(39.4987 1.56545 0)
(39.5008 1.55909 0)
(39.5029 1.5522 0)
(39.5049 1.54476 0)
(39.507 1.53671 0)
(39.5091 1.52804 0)
(39.5112 1.51873 0)
(39.5133 1.50877 0)
(39.5153 1.49818 0)
(39.5174 1.48702 0)
(39.5195 1.47544 0)
(39.5223 1.46359 0)
(39.5284 1.45137 0)
(39.5681 1.43716 0)
)
;

boundaryField
{
    inlet
    {
        type            fixedValue;
        value           uniform (39.53 0 0);
    }
    outlet
    {
        type            zeroGradient;
    }
    plate
    {
        type            noSlip;
    }
    farfield
    {
        type            fixedValue;
        value           uniform (39.53 0 0);
    }
    upstreamSlip
    {
        type            symmetry;
    }
    frontAndBack
    {
        type            empty;
    }
}


// ************************************************************************* //
