/*--------------------------------*- C++ -*----------------------------------*\
| =========                 |                                                 |
| \\      /  F ield         | OpenFOAM: The Open Source CFD Toolbox           |
|  \\    /   O peration     | Version:  2512                                  |
|   \\  /    A nd           | Website:  www.openfoam.com                      |
|    \\/     M anipulation  |                                                 |
\*---------------------------------------------------------------------------*/
FoamFile
{
    version     2.0;
    format      ascii;
    arch        "LSB;label=32;scalar=64";
    class       volScalarField;
    location    "0.0999872";
    object      k;
}
// * * * * * * * * * * * * * * * * * * * * * * * * * * * * * * * * * * * * * //

dimensions      [0 2 -2 0 0 0 0];

internalField   nonuniform List<scalar> 
8800
(
0.63900648
0.54955653
0.49838155
0.46385744
0.44307969
0.42670424
0.41729156
0.40866075
0.40428098
0.39939005
0.3974538
0.39425718
0.3945985
0.39955797
0.63900505
0.54956029
0.4983763
0.46386532
0.44306906
0.42671884
0.41727207
0.40868735
0.4042447
0.39943691
0.3974222
0.39434151
0.39443578
0.39755843
0.63900198
0.54956837
0.49836506
0.4638821
0.44304663
0.42674932
0.41723206
0.40874076
0.40417343
0.39953434
0.39727976
0.39473248
0.39329052
0.39413861
0.63899705
0.54958129
0.49834725
0.46390845
0.44301194
0.42679553
0.4171732
0.40881601
0.40407905
0.3996545
0.39712053
0.39495683
0.39321193
0.39255186
0.63899008
0.54959948
0.49832249
0.46394455
0.44296553
0.42685554
0.4171002
0.40890329
0.40398089
0.39975831
0.39702934
0.39498323
0.39336418
0.39228746
0.63898091
0.54962322
0.49829076
0.4639899
0.44290913
0.42692552
0.41702038
0.40899033
0.40389723
0.39982489
0.39700372
0.39494844
0.39342889
0.39231152
0.63896945
0.54965261
0.49825243
0.46404324
0.44284565
0.42700006
0.41694232
0.40906584
0.40383822
0.39985647
0.39700753
0.39492526
0.39343403
0.39232886
0.6389557
0.54968745
0.49820835
0.46410255
0.44277904
0.42707293
0.41687414
0.40912249
0.40380461
0.39986686
0.39701293
0.39492592
0.39341948
0.39233713
0.63893976
0.54972727
0.49815989
0.46416511
0.44271378
0.42713818
0.41682168
0.40915798
0.40379126
0.39986789
0.39701365
0.39493441
0.39340925
0.39233833
0.63892186
0.54977126
0.49810883
0.46422781
0.44265422
0.42719129
0.41678741
0.40917445
0.40379162
0.39986433
0.39701567
0.39493619
0.39341028
0.39233148
0.63890236
0.54981825
0.49805729
0.4642875
0.44260382
0.42723013
0.41677012
0.40917702
0.40379985
0.39985721
0.39702323
0.39492943
0.39341859
0.39232003
0.63888178
0.54986681
0.4980075
0.46434145
0.44256446
0.42725535
0.41676545
0.40917227
0.40381078
0.39984867
0.39703375
0.39492051
0.39342717
0.39230934
0.63886077
0.54991528
0.49796156
0.46438779
0.44253616
0.4272701
0.41676732
0.40916676
0.40381948
0.39984291
0.39704129
0.39491593
0.3934315
0.39230294
0.6388401
0.54996192
0.49792121
0.46442569
0.44251723
0.42727889
0.41676974
0.40916551
0.40382233
0.39984343
0.39704231
0.39491775
0.39343055
0.39230119
0.63882063
0.550005
0.49788764
0.46445536
0.44250495
0.42728601
0.4167687
0.40917062
0.40381857
0.39985037
0.39703759
0.39492419
0.3934262
0.39230239
0.63880325
0.55004296
0.49786144
0.46447768
0.44249667
0.42729408
0.41676335
0.40918074
0.40381055
0.39986065
0.39703063
0.39493186
0.39342107
0.39230419
0.63878886
0.55007447
0.49784267
0.46449375
0.44249069
0.42730321
0.41675581
0.40919204
0.40380248
0.39987001
0.39702508
0.39493787
0.39341732
0.39230495
0.63877826
0.55009855
0.49783105
0.46450435
0.44248676
0.42731143
0.41674973
0.40920032
0.40379797
0.39987544
0.39702297
0.39494073
0.39341583
0.39230393
0.63877214
0.55011456
0.4978261
0.46450975
0.44248573
0.42731604
0.41674816
0.40920307
0.40379851
0.39987611
0.39702446
0.39494047
0.39341642
0.39230121
0.638771
0.55012224
0.49782721
0.46450993
0.4424886
0.42731532
0.41675197
0.40920033
0.40380322
0.39987314
0.39702831
0.39493807
0.39341815
0.39229745
0.63877507
0.55012183
0.49783363
0.46450502
0.44249556
0.42730948
0.41675972
0.4091941
0.40380984
0.39986849
0.39703276
0.39493483
0.39341992
0.39229335
0.63878423
0.55011407
0.49784426
0.46449578
0.44250544
0.4273005
0.41676862
0.40918705
0.40381595
0.39986403
0.39703628
0.39493184
0.39342085
0.39228953
0.63879794
0.55010036
0.49785756
0.46448381
0.44251608
0.42729108
0.41677609
0.40918117
0.40382009
0.39986074
0.39703815
0.39492953
0.39342063
0.39228613
0.63881515
0.55008272
0.49787162
0.46447129
0.44252517
0.42728337
0.4167807
0.4091773
0.40382187
0.39985875
0.39703842
0.39492785
0.39341937
0.39228313
0.6388343
0.55006374
0.49788432
0.46446042
0.44253104
0.42727846
0.41678221
0.40917543
0.4038216
0.39985781
0.39703748
0.39492663
0.39341733
0.39228036
0.63885343
0.55004628
0.49789376
0.46445303
0.44253296
0.42727665
0.41678097
0.40917534
0.40381976
0.39985774
0.39703563
0.39492578
0.39341476
0.39227786
0.63887032
0.55003309
0.49789858
0.46445022
0.44253097
0.42727787
0.41677749
0.40917687
0.40381671
0.39985852
0.39703311
0.3949254
0.39341184
0.39227572
0.6388828
0.55002633
0.49789825
0.46445231
0.44252575
0.42728181
0.41677243
0.40917984
0.40381292
0.39986018
0.39703025
0.39492556
0.39340886
0.39227408
0.63888911
0.55002708
0.49789326
0.46445873
0.44251852
0.42728778
0.41676675
0.40918385
0.40380908
0.39986244
0.39702755
0.39492619
0.39340617
0.39227295
0.63888822
0.5500352
0.49788486
0.46446819
0.44251084
0.42729474
0.41676163
0.40918825
0.40380601
0.39986497
0.39702557
0.39492714
0.39340417
0.39227232
0.63887996
0.55004943
0.49787475
0.4644791
0.44250427
0.42730155
0.41675816
0.40919236
0.4038044
0.39986743
0.39702474
0.39492828
0.39340316
0.39227215
0.63886501
0.55006796
0.49786435
0.46449017
0.44249965
0.42730759
0.41675675
0.4091959
0.40380443
0.39986973
0.39702519
0.39492956
0.39340322
0.39227242
0.63884457
0.55008916
0.49785415
0.46450105
0.44249671
0.42731304
0.41675692
0.40919914
0.40380572
0.39987201
0.39702658
0.39493108
0.39340409
0.39227316
0.63882012
0.55011211
0.49784365
0.46451236
0.44249416
0.42731881
0.41675751
0.40920274
0.40380741
0.39987465
0.39702841
0.39493295
0.39340546
0.3922744
0.63879324
0.5501365
0.49783182
0.46452516
0.44249037
0.42732597
0.41675718
0.40920739
0.40380854
0.39987801
0.39702992
0.39493539
0.39340675
0.3922761
0.63876579
0.55016179
0.49781814
0.46453989
0.44248441
0.42733494
0.41675515
0.40921326
0.40380849
0.39988216
0.39703068
0.3949383
0.39340764
0.39227813
0.63874023
0.55018626
0.49780359
0.46455542
0.44247682
0.4273448
0.41675168
0.40921975
0.40380735
0.39988658
0.39703067
0.39494126
0.393408
0.39228013
0.63871966
0.55020653
0.49779085
0.4645689
0.44246963
0.42735349
0.41674803
0.40922542
0.40380582
0.39989032
0.39703019
0.39494363
0.39340791
0.39228163
0.63870716
0.5502186
0.49778324
0.46457692
0.4424653
0.42735857
0.41674583
0.40922863
0.40380484
0.3998923
0.39702972
0.39494471
0.39340756
0.39228214
0.63870445
0.55022006
0.49778274
0.46457751
0.4424653
0.42735866
0.41674595
0.40922853
0.40380488
0.39989205
0.3970295
0.3949442
0.39340705
0.39228145
0.63871056
0.55021209
0.49778851
0.46457159
0.44246906
0.42735447
0.41674801
0.40922563
0.40380574
0.39988989
0.39702946
0.39494235
0.39340639
0.39227976
0.63872153
0.55019969
0.49779689
0.464563
0.44247406
0.42734864
0.41675057
0.40922166
0.40380668
0.39988699
0.39702929
0.39493994
0.39340553
0.39227765
0.63873167
0.55018987
0.49780287
0.46455704
0.44247692
0.42734481
0.41675166
0.40921903
0.40380676
0.39988494
0.39702869
0.39493812
0.39340451
0.39227597
0.63873635
0.55018757
0.49780329
0.4645569
0.44247599
0.42734497
0.41675059
0.40921903
0.40380582
0.39988468
0.39702779
0.39493761
0.39340363
0.39227532
0.6387343
0.55019285
0.49779864
0.46456192
0.44247209
0.42734851
0.41674814
0.40922129
0.40380444
0.39988602
0.39702698
0.39493836
0.39340318
0.39227576
0.63872782
0.55020171
0.49779185
0.46456889
0.44246745
0.42735333
0.41674568
0.40922453
0.4038034
0.39988823
0.39702673
0.39493992
0.39340338
0.39227701
0.63872116
0.55020834
0.49778721
0.46457319
0.4424651
0.42735631
0.4167449
0.40922677
0.40380351
0.39988998
0.39702728
0.39494139
0.3934042
0.39227836
0.63871747
0.55020954
0.4977867
0.46457286
0.44246589
0.42735628
0.41674608
0.40922718
0.40380474
0.39989065
0.39702846
0.39494224
0.39340537
0.39227936
0.6387173
0.55020604
0.49778946
0.46456908
0.44246876
0.42735407
0.41674836
0.40922624
0.40380648
0.39989049
0.39702982
0.39494253
0.39340655
0.39227995
0.63871918
0.55020077
0.49779331
0.46456436
0.442472
0.4273513
0.41675065
0.40922491
0.40380807
0.39989
0.39703098
0.39494254
0.39340751
0.39228029
0.63872136
0.55019628
0.49779647
0.46456066
0.44247447
0.42734919
0.41675233
0.40922393
0.40380923
0.39988967
0.39703185
0.39494261
0.39340826
0.39228061
0.63872286
0.55019357
0.49779837
0.46455854
0.44247596
0.42734806
0.4167534
0.40922351
0.40381003
0.39988965
0.39703252
0.39494286
0.3934089
0.39228105
0.63872362
0.55019233
0.49779927
0.46455766
0.44247672
0.4273477
0.41675404
0.40922354
0.40381063
0.39988993
0.39703312
0.39494332
0.39340955
0.39228163
0.63872389
0.55019193
0.49779966
0.46455742
0.44247712
0.42734776
0.4167545
0.40922385
0.40381115
0.39989039
0.39703373
0.39494392
0.39341025
0.39228234
0.63872396
0.55019186
0.49779983
0.46455745
0.44247741
0.427348
0.41675493
0.40922428
0.4038117
0.39989096
0.39703439
0.39494462
0.39341102
0.39228314
0.63872396
0.55019189
0.49779995
0.46455757
0.44247768
0.42734832
0.41675537
0.40922478
0.4038123
0.39989162
0.39703512
0.3949454
0.39341186
0.39228402
0.63872395
0.55019194
0.49780005
0.46455772
0.44247796
0.42734869
0.41675585
0.40922534
0.40381295
0.39989234
0.39703592
0.39494627
0.39341278
0.39228499
0.63872394
0.55019198
0.49780014
0.46455791
0.44247826
0.4273491
0.41675638
0.40922596
0.40381367
0.39989314
0.3970368
0.39494721
0.39341378
0.39228603
0.63872393
0.55019203
0.49780024
0.46455811
0.44247859
0.42734954
0.41675695
0.40922664
0.40381445
0.39989401
0.39703775
0.39494823
0.39341485
0.39228715
0.63872393
0.55019207
0.49780035
0.46455833
0.44247895
0.42735003
0.41675758
0.40922738
0.4038153
0.39989495
0.39703878
0.39494933
0.39341601
0.39228835
0.63872394
0.5501921
0.49780049
0.46455859
0.44247934
0.42735057
0.41675825
0.40922819
0.40381621
0.39989597
0.39703989
0.39495051
0.39341724
0.39228962
0.63872395
0.55019213
0.49780064
0.46455887
0.44247976
0.42735117
0.41675898
0.40922906
0.4038172
0.39989707
0.39704108
0.39495177
0.39341856
0.39229098
0.63872397
0.55019216
0.4978008
0.46455917
0.44248022
0.42735181
0.41675978
0.40923001
0.40381827
0.39989825
0.39704234
0.39495311
0.39341995
0.39229241
0.63872399
0.5501922
0.49780096
0.46455951
0.44248072
0.42735251
0.41676064
0.40923103
0.40381942
0.39989952
0.3970437
0.39495453
0.39342143
0.39229393
0.63872401
0.55019224
0.49780114
0.46455987
0.44248128
0.42735327
0.41676158
0.40923213
0.40382065
0.39990086
0.39704513
0.39495603
0.39342299
0.39229553
0.63872402
0.55019229
0.49780134
0.46456028
0.44248189
0.42735409
0.41676258
0.4092333
0.40382196
0.39990229
0.39704665
0.39495762
0.39342463
0.39229721
0.63872403
0.55019235
0.49780157
0.46456071
0.44248255
0.42735498
0.41676366
0.40923456
0.40382336
0.39990381
0.39704825
0.3949593
0.39342636
0.39229898
0.63872404
0.55019243
0.49780182
0.46456119
0.44248327
0.42735594
0.41676482
0.4092359
0.40382484
0.39990541
0.39704995
0.39496106
0.39342817
0.39230082
0.63872405
0.55019251
0.49780209
0.46456172
0.44248405
0.42735696
0.41676607
0.40923732
0.40382641
0.3999071
0.39705172
0.3949629
0.39343006
0.39230276
0.63872405
0.55019261
0.4978024
0.46456228
0.44248489
0.42735806
0.41676739
0.40923883
0.40382807
0.39990888
0.39705359
0.39496484
0.39343204
0.39230478
0.63872404
0.55019273
0.49780273
0.4645629
0.44248581
0.42735924
0.4167688
0.40924043
0.40382982
0.39991074
0.39705555
0.39496686
0.39343411
0.39230688
0.63872404
0.55019286
0.4978031
0.46456356
0.44248678
0.42736049
0.4167703
0.40924212
0.40383167
0.3999127
0.39705759
0.39496897
0.39343627
0.39230908
0.63872404
0.550193
0.49780349
0.46456428
0.44248783
0.42736183
0.41677189
0.4092439
0.40383361
0.39991476
0.39705973
0.39497118
0.39343853
0.39231136
0.63872405
0.55019315
0.49780393
0.46456505
0.44248895
0.42736325
0.41677356
0.40924577
0.40383564
0.3999169
0.39706197
0.39497347
0.39344087
0.39231374
0.63872405
0.55019331
0.49780439
0.46456589
0.44249015
0.42736476
0.41677533
0.40924775
0.40383777
0.39991915
0.3970643
0.39497587
0.39344331
0.39231622
0.63872406
0.55019348
0.49780489
0.46456678
0.44249142
0.42736636
0.4167772
0.40924983
0.40384001
0.39992151
0.39706674
0.39497837
0.39344586
0.3923188
0.63872407
0.55019366
0.49780543
0.46456773
0.44249277
0.42736806
0.41677917
0.40925201
0.40384235
0.39992397
0.39706929
0.39498099
0.39344852
0.39232149
0.63872407
0.55019386
0.49780601
0.46456875
0.44249421
0.42736985
0.41678125
0.40925431
0.40384481
0.39992655
0.39707196
0.39498372
0.3934513
0.39232431
0.63872409
0.55019408
0.49780663
0.46456983
0.44249573
0.42737174
0.41678344
0.40925673
0.4038474
0.39992926
0.39707476
0.39498659
0.39345422
0.39232726
0.6387241
0.5501943
0.49780727
0.46457095
0.44249729
0.42737367
0.41678566
0.40925916
0.40385
0.39993198
0.39707757
0.39498945
0.39345713
0.3923302
6.5111965
27.378559
38.742813
37.303014
33.067276
29.873781
29.693559
30.20452
31.028769
31.230991
31.106192
30.757813
30.296212
29.807464
29.300331
28.782853
28.279323
27.792786
27.322166
26.870115
26.437885
26.023909
25.634213
25.264028
24.908752
24.567376
24.239369
23.925693
23.627002
23.338898
23.060923
22.791583
22.5331
22.283301
22.041756
21.806849
21.57917
21.358868
21.144261
20.935385
20.732128
20.534438
20.341053
20.152158
19.967958
19.787928
19.611472
19.438883
19.269989
19.104296
18.941804
18.782408
18.625824
18.472167
18.320989
18.172388
18.026395
17.882464
17.740907
17.60156
17.464186
17.328867
17.195449
17.063945
16.934149
16.806281
16.679959
16.55534
16.432318
16.310792
16.190775
16.072222
15.955073
15.83931
15.724891
15.611792
15.49991
15.389334
15.279966
15.17167
15.064709
14.958804
14.853826
14.750259
14.647669
14.545836
14.445266
14.34623
14.24756
14.150004
14.05427
13.961769
13.869624
13.779557
13.710196
13.608702
0.60092512
1.9185011
5.4193621
10.135994
16.780976
23.996701
30.918544
34.781958
36.285487
36.151203
35.735465
35.204916
34.70731
34.191027
33.669908
33.155327
32.684006
32.221881
31.767344
31.332176
30.917229
30.518248
30.147661
29.786447
29.430922
29.086105
28.753376
28.435297
28.131239
27.831826
27.540784
27.25681
26.985358
26.720299
26.462389
26.209565
25.964493
25.726842
25.493447
25.265791
25.043825
24.827409
24.614449
24.406259
24.203088
24.003848
23.807954
23.616313
23.428431
23.243626
23.062218
22.884025
22.708688
22.536519
22.366786
22.19988
22.03578
21.873663
21.714263
21.557179
21.402145
21.249382
21.098639
20.949991
20.803141
20.658486
20.51539
20.37423
20.234792
20.096971
19.960837
19.826286
19.693289
19.561824
19.431819
19.303308
19.176101
19.050356
18.925981
18.802727
18.681009
18.56048
18.440905
18.322959
18.206134
18.090092
17.975393
17.862573
17.750095
17.638773
17.529241
17.42387
17.318101
17.215658
17.132772
17.0165
0.40695377
0.48601438
0.76918145
1.2568452
2.1753975
3.4036201
6.0109627
9.0707918
13.12915
16.901043
20.513982
22.941187
24.27283
25.039043
25.470328
25.695861
25.835572
25.882576
25.870672
25.827081
25.752513
25.655761
25.55812
25.437291
25.298289
25.150362
24.996531
24.842682
24.688606
24.523997
24.357118
24.187118
24.022344
23.854582
23.686884
23.517186
23.350186
23.185437
23.019342
22.854983
22.692529
22.532069
22.371198
22.212418
22.056183
21.901177
21.747021
21.595271
21.445316
21.296474
21.14944
21.004085
20.860103
20.718067
20.577087
20.437896
20.300497
20.163895
20.029259
19.896044
19.764003
19.633534
19.504349
19.376614
19.250001
19.125088
19.001052
18.878496
18.757141
18.636908
18.517944
18.400121
18.283448
18.167929
18.053488
17.940214
17.827879
17.716707
17.606615
17.497301
17.389302
17.282212
17.175768
17.070777
16.966654
16.863048
16.760547
16.659806
16.559102
16.459351
16.360922
16.266793
16.17101
16.07976
16.00222
15.897208
0.3933722
0.40025069
0.42371221
0.47368761
0.59098466
0.69926071
0.95044198
1.4070967
2.3945083
4.0905064
6.6174193
10.073584
13.562119
16.155808
17.962314
19.299292
20.2967
20.957592
21.438111
21.796362
22.064992
22.261166
22.419215
22.524098
22.588621
22.622722
22.630927
22.623747
22.601463
22.554627
22.496153
22.424577
22.350514
22.264282
22.172067
22.071201
21.968248
21.862387
21.75009
21.636068
21.520305
21.403193
21.282186
21.160925
21.039882
20.917601
20.79397
20.671096
20.548236
20.424758
20.301693
20.178941
20.056265
19.934481
19.812531
19.691492
19.571373
19.451015
19.332009
19.213656
19.095738
18.978813
18.862554
18.747222
18.632442
18.518985
18.405824
18.293794
18.182543
18.072016
17.962432
17.853641
17.745688
17.638598
17.532289
17.426904
17.322172
17.218388
17.115471
17.013058
16.911824
16.811289
16.71115
16.61238
16.514289
16.416499
16.319657
16.224558
16.12921
16.034684
15.94114
15.85224
15.760482
15.674403
15.59816
15.497379
0.39159728
0.39196538
0.39438896
0.40104162
0.41779788
0.43281878
0.45543312
0.48922291
0.5688649
0.75917751
1.1943995
2.1256673
4.0932463
6.6260179
9.5655115
12.042973
14.015636
15.557298
16.793234
17.730391
18.464633
19.049406
19.529875
19.889357
20.176433
20.404016
20.583672
20.727127
20.839217
20.916072
20.969869
20.999139
21.016582
21.012442
20.996667
20.964808
20.925673
20.877831
20.818491
20.754035
20.68369
20.608435
20.525796
20.44056
20.352974
20.261567
20.166619
20.070703
19.972926
19.872787
19.771627
19.669366
19.565878
19.462189
19.357098
19.252039
19.146996
19.040681
18.935106
18.829396
18.723391
18.617801
18.512259
18.407123
18.301978
18.197782
18.09331
17.98963
17.886312
17.783333
17.680981
17.579082
17.477723
17.376944
17.276664
17.177078
17.077869
16.979406
16.881612
16.784059
16.687564
16.591573
16.495736
16.401205
16.307177
16.213238
16.120111
16.028739
15.936829
15.845626
15.755105
15.669633
15.580109
15.497357
15.421295
15.322557
0.39135285
0.39035211
0.39022481
0.39078058
0.39275401
0.39536558
0.3987026
0.4016468
0.40730217
0.42052807
0.45384625
0.54324291
0.798198
1.3851461
2.6953732
4.6049933
7.021085
9.2898498
11.221152
12.836463
14.189406
15.31271
16.231329
16.962542
17.562443
18.047645
18.449247
18.783121
19.055212
19.271725
19.449841
19.589759
19.707089
19.793047
19.860107
19.904465
19.934488
19.949168
19.94721
19.936477
19.914672
19.884119
19.8425
19.795726
19.743581
19.684772
19.620098
19.552493
19.480955
19.405172
19.326774
19.245728
19.162053
19.076953
18.98912
18.900377
18.810628
18.718522
18.626484
18.533443
18.439336
18.345012
18.250074
18.154977
18.059276
17.964113
17.868067
17.772455
17.676754
17.580986
17.485506
17.390118
17.294956
17.200075
17.105393
17.011165
16.917022
16.823415
16.730268
16.637086
16.544838
16.45289
16.360842
16.270037
16.179554
16.088939
15.998997
15.910829
15.821819
15.7334
15.645371
15.562823
15.475011
15.395024
15.318923
15.221524
0.39133942
0.39013195
0.38910013
0.38836883
0.38789196
0.38786784
0.38781269
0.38763682
0.38712081
0.38748835
0.38925433
0.39564508
0.41513826
0.47040566
0.62898459
1.011114
1.8611489
3.3640506
5.2619426
7.2998305
9.1511836
10.748778
12.182277
13.399176
14.424004
15.261888
15.969699
16.559753
17.04871
17.453804
17.792676
18.072444
18.313266
18.504324
18.665481
18.794592
18.901187
18.985607
19.048291
19.096164
19.128425
19.147313
19.151102
19.146807
19.133535
19.110454
19.078957
19.042237
18.999294
18.949999
18.896266
18.838181
18.775924
18.710828
18.641547
18.570318
18.496907
18.419974
18.342358
18.262762
18.181262
18.098845
18.015085
17.930537
17.844742
17.759021
17.67176
17.584539
17.496734
17.408422
17.320027
17.231328
17.142515
17.053657
16.964673
16.875882
16.78686
16.698148
16.609668
16.520857
16.432844
16.344911
16.25661
16.169478
16.082476
15.995106
15.908261
15.823208
15.736992
15.651242
15.565591
15.485864
15.399642
15.322255
15.24616
15.149873
0.3913156
0.39013781
0.38885829
0.38773536
0.38655902
0.38570819
0.38469503
0.3839194
0.38256372
0.3815391
0.38013314
0.37947338
0.38029911
0.38463998
0.39826156
0.43588895
0.53799308
0.79788549
1.3643561
2.487262
4.043923
5.8593433
7.5924812
9.156354
10.578163
11.829459
12.929697
13.857365
14.641556
15.3056
15.861711
16.328851
16.730676
17.060724
17.343509
17.57833
17.779073
17.945295
18.081277
18.195048
18.287203
18.361647
18.416818
18.459579
18.489128
18.506199
18.511588
18.509047
18.497807
18.477767
18.451185
18.418399
18.379702
18.336514
18.287556
18.235495
18.179884
18.119492
18.057566
17.992555
17.924722
17.855188
17.783503
17.710324
17.635198
17.559614
17.481773
17.403541
17.324169
17.243813
17.162965
17.081373
16.999298
16.916817
16.833854
16.750798
16.667169
16.583597
16.500012
16.415775
16.332181
16.248433
16.164026
16.080703
15.997304
15.913282
15.829627
15.747777
15.664422
15.581399
15.498178
15.42133
15.336739
15.261947
15.186004
15.090798
0.39129406
0.39013351
0.3888206
0.38757378
0.38619532
0.38497846
0.38363888
0.382476
0.38105773
0.37965741
0.37811229
0.37638033
0.37499866
0.37386557
0.37441338
0.37763254
0.38767849
0.41469426
0.48397726
0.66196484
1.0571784
1.9078535
3.1887157
4.765366
6.3929952
7.9023153
9.2769267
10.55043
11.677828
12.667853
13.508371
14.229659
14.848523
15.366563
15.812169
16.185268
16.507233
16.778576
17.007461
17.202677
17.36752
17.505998
17.618997
17.714441
17.791929
17.854089
17.90089
17.936472
17.960025
17.972928
17.976441
17.971793
17.959216
17.940207
17.913711
17.88281
17.84676
17.804568
17.759872
17.71084
17.657967
17.602515
17.544015
17.483217
17.419714
17.355139
17.287522
17.219039
17.148795
17.077042
17.004342
16.930413
16.855595
16.779973
16.703478
16.626575
16.548722
16.470651
16.392295
16.312941
16.234056
16.15476
16.074494
15.995212
15.915629
15.835154
15.754869
15.676397
15.596059
15.515905
15.435248
15.361418
15.278578
15.206455
15.130851
15.036802
0.39128589
0.39010745
0.3888176
0.38751337
0.3861199
0.38472877
0.38330134
0.38186057
0.38043396
0.37883343
0.37734605
0.37547346
0.37385955
0.37186853
0.3704147
0.36915104
0.36950776
0.37187781
0.37937594
0.39910725
0.44835966
0.57554036
0.86740486
1.4898821
2.5648818
3.9459078
5.4688498
6.9104617
8.2471818
9.5012864
10.638024
11.65793
12.544487
13.306508
13.969158
14.528046
15.012819
15.423591
15.774344
16.074358
16.330979
16.550714
16.735148
16.894572
17.028479
17.141577
17.234626
17.31274
17.375513
17.425139
17.462411
17.48884
17.505268
17.513218
17.511687
17.504252
17.489798
17.467732
17.442052
17.410614
17.374198
17.334222
17.290195
17.242953
17.192183
17.13963
17.083173
17.025326
16.96502
16.902628
16.838788
16.773174
16.706228
16.638035
16.568538
16.498288
16.426674
16.354538
16.281819
16.207725
16.133902
16.059393
15.983577
15.908625
15.833134
15.756457
15.679778
15.604911
15.527799
15.450707
15.372797
15.302166
15.221248
15.151912
15.076862
14.984108
0.39128562
0.39007486
0.38881535
0.38746934
0.38610775
0.38463502
0.38320595
0.38162376
0.38016611
0.37846005
0.37695079
0.37507862
0.37344083
0.37138066
0.36963249
0.36752777
0.36606006
0.36460778
0.36474701
0.36637589
0.37197104
0.38689438
0.42385163
0.51609623
0.73674707
1.1953252
2.1233837
3.3426594
4.7468833
6.1255256
7.4235394
8.637051
9.776229
10.80008
11.718958
12.509299
13.205088
13.799105
14.312505
14.751804
15.129266
15.454816
15.730695
15.970667
16.17501
16.351071
16.499919
16.628307
16.735441
16.826022
16.900844
16.962216
17.010989
17.04897
17.075348
17.093642
17.103319
17.103584
17.098955
17.086958
17.068698
17.045789
17.017697
16.985342
16.948572
16.909186
16.864951
16.818748
16.769299
16.717127
16.66295
16.606391
16.548013
16.487899
16.426002
16.362973
16.298126
16.232419
16.165802
16.097398
16.029047
15.959706
15.888695
15.818409
15.747326
15.674744
15.601943
15.53095
15.45731
15.383506
15.308558
15.241342
15.162554
15.096151
15.021883
14.93061
0.39128495
0.39004729
0.3888077
0.38743525
0.38609521
0.38459288
0.38316865
0.38154393
0.38004964
0.37830979
0.37674229
0.37488299
0.37320835
0.37119553
0.36938754
0.36721479
0.36534107
0.3631867
0.36156019
0.3600614
0.35975754
0.36085026
0.36507237
0.37654948
0.40492128
0.47339972
0.64617683
1.0150204
1.7820884
2.8847353
4.1856303
5.504855
6.7615859
7.9347061
9.0607772
10.081238
11.014479
11.826089
12.543641
13.162124
13.697917
14.162563
14.558837
14.903861
15.198977
15.455128
15.673642
15.86413
16.025852
16.16557
16.284456
16.385219
16.470026
16.541432
16.599015
16.645965
16.682435
16.707752
16.726155
16.735701
16.737608
16.733575
16.723071
16.707096
16.685759
16.660824
16.630007
16.596579
16.559015
16.518024
16.474412
16.427735
16.378704
16.327393
16.273767
16.218594
16.1611
16.102374
16.042377
15.980146
15.917718
15.853973
15.788166
15.722921
15.656599
15.588444
15.519829
15.453007
15.383115
15.312858
15.241115
15.177553
15.10113
15.037831
14.964589
14.875022
0.39127939
0.39002887
0.38879217
0.38741262
0.38607259
0.38457144
0.38313599
0.38151853
0.37998849
0.37825847
0.376633
0.37479495
0.3730644
0.37110412
0.36924457
0.36714592
0.3651387
0.36294114
0.36084454
0.35873679
0.3568231
0.35530728
0.35449279
0.35517102
0.35832744
0.36721582
0.38979674
0.44461896
0.58288687
0.88986889
1.5285646
2.5473685
3.7549904
5.0254578
6.2331182
7.3733247
8.4707174
9.4832923
10.41869
11.241885
11.97012
12.60913
13.160597
13.642259
14.055735
14.416103
14.724437
14.994072
15.224668
15.425303
15.598129
15.746915
15.874682
15.984796
16.077319
16.156141
16.222461
16.275652
16.319646
16.353132
16.377528
16.394174
16.403113
16.405271
16.400991
16.391935
16.375878
16.356493
16.331965
16.303225
16.271184
16.235306
16.196487
16.154785
16.110172
16.063558
16.014068
15.962932
15.910129
15.854601
15.798599
15.74092
15.680756
15.620963
15.559794
15.496431
15.43234
15.370018
15.304182
15.237754
15.169484
15.109838
15.036044
14.976038
14.904081
14.816478
0.39126882
0.39001829
0.38877107
0.38739891
0.38604409
0.38455905
0.3831017
0.38150827
0.37994492
0.37824257
0.37656976
0.37476203
0.37297472
0.37106002
0.36914251
0.3671153
0.36504308
0.36290515
0.36067172
0.35846617
0.35614338
0.35402266
0.35185357
0.35022606
0.34898685
0.34934087
0.35170232
0.35885732
0.37748591
0.42312056
0.53696625
0.80121133
1.3496869
2.2979923
3.436057
4.6457833
5.8120956
6.9212829
7.9875353
8.9887841
9.9117224
10.744173
11.478568
12.128412
12.691822
13.186032
13.610547
13.982323
14.301573
14.579981
14.820752
15.029556
15.210101
15.367307
15.501846
15.61841
15.718629
15.802837
15.875248
15.935416
15.984707
16.02433
16.054805
16.077136
16.091442
16.099994
16.100213
16.096292
16.086081
16.070785
16.051439
16.027378
15.999733
15.968532
15.933755
15.896477
15.855707
15.812834
15.767856
15.719615
15.670589
15.619493
15.565455
15.511566
15.455977
15.397808
15.338611
15.281148
15.219703
15.157416
15.09291
15.037463
14.966591
14.910085
14.839685
14.754339
0.39125565
0.39001206
0.38874832
0.3873893
0.38601509
0.38454953
0.38306886
0.38150024
0.37990882
0.37823464
0.37652712
0.374749
0.37291958
0.37103774
0.36907631
0.36708942
0.36498135
0.36288505
0.36061678
0.358413
0.35599215
0.35372105
0.35121295
0.34900493
0.34661287
0.34485354
0.3432669
0.34335921
0.34513501
0.35101915
0.36680302
0.40612073
0.5037374
0.73790666
1.2341203
2.1068045
3.1949874
4.3534737
5.4821622
6.5614793
7.5936074
8.5803614
9.490108
10.322263
11.058204
11.713946
12.283449
12.784903
13.217741
13.596075
13.923592
14.208863
14.455959
14.671938
14.858316
15.020835
15.161992
15.283015
15.388566
15.478538
15.555377
15.620562
15.674923
15.719532
15.754479
15.782417
15.800742
15.813686
15.819224
15.818761
15.813366
15.802253
15.786849
15.767142
15.743108
15.71603
15.684771
15.650902
15.614444
15.574133
15.532688
15.488741
15.441359
15.393866
15.344325
15.291789
15.237889
15.185676
15.128988
15.071181
15.010755
14.959814
14.892187
14.839404
14.770853
14.688089
0.39124295
0.39000676
0.38872713
0.38738008
0.38598937
0.38453915
0.38304092
0.38149003
0.37987966
0.37822467
0.37649659
0.37473727
0.37288583
0.37102051
0.36903822
0.36706471
0.36494352
0.36285768
0.36058823
0.35838487
0.35596073
0.35364387
0.35107727
0.34868062
0.34603218
0.34366236
0.34113843
0.33913108
0.33744503
0.3370647
0.33844141
0.3434298
0.35723173
0.39232441
0.48041889
0.69357289
1.1530977
1.9706845
3.0223155
4.1348712
5.2338423
6.2787579
7.2787835
8.2465235
9.1410606
9.9679759
10.700962
11.356687
11.929222
12.433164
12.870828
13.253567
13.585317
13.875663
14.127246
14.347059
14.538815
14.704731
14.850256
14.975867
15.08503
15.179154
15.260015
15.329249
15.387138
15.436445
15.474799
15.506367
15.529277
15.545236
15.554955
15.558167
15.556199
15.549087
15.536803
15.52088
15.500007
15.475961
15.44879
15.417115
15.383916
15.347738
15.307593
15.267039
15.224056
15.177633
15.129469
15.082932
15.031401
14.978442
14.922441
14.876333
14.812305
14.763488
14.697098
14.617274
0.39123259
0.39000011
0.38870977
0.38736904
0.38596854
0.38452617
0.38301895
0.38147619
0.37985782
0.37821017
0.37647547
0.37472126
0.37286541
0.37100096
0.36901802
0.36703936
0.36492395
0.36282654
0.36057319
0.35835102
0.35595456
0.35360155
0.35106257
0.34857883
0.34591672
0.3433209
0.34060744
0.33798101
0.33542596
0.33310947
0.33134086
0.33050819
0.33159625
0.33598571
0.348561
0.3809842
0.46304496
0.6628669
1.1017297
1.8806509
2.9091562
3.9807658
5.0483533
6.0603018
7.0302848
7.9772189
8.8558576
9.6722337
10.39954
11.050918
11.62261
12.126508
12.564973
12.949447
13.28347
13.575438
13.830587
14.052362
14.247156
14.416379
14.564503
14.693252
14.805321
14.902812
14.986218
15.059078
15.119639
15.171772
15.213863
15.247905
15.274297
15.293295
15.306063
15.312672
15.313326
15.309623
15.300103
15.286787
15.269749
15.247489
15.22327
15.195544
15.163276
15.130249
15.094383
15.0546
15.012652
14.972254
14.926316
14.878607
14.827404
14.786481
14.726446
14.681851
14.61796
14.54147
0.39122543
0.38999148
0.38869644
0.38735582
0.38595287
0.38451056
0.38300294
0.38145912
0.3798425
0.37819183
0.37646158
0.37470112
0.37285335
0.37097822
0.36900793
0.36701268
0.36491579
0.36279476
0.36056791
0.35831445
0.3559552
0.3535611
0.3510694
0.34852571
0.34590883
0.34321088
0.34049123
0.33765737
0.33489285
0.33202383
0.32939695
0.32681548
0.3249032
0.32374535
0.32463437
0.32863453
0.34044461
0.37132696
0.45043264
0.6435767
1.0749725
1.8333349
2.8432505
3.8793237
4.9151396
5.8958874
6.8399392
7.7638624
8.6257759
9.4284657
10.146856
10.791322
11.358461
11.859091
12.296231
12.679023
13.013876
13.305692
13.561851
13.785215
13.981237
14.152303
14.302069
14.433268
14.546833
14.647046
14.732276
14.807098
14.870406
14.924374
14.969175
15.005533
15.034516
15.056209
15.071138
15.080703
15.083612
15.082071
15.076104
15.064119
15.049691
15.031165
15.007479
14.982629
14.954493
14.921927
14.886719
14.852965
14.813097
14.771075
14.725076
14.689717
14.634108
14.594009
14.532984
14.460259
0.39122099
0.38998114
0.38868679
0.38734104
0.38594121
0.38449332
0.38299121
0.38144028
0.37983175
0.37817167
0.37645236
0.3746794
0.3728459
0.37095442
0.36900248
0.36698631
0.36491239
0.36276515
0.3605666
0.3582813
0.35595651
0.35352535
0.35107407
0.34848857
0.34591222
0.34316565
0.34046888
0.33756347
0.33475949
0.33172188
0.32886337
0.3257912
0.32304492
0.32023645
0.31818474
0.31678271
0.31753094
0.32129638
0.3327432
0.36309425
0.44194702
0.63486006
1.0700166
1.8223458
2.8162781
3.8213066
4.8257525
5.7777532
6.69784
7.5989504
8.4429222
9.2301883
9.9370454
10.571559
11.13205
11.62628
12.060223
12.43968
12.772606
13.063517
13.318936
13.542288
13.738346
13.910552
14.06059
14.193428
14.30783
14.409054
14.496087
14.572013
14.637156
14.692633
14.739472
14.777769
14.808361
14.832506
14.849074
14.86042
14.866474
14.865775
14.862035
14.853536
14.839212
14.82325
14.803517
14.778802
14.75091
14.724351
14.691075
14.655218
14.614866
14.585476
14.534774
14.49946
14.441705
14.373212
0.3912183
0.3899702
0.38867925
0.387326
0.38593211
0.38447609
0.38298206
0.38142167
0.37982331
0.37815204
0.37644506
0.37465864
0.37283985
0.37093246
0.36899773
0.36696303
0.36490887
0.36274047
0.36056399
0.35825533
0.35595436
0.3534989
0.35107183
0.34846329
0.34590887
0.3431422
0.34045937
0.33753267
0.33472322
0.33164119
0.32871873
0.32550737
0.32252439
0.31926772
0.31639021
0.31338498
0.31120042
0.30960817
0.31027478
0.31394831
0.32541689
0.35623451
0.4374256
0.63605371
1.0849589
1.8431487
2.8206545
3.7985334
4.7744763
5.6995823
6.5964553
7.4753886
8.3013922
9.071138
9.7648387
10.386938
10.938791
11.425133
11.853071
12.228045
12.557401
12.845657
13.098961
13.321509
13.51623
13.68864
13.838297
13.971013
14.086073
14.18753
14.275573
14.352114
14.418635
14.475225
14.523027
14.563211
14.594764
14.620242
14.639482
14.651146
14.659024
14.66148
14.657397
14.651105
14.640518
14.624354
14.604407
14.585648
14.559536
14.530368
14.496143
14.473159
14.427901
14.397674
14.343638
14.279884
0.39121609
0.38995968
0.38867273
0.38731197
0.38592392
0.38446027
0.38297359
0.38140489
0.37981526
0.37813475
0.37643768
0.37464094
0.37283307
0.37091432
0.36899144
0.36694462
0.36490289
0.362722
0.36055801
0.35823715
0.35594782
0.35348154
0.35106419
0.34844757
0.34589978
0.34312869
0.34044852
0.33751979
0.33470682
0.33161894
0.32867685
0.32543361
0.32237915
0.31900237
0.31588654
0.31245746
0.30944779
0.30626351
0.30395988
0.30222083
0.30286837
0.30660273
0.31848759
0.3507769
0.43692588
0.64709046
1.1196664
1.8895616
2.8539116
3.8065037
4.7562938
5.6552775
6.5316049
7.3878857
8.1955957
8.9465269
9.6254969
10.234011
10.774645
11.251726
11.672166
12.040831
12.365141
12.64984
12.899603
13.12036
13.313046
13.483899
13.63276
13.76463
13.879703
13.980742
14.069479
14.146233
14.212961
14.270802
14.318816
14.359811
14.393512
14.418718
14.439313
14.453819
14.460773
14.465092
14.464471
14.457631
14.446322
14.436025
14.417707
14.3958
14.368232
14.352123
14.312908
14.288079
14.238269
14.179796
0.39121353
0.3899504
0.38866604
0.38729972
0.38591575
0.38444673
0.38296498
0.38139081
0.37980666
0.3781206
0.37642937
0.37462686
0.37282494
0.37090048
0.36898338
0.36693117
0.36489473
0.36270918
0.3605495
0.35822523
0.35593875
0.35347077
0.35105437
0.34843816
0.34588926
0.34312079
0.34043762
0.33751328
0.33469528
0.33161197
0.32866061
0.32541654
0.32233774
0.31893651
0.31574734
0.31220952
0.30896094
0.30536771
0.30222702
0.29888389
0.29646847
0.29463824
0.29532899
0.29928779
0.31200808
0.34685016
0.44089529
0.66805262
1.1745869
1.959481
2.9133286
3.8415196
4.765354
5.6402054
6.4973946
7.3317456
8.1208277
8.8523361
9.5146692
10.108357
10.636547
11.102617
11.514117
11.87551
12.193272
12.473453
12.718862
12.936183
13.126157
13.294753
13.44234
13.572551
13.687454
13.787665
13.87577
13.953059
14.019169
14.077216
14.126794
14.166852
14.201381
14.229066
14.248114
14.264013
14.274341
14.277494
14.275682
14.274577
14.264747
14.25073
14.230396
14.221738
14.1891
14.170056
14.125047
14.072438
0.39121022
0.38994249
0.38865908
0.38728939
0.3859073
0.38443548
0.38295598
0.38137935
0.37979761
0.37810945
0.37642052
0.37461617
0.37281619
0.37089034
0.36897469
0.36692175
0.36488605
0.36270067
0.36054081
0.35821779
0.35593004
0.35346455
0.35104569
0.34843328
0.34588075
0.34311736
0.34042948
0.33751146
0.33468764
0.3316118
0.32865278
0.32541661
0.32232503
0.31892783
0.31571031
0.31215648
0.30882972
0.30514134
0.30175441
0.29801602
0.29473481
0.29126718
0.28873672
0.28689003
0.28768317
0.29204845
0.30608016
0.3446656
0.45003663
0.70005927
1.2503975
2.0528374
2.9928546
3.8987727
4.7975423
5.6507178
6.4894595
7.3026945
8.0725388
8.7839179
9.4289089
10.006282
10.520857
10.975005
11.376032
11.729284
12.039501
12.313762
12.553943
12.767141
12.954125
13.119488
13.265759
13.393886
13.50712
13.607
13.693551
13.77035
13.83737
13.893735
13.943547
13.985662
14.017975
14.046515
14.068799
14.082914
14.091387
14.100433
14.09961
14.094294
14.081833
14.081367
14.055675
14.042988
14.003323
13.95725
0.39120631
0.3899358
0.38865182
0.38728072
0.38589886
0.38442625
0.38294715
0.38137016
0.37978879
0.3781008
0.37641201
0.37460825
0.37280804
0.37088331
0.36896694
0.36691576
0.36487875
0.36269589
0.36053405
0.35821444
0.35592393
0.35346283
0.3510404
0.34843337
0.34587645
0.34311945
0.34042621
0.33751587
0.33468538
0.33161898
0.32865128
0.32542696
0.32232313
0.31894041
0.31570288
0.31216394
0.30879829
0.30511049
0.30163168
0.29781956
0.29427397
0.29042736
0.28698288
0.28344052
0.28078134
0.27901007
0.27996731
0.28494409
0.30085783
0.34462952
0.46543763
0.74509569
1.3476357
2.1659288
3.0897197
3.9763922
4.849749
5.6830639
6.5037793
7.2964139
8.0472027
8.7373784
9.3644546
9.9247913
10.42427
10.865793
11.255168
11.599277
11.901017
12.168688
12.403601
12.611532
12.795645
12.957333
13.100606
13.227317
13.337873
13.436404
13.523084
13.597367
13.663951
13.721885
13.768758
13.811117
13.846474
13.872585
13.892285
13.912386
13.921437
13.925508
13.921647
13.930337
13.911726
13.906241
13.87235
13.833622
0.39120196
0.38993005
0.38864467
0.3872734
0.38589075
0.38441866
0.38293885
0.3813629
0.37978077
0.3780944
0.37640462
0.37460297
0.37280138
0.37087932
0.36896114
0.36691333
0.364874
0.36269528
0.36053054
0.35821589
0.35592183
0.35346664
0.35103977
0.34843998
0.34587726
0.34312942
0.34042852
0.33752977
0.3346892
0.3316375
0.3286565
0.32545081
0.32232948
0.31897
0.31570935
0.31219791
0.30879988
0.30514219
0.30160964
0.29781919
0.2941647
0.29026756
0.28653592
0.2826275
0.27898999
0.2754346
0.27262577
0.27103796
0.27223133
0.278064
0.29657693
0.34739967
0.48860069
0.80477973
1.4651799
2.2991871
3.2019871
4.0707062
4.9188456
5.7337997
6.5373261
7.309202
8.0412479
8.7097733
9.3174424
9.860427
10.343615
10.772084
11.148945
11.483275
11.776759
12.036525
12.26647
12.468651
12.648037
12.806907
12.946116
13.070396
13.180114
13.275129
13.360542
13.435831
13.498697
13.556176
13.605849
13.645094
13.677071
13.709208
13.729058
13.74343
13.748684
13.767808
13.756473
13.759153
13.731283
13.700884
0.3911974
0.38992515
0.38863768
0.38726732
0.38588312
0.38441264
0.38293125
0.38135749
0.37977366
0.37809014
0.37639843
0.37460025
0.37279632
0.37087846
0.36895747
0.36691464
0.36487191
0.36269915
0.36053015
0.35822289
0.35592333
0.35347731
0.35104341
0.34845481
0.34588334
0.34314899
0.34043723
0.33755481
0.3347006
0.33166877
0.32867056
0.3254892
0.32234602
0.31901647
0.31572786
0.31225328
0.30881922
0.30520478
0.30162682
0.29788004
0.29416088
0.29030049
0.28644718
0.28250749
0.27856172
0.27464306
0.27078115
0.26728164
0.26430028
0.26302145
0.2645428
0.27152499
0.29355344
0.35379281
0.52099326
0.8964664
1.5995581
2.4474116
3.3271535
4.1792966
5.0028171
5.8000682
6.5871926
7.3386186
8.0497671
8.69771
9.2848915
9.8107047
10.276805
10.691619
11.056463
11.379526
11.665236
11.916525
12.1395
12.337036
12.51062
12.665671
12.802821
12.922361
13.029783
13.12509
13.205845
13.279879
13.345243
13.398878
13.444298
13.489553
13.521227
13.546843
13.561935
13.592693
13.589029
13.601002
13.579223
13.558295
0.39119275
0.38992114
0.38863099
0.38726243
0.38587596
0.38440804
0.38292424
0.38135372
0.3797673
0.37808782
0.37639317
0.3745998
0.37279245
0.37088027
0.36895521
0.36691924
0.36487159
0.36270711
0.36053219
0.35823466
0.35592812
0.35349352
0.35105134
0.34847623
0.34589472
0.34317637
0.34045234
0.33758895
0.33471971
0.33171054
0.32869388
0.32553949
0.32237372
0.31907622
0.31576003
0.31232336
0.30885583
0.30528605
0.30166644
0.29797256
0.29419977
0.29039388
0.28647055
0.28257265
0.27850383
0.274559
0.27037937
0.26649667
0.26238843
0.25900955
0.25584589
0.25500786
0.25697397
0.26549341
0.29223161
0.36719636
0.5669152
1.0135662
1.7520214
2.6092967
3.4642448
4.3000088
5.0997332
5.8798164
6.6501774
7.3832951
8.0715213
8.6994496
9.2651809
9.7732517
10.223021
10.622523
10.975968
11.287046
11.562924
11.807182
12.022168
12.214088
12.384046
12.532836
12.666401
12.785317
12.886953
12.980027
13.062809
13.132209
13.192368
13.251933
13.29657
13.33447
13.360335
13.403668
13.408307
13.430931
13.415344
13.40504
0.39118826
0.38991804
0.38862475
0.3872587
0.38586938
0.38440474
0.38291788
0.38135132
0.37976159
0.37808689
0.37638859
0.37460084
0.37278929
0.37088377
0.3689539
0.36692568
0.36487255
0.36271703
0.36053587
0.35824878
0.355935
0.35351257
0.3510619
0.34850095
0.34590951
0.34320762
0.34047192
0.33762761
0.33474463
0.33175752
0.32872468
0.32559572
0.32241093
0.31914261
0.31580416
0.31240081
0.30890731
0.30537541
0.30172557
0.29807421
0.29426668
0.29050786
0.28654088
0.28269124
0.27856426
0.27464606
0.27036572
0.26643231
0.26202605
0.25819926
0.25385455
0.2506344
0.24730854
0.24704655
0.24964199
0.26041536
0.29370611
0.38883617
0.62869152
1.1566887
1.9215739
2.7825295
3.6126563
4.4302639
5.2091851
5.9754818
6.7259522
7.4409995
8.1047934
8.7122342
9.257444
9.7459121
10.180008
10.563339
10.903451
11.204444
11.469581
11.705881
11.9152
12.098955
12.263704
12.410682
12.537107
12.652576
12.755595
12.843107
12.919522
12.994699
13.053565
13.1049
13.142561
13.199471
13.213172
13.247881
13.238726
13.240209
0.39118428
0.38991576
0.3886193
0.38725593
0.38586369
0.3844024
0.3829124
0.38134981
0.37975673
0.37808675
0.3763848
0.37460253
0.37278695
0.37088768
0.36895338
0.36693235
0.3648743
0.36272705
0.36054041
0.35826279
0.35594291
0.35353128
0.35107383
0.34852516
0.34592617
0.34323817
0.34049407
0.33766539
0.33477308
0.33180344
0.32876033
0.3256507
0.32245469
0.31920755
0.31585699
0.31247652
0.30897023
0.3054626
0.30179967
0.29817333
0.29435302
0.29061905
0.28664043
0.28281309
0.2786751
0.27477317
0.27047388
0.26652143
0.2620712
0.25812009
0.25355564
0.24973045
0.24526665
0.24208623
0.23889366
0.239136
0.24274509
0.25673102
0.29887784
0.4209242
0.70942195
1.3249731
2.1081792
2.9634249
3.7725149
4.5669658
5.328703
6.0821717
6.811586
7.5083414
8.1486447
8.7332648
9.2587054
9.7267071
10.143549
10.513108
10.839102
11.129098
11.385905
11.611643
11.813681
11.994092
12.150057
12.292074
12.419036
12.527822
12.623095
12.71604
12.790536
12.85657
12.907152
12.978771
13.00245
13.050549
13.048331
13.062812
0.39118118
0.38991416
0.388615
0.38725392
0.38585924
0.38440077
0.38290819
0.38134884
0.37975306
0.37808687
0.37638211
0.37460414
0.37278558
0.37089117
0.36895372
0.36693815
0.36487681
0.36273567
0.36054561
0.3582748
0.35595142
0.35354733
0.35108637
0.34854597
0.34594354
0.3432645
0.34051718
0.33769807
0.33480294
0.33184333
0.32879806
0.32569865
0.32250152
0.31926438
0.3159143
0.31254298
0.30903953
0.30553927
0.30188264
0.29826056
0.29445155
0.29071677
0.2867567
0.28292056
0.2788113
0.27488753
0.2706318
0.26663627
0.26223861
0.2581918
0.25366931
0.24960972
0.24502775
0.24107295
0.23667496
0.23342618
0.23065704
0.23133623
0.23638875
0.25484865
0.30900097
0.46615388
0.82267057
1.512062
2.3123435
3.1441809
3.9378421
4.7102574
5.4559168
6.1964724
6.9064408
7.5811508
8.1997947
8.7606628
9.2651838
9.7154576
10.114307
10.469086
10.783379
11.059822
11.306695
11.527113
11.718346
11.891892
12.047291
12.181263
12.298848
12.412525
12.505113
12.587766
12.652496
12.740095
12.774825
12.837507
12.842799
12.871945
0.39117923
0.38991311
0.38861209
0.38725248
0.38585628
0.38439962
0.38290548
0.38134814
0.37975086
0.37808698
0.37638081
0.37460538
0.37278547
0.37089384
0.36895515
0.36694256
0.36488021
0.36274224
0.36055149
0.35828401
0.35596038
0.3535597
0.35109911
0.34856209
0.34596087
0.34328504
0.34054005
0.33772372
0.33483243
0.33187482
0.32883539
0.32573675
0.32254809
0.31930982
0.31597169
0.31259643
0.30910952
0.30560127
0.30196727
0.29833143
0.29455314
0.29079649
0.28687794
0.2830086
0.2789553
0.27498243
0.27080183
0.26673521
0.26243739
0.25828677
0.25388696
0.24966481
0.24518824
0.24092372
0.23645519
0.23226575
0.22810597
0.22469103
0.22253179
0.22378794
0.23079802
0.25539059
0.32747853
0.52876623
0.98070533
1.7112478
2.5226222
3.3289064
4.1080959
4.8592138
5.5907044
6.3155774
7.0092082
7.6592565
8.2553105
8.7950298
9.277748
9.7089802
10.092211
10.429861
10.730899
10.999503
11.233043
11.44418
11.633396
11.797232
11.941317
12.079414
12.193388
12.295395
12.376503
12.481824
12.528717
12.607405
12.6207
12.666436
0.39117843
0.38991256
0.38861061
0.3872516
0.38585483
0.38439892
0.38290431
0.38134772
0.37975014
0.3780871
0.37638088
0.3746063
0.37278659
0.37089574
0.36895763
0.36694573
0.36488442
0.36274697
0.36055787
0.35829065
0.35596947
0.35356867
0.35111155
0.34857386
0.3459774
0.34330012
0.34056154
0.33774269
0.3348599
0.3318983
0.32887001
0.32576539
0.32259122
0.31934428
0.31602488
0.31263736
0.30917455
0.30564926
0.30204616
0.29838695
0.29464816
0.29085983
0.28699166
0.28307979
0.27909058
0.27506118
0.27096169
0.26682073
0.26262476
0.25837753
0.25410264
0.24975365
0.24542331
0.24097709
0.23662696
0.23210498
0.22783854
0.22336371
0.21954684
0.21590594
0.21458693
0.21662363
0.22648179
0.25966001
0.35926765
0.6140767
1.1691705
1.9232512
2.7375834
3.5194395
4.2829997
5.0136348
5.7359286
6.4413001
7.1162857
7.7434454
8.3154991
8.8323376
9.2955737
9.7058089
10.071905
10.398637
10.683181
10.939441
11.169053
11.368424
11.543995
11.71092
11.850257
11.975075
12.075567
12.201176
12.262372
12.358824
12.380449
12.44494
0.39117858
0.3899126
0.38861027
0.3872513
0.38585458
0.38439877
0.38290432
0.38134774
0.37975055
0.37808748
0.37638195
0.37460722
0.37278856
0.37089737
0.36896073
0.36694827
0.36488895
0.36275063
0.36056419
0.3582957
0.35597803
0.35357542
0.35112285
0.34858269
0.34599208
0.34331145
0.34058033
0.33775699
0.33488364
0.33191611
0.3288997
0.32578728
0.32262801
0.31937089
0.31607008
0.31266937
0.30922966
0.30568738
0.30211285
0.29843189
0.29472831
0.29091232
0.28708731
0.28314055
0.2792039
0.27513092
0.27109491
0.26690015
0.26278001
0.25846725
0.25428171
0.24985333
0.24562576
0.2410819
0.23684264
0.23218158
0.22797538
0.22321438
0.21916731
0.21441804
0.21099207
0.20713375
0.20692765
0.21011322
0.22423359
0.26962156
0.40652169
0.7276149
1.3819604
2.1496645
2.9554829
3.7152889
4.4585794
5.1741724
5.8847973
6.5725526
7.2262519
7.8289974
8.3789827
8.8714998
9.3136462
9.70951
10.055326
10.365951
10.644111
10.886046
11.099177
11.300234
11.469636
11.621404
11.744921
11.894099
11.972557
12.089073
12.120212
12.206021
0.39117936
0.38991322
0.38861058
0.38725173
0.38585499
0.38439934
0.38290496
0.38134844
0.37975148
0.37808845
0.37638339
0.37460864
0.37279067
0.37089936
0.3689637
0.36695096
0.364893
0.3627542
0.3605696
0.35830038
0.35598511
0.35358147
0.35113201
0.3485904
0.34600377
0.34332119
0.34059509
0.33776919
0.33490212
0.33193124
0.32892262
0.32580591
0.32265622
0.31939367
0.31610454
0.31269703
0.30927143
0.30572076
0.30216313
0.29847197
0.29478837
0.29096021
0.28715851
0.28319754
0.27928758
0.27519853
0.27119233
0.26698018
0.26289222
0.25856186
0.25440937
0.24996507
0.24576846
0.24121332
0.23699694
0.23233239
0.2281262
0.22335344
0.2191982
0.21435572
0.21035866
0.20561861
0.20221853
0.19888071
0.19938977
0.20449544
0.22483639
0.28765656
0.47288365
0.89520145
1.6078913
2.386508
3.1671036
3.9129649
4.6353818
5.3393106
6.0358441
6.7058295
7.3379409
7.9156007
8.4413806
8.9162896
9.3340885
9.7096079
10.046075
10.339261
10.597496
10.839214
11.044352
11.228034
11.378869
11.555547
11.654823
11.794386
11.837345
11.947915
0.3911802
0.38991453
0.38861103
0.38725296
0.38585551
0.38440077
0.38290563
0.38135005
0.3797523
0.37809034
0.37638454
0.37461095
0.37279226
0.37090219
0.36896584
0.36695444
0.36489585
0.36275849
0.36057333
0.35830566
0.35598994
0.35358798
0.35113821
0.34859842
0.34601164
0.34333106
0.340605
0.33778129
0.33491448
0.33194605
0.32893791
0.32582399
0.32267496
0.31941566
0.31612734
0.31272373
0.30929894
0.30575309
0.30219604
0.29851105
0.2948274
0.29100739
0.28720435
0.28325445
0.27934084
0.27526716
0.27125344
0.26706298
0.2629613
0.25866192
0.25448594
0.25008631
0.2458511
0.24136083
0.23708232
0.23251252
0.22820655
0.22357189
0.21925221
0.2145773
0.21025536
0.20562435
0.2013725
0.19701116
0.19341455
0.19095964
0.19225752
0.20013267
0.22930521
0.32080707
0.56585412
1.103857
1.8426661
2.6250705
3.3795552
4.1128345
4.8147167
5.5088452
6.1908855
6.8411114
7.4478604
8.006437
8.504552
8.9550805
9.3603589
9.7149112
10.027394
10.317831
10.565718
10.787416
10.970729
11.179591
11.303789
11.470139
11.527694
11.667589
0.3911807
0.38991642
0.38861119
0.38725486
0.38585569
0.38440296
0.38290588
0.38135247
0.37975259
0.37809307
0.37638496
0.37461413
0.3727929
0.3709059
0.36896677
0.36695881
0.36489715
0.36276366
0.3605751
0.3583118
0.35599233
0.35359531
0.35114136
0.34860719
0.34601574
0.34334158
0.34061027
0.33779393
0.33492115
0.33196126
0.32894626
0.32584229
0.3226853
0.31943769
0.31613999
0.31275024
0.30931425
0.30578499
0.30221436
0.29854945
0.29484906
0.29105361
0.28722963
0.28331011
0.27936993
0.27533423
0.27128638
0.26714391
0.26299785
0.25875968
0.25452548
0.25020461
0.24589242
0.24150422
0.23712337
0.23268643
0.22824415
0.22378177
0.2192813
0.21482382
0.21026339
0.20585223
0.20123241
0.19696123
0.19235854
0.18853711
0.1846459
0.18337705
0.18578336
0.19803698
0.24035164
0.37304886
0.69237504
1.3391275
2.0881135
2.864207
3.5951414
4.3092606
4.9996187
5.6819652
6.3443173
6.9789487
7.5575926
8.089175
8.5721866
8.9982997
9.3751341
9.7237708
10.023003
10.290299
10.512466
10.759218
10.913159
11.110927
11.186016
11.360955
0.39118076
0.38991844
0.38861093
0.38725699
0.38585543
0.38440542
0.38290563
0.38135521
0.37975229
0.37809614
0.37638469
0.37461765
0.37279269
0.37090996
0.36896667
0.3669635
0.36489719
0.3627691
0.36057536
0.35831814
0.35599287
0.35360274
0.35114228
0.34861593
0.34601716
0.3433519
0.34061231
0.33780616
0.33492397
0.33197576
0.32895002
0.32585951
0.32269018
0.31945816
0.31614619
0.31277459
0.30932199
0.30581399
0.30222385
0.29858396
0.29486052
0.2910947
0.28724327
0.28335904
0.27938593
0.27539248
0.27130491
0.26721322
0.26301901
0.25884207
0.25454936
0.25030237
0.2459191
0.24161981
0.23715309
0.23282226
0.22827752
0.22393964
0.21931967
0.21500375
0.21030778
0.20604702
0.2012729
0.19711117
0.19225888
0.18830269
0.18344862
0.1800974
0.17609344
0.17623179
0.18044004
0.19929232
0.26109412
0.44817587
0.87913976
1.5860618
2.3417398
3.0943097
3.8128278
4.5058391
5.1823728
5.8574706
6.4996227
7.1076137
7.6710936
8.1758268
8.6261437
9.0428804
9.4032979
9.7252831
9.9941629
10.285877
10.475427
10.710383
10.806189
11.023059
0.39118043
0.38992003
0.38861036
0.38725872
0.38585487
0.38440746
0.3829051
0.3813575
0.3797517
0.37809872
0.3763841
0.3746206
0.37279214
0.37091335
0.36896617
0.36696741
0.36489678
0.36277363
0.36057508
0.3583234
0.35599279
0.35360886
0.35114246
0.34862309
0.3460177
0.34336028
0.34061331
0.33781599
0.33492556
0.33198732
0.32895236
0.32587311
0.32269344
0.31947417
0.31615057
0.31279344
0.30932771
0.30583614
0.30223119
0.29860998
0.29486978
0.29112521
0.28725482
0.28339473
0.27940024
0.27543411
0.27132254
0.26726157
0.26304073
0.25889793
0.2545762
0.25036639
0.2459525
0.24169236
0.23719515
0.23290317
0.22833127
0.22402783
0.21938948
0.21509668
0.2103996
0.20614077
0.20139181
0.19719123
0.19239942
0.18828195
0.18349005
0.17951358
0.17489281
0.17141474
0.16837689
0.16933768
0.17654988
0.2052417
0.29971792
0.55437538
1.1096483
1.8391611
2.597762
3.3227719
4.0260799
4.7058192
5.3712982
6.0265387
6.659419
7.2403863
7.7686005
8.2613099
8.6925024
9.0789985
9.4037516
9.7489947
9.9813801
10.260758
10.381021
10.648055
0.39117989
0.38992056
0.3886097
0.38725934
0.38585428
0.38440833
0.3829046
0.38135856
0.37975122
0.37809995
0.37638367
0.37462208
0.37279181
0.37091511
0.36896596
0.3669695
0.36489674
0.36277609
0.36057525
0.35832631
0.35599323
0.35361229
0.35114327
0.34862713
0.34601897
0.34336506
0.34061518
0.33782163
0.33492818
0.33199398
0.32895591
0.32588095
0.32269813
0.31948338
0.31615667
0.31280421
0.30933554
0.3058487
0.30224111
0.29862454
0.29488226
0.29114198
0.28727043
0.2834139
0.27941969
0.27545581
0.27134676
0.26728584
0.26307092
0.25892464
0.25461394
0.25039515
0.24599991
0.24172237
0.23725501
0.23293303
0.22840735
0.22405529
0.21948668
0.21511833
0.21052444
0.20615146
0.20155329
0.19718312
0.19260861
0.18823919
0.18372984
0.17934659
0.17499064
0.17060839
0.16665297
0.16281026
0.16108894
0.16323361
0.17532218
0.21912069
0.36108407
0.70564246
1.3665304
2.1004093
2.8475923
3.5551265
4.2374376
4.9009633
5.5654695
6.2010805
6.8007142
7.370276
7.8782096
8.3376914
8.7276467
9.1359494
9.4197316
9.7524135
9.9018042
10.228933
0.39117925
0.38991975
0.38860905
0.38725859
0.38585382
0.38440774
0.38290433
0.38135805
0.37975108
0.3780995
0.37638369
0.37462172
0.37279204
0.37091484
0.36896643
0.36696933
0.3648975
0.36277603
0.36057635
0.35832637
0.35599475
0.35361252
0.35114531
0.34862758
0.34602166
0.34336577
0.34061866
0.33782266
0.33493263
0.33199538
0.32896154
0.32588278
0.3227052
0.3194857
0.31616547
0.31280707
0.30934641
0.30585213
0.30225449
0.29862855
0.29489865
0.29114656
0.28729045
0.28341897
0.27944411
0.27546124
0.27137651
0.26729138
0.26310719
0.2589299
0.2546582
0.25039956
0.24605396
0.24172516
0.23732106
0.23293317
0.22848801
0.22405157
0.21958536
0.21510909
0.21064508
0.20613464
0.20170052
0.19715634
0.19278563
0.18820124
0.18393688
0.17929449
0.17519259
0.17047008
0.16662218
0.16183808
0.15859638
0.15437887
0.15441576
0.15849545
0.17810538
0.24603222
0.45127726
0.92038498
1.6279855
2.369765
3.0895471
3.7791755
4.4511535
5.1026267
5.742667
6.3747694
6.9554442
7.4910643
7.9530306
8.4332259
8.7774524
9.1736334
9.3579266
9.7570656
0.39117848
0.38991785
0.38860836
0.3872567
0.38585337
0.38440594
0.38290413
0.38135627
0.37975107
0.3780977
0.37638392
0.37461991
0.37279254
0.37091302
0.36896725
0.36696749
0.36489868
0.36277417
0.36057796
0.3583245
0.35599688
0.35361064
0.35114805
0.34862569
0.34602512
0.34336388
0.34062298
0.33782079
0.33493797
0.33199354
0.3289681
0.32588099
0.3227132
0.31948396
0.31617516
0.31280539
0.3093581
0.30585051
0.30226852
0.29862698
0.29491542
0.29114501
0.28731042
0.28341739
0.27946783
0.27545957
0.27140463
0.26728955
0.26314045
0.25892782
0.25469746
0.25039714
0.24610016
0.24172236
0.23737516
0.23293008
0.22855093
0.22404852
0.21965754
0.21510708
0.21072665
0.20613551
0.20179049
0.1971636
0.19288092
0.18822117
0.18403005
0.17933822
0.17526574
0.17054616
0.16661787
0.16189358
0.15814675
0.15356553
0.15022405
0.14705814
0.14798959
0.15561237
0.18708956
0.29489064
0.57660151
1.1787137
1.8973005
2.6299403
3.3321943
4.0071292
4.6515542
5.3082098
5.9365904
6.5397629
7.0726422
7.6294915
8.0415076
8.5114049
8.7370736
9.2218089
0.39117756
0.3899155
0.38860755
0.38725437
0.38585281
0.3844037
0.38290384
0.38135404
0.37975099
0.37809543
0.37638406
0.3746176
0.37279294
0.37091067
0.36896793
0.36696509
0.36489967
0.36277172
0.36057931
0.35832199
0.35599864
0.35360809
0.35115029
0.3486231
0.34602792
0.34336128
0.34062645
0.3378182
0.33494223
0.33199099
0.32897327
0.32587853
0.32271943
0.31948162
0.31618261
0.31280323
0.30936695
0.3058486
0.30227896
0.29862539
0.29492766
0.29114383
0.28732468
0.28341675
0.27948433
0.27545962
0.27142363
0.26729049
0.26316214
0.25892993
0.25472197
0.25040087
0.24612749
0.2417284
0.23740503
0.23293956
0.22858261
0.22406319
0.21968962
0.21512957
0.21075653
0.20616976
0.20181427
0.19721534
0.1928934
0.18829847
0.18402398
0.17945285
0.17523153
0.17071415
0.1665373
0.16212151
0.15795558
0.1537324
0.14955165
0.14573959
0.14195363
0.14027349
0.14258668
0.15605457
0.20601754
0.37168989
0.76864717
1.4465744
2.1731812
2.89182
3.5618336
4.2298201
4.8688002
5.5066069
6.0934863
6.7216635
7.2028207
7.7538906
8.0266765
8.6107313
0.39117651
0.38991372
0.3886066
0.38725266
0.38585206
0.38440212
0.38290329
0.38135254
0.37975058
0.37809396
0.37638378
0.37461618
0.37279281
0.3709093
0.36896796
0.36696376
0.36489987
0.36277044
0.36057969
0.35832077
0.35599923
0.35360694
0.35115112
0.34862207
0.34602904
0.34336041
0.3406279
0.33781753
0.33494407
0.33199058
0.32897556
0.32587845
0.32272223
0.31948196
0.31618598
0.31280409
0.30937092
0.30585009
0.30228355
0.29862768
0.29493286
0.29114712
0.28733048
0.28342132
0.27949065
0.27546582
0.27143034
0.26729881
0.2631691
0.25894101
0.25472891
0.25041553
0.24613393
0.24174776
0.23741021
0.23296514
0.22858541
0.22409699
0.21968862
0.21517411
0.21075001
0.20622838
0.2017998
0.19729162
0.19286806
0.1883969
0.18398396
0.17957814
0.17517238
0.17086866
0.16645783
0.16230448
0.15786348
0.15391826
0.14941726
0.1457572
0.1411933
0.13809871
0.13402277
0.13416675
0.13882161
0.16163529
0.24424725
0.4828521
1.0179198
1.7272564
2.4395101
3.1409907
3.8044032
4.44781
5.0527703
5.7248697
6.263913
6.8953937
7.217368
7.9111764
0.39117563
0.38991316
0.38860576
0.38725224
0.38585135
0.3844019
0.38290271
0.38135248
0.37975007
0.37809402
0.37638332
0.37461637
0.37279238
0.37090962
0.36896756
0.36696423
0.36489949
0.36277106
0.36057931
0.35832158
0.35599885
0.35360796
0.35115073
0.34862334
0.34602865
0.34336198
0.3406275
0.33781948
0.33494365
0.33199298
0.32897511
0.3258814
0.32272174
0.31948558
0.31618543
0.31280852
0.30937031
0.30585552
0.30228285
0.2986343
0.29493204
0.29115518
0.28732948
0.28343108
0.27948942
0.27547761
0.27142879
0.267313
0.26316706
0.25895806
0.25472617
0.25043602
0.24613017
0.24177244
0.23740498
0.23299496
0.22857809
0.22413314
0.21967842
0.2152178
0.21073622
0.20627999
0.20178266
0.19735122
0.19284876
0.18846351
0.18396499
0.17964979
0.17515813
0.17094192
0.16645537
0.16236976
0.15788626
0.15395538
0.14948261
0.14571948
0.14128774
0.13769219
0.13343687
0.13017685
0.12728047
0.12846811
0.1376626
0.17565953
0.30990224
0.64849431
1.2890313
2.0074994
2.7157636
3.3871953
4.00796
4.6870871
5.2506535
5.9447203
6.3098127
7.1140179
0.3911752
0.38991381
0.38860535
0.3872531
0.38585103
0.38440301
0.38290247
0.38135381
0.37974983
0.37809554
0.37638305
0.37461808
0.37279207
0.37091154
0.36896717
0.36696637
0.36489901
0.36277344
0.36057873
0.35832421
0.35599813
0.35361087
0.35114988
0.34862658
0.34602765
0.34336559
0.34062635
0.33782351
0.33494235
0.3319975
0.32897365
0.32588648
0.32272012
0.3194913
0.31618363
0.31281497
0.30936831
0.30586278
0.30228063
0.29864248
0.2949296
0.29116438
0.28732682
0.28344143
0.27948657
0.27548923
0.27142579
0.26732602
0.26316401
0.25897261
0.25472317
0.25045224
0.24612735
0.24179047
0.23740247
0.23301494
0.22857608
0.2241551
0.21967741
0.21524144
0.2107372
0.20630445
0.20178731
0.1973743
0.19285985
0.18848201
0.1839861
0.17965967
0.17519394
0.17093826
0.16651341
0.16234372
0.15798175
0.15389391
0.1496353
0.1456046
0.14150395
0.13749144
0.13362977
0.1295813
0.12617289
0.1223861
0.12121119
0.12412356
0.1409382
0.2051541
0.40753045
0.88583805
1.5786554
2.2899537
2.9476098
3.6514991
4.2193005
4.9385712
5.3253257
6.2205419
0.39117546
0.38991531
0.38860566
0.3872548
0.38585143
0.38440497
0.38290296
0.381356
0.37975037
0.37809792
0.37638359
0.37462065
0.3727926
0.37091429
0.36896767
0.3669693
0.36489946
0.36277655
0.36057911
0.3583275
0.35599843
0.35361436
0.35115009
0.34863028
0.34602775
0.34336952
0.34062636
0.3378277
0.33494226
0.33200197
0.32897347
0.32589125
0.32271986
0.31949639
0.31618333
0.31282039
0.30936799
0.30586854
0.30228037
0.2986486
0.29492946
0.29117086
0.2873269
0.28344825
0.279487
0.27549634
0.27142678
0.26733331
0.26316581
0.25897993
0.2547261
0.25045935
0.24613179
0.24179708
0.23740887
0.23302066
0.22858507
0.22415936
0.21968986
0.21524329
0.21075447
0.20630246
0.20181168
0.19736657
0.19289459
0.1884663
0.18403423
0.17963443
0.1752581
0.17090224
0.16659573
0.16229467
0.15808245
0.15383013
0.14975401
0.14553128
0.14163159
0.13742553
0.13373813
0.12952485
0.12611501
0.12188919
0.11894632
0.11530726
0.11576699
0.12200239
0.15108828
0.26105206
0.55210145
1.1693045
1.8376598
2.5885656
3.1819176
3.9291952
4.3158908
5.2525485
0.39117636
0.38991684
0.38860666
0.38725651
0.38585258
0.3844069
0.38290426
0.38135813
0.37975177
0.37810021
0.37638507
0.37462307
0.37279414
0.37091684
0.36896926
0.36697196
0.36490108
0.36277931
0.36058075
0.35833035
0.35600008
0.35361729
0.35115174
0.34863327
0.34602942
0.34337256
0.34062805
0.33783077
0.33494398
0.33200507
0.32897526
0.32589435
0.32272174
0.31949948
0.31618535
0.31282344
0.30937022
0.30587152
0.30228288
0.29865144
0.29493239
0.29117348
0.28733041
0.28345053
0.27949132
0.27549812
0.27143215
0.26733443
0.26317254
0.25898017
0.25473453
0.2504585
0.24614237
0.24179489
0.23742211
0.23301685
0.22860157
0.22415352
0.21971036
0.2152348
0.21078
0.20629041
0.20184328
0.19734999
0.1929326
0.18844514
0.18407818
0.17961019
0.17530598
0.17087859
0.16664453
0.16227619
0.15812924
0.15382219
0.14979057
0.14554571
0.14163979
0.13748187
0.13369471
0.12964546
0.12598827
0.1220543
0.11852206
0.11484032
0.11155212
0.10933459
0.11109211
0.1235826
0.17414863
0.35019887
0.75129174
1.4801305
2.1021148
2.9024715
3.30457
4.2590788
0.39117762
0.3899179
0.38860808
0.38725773
0.38585421
0.38440828
0.38290611
0.38135966
0.3797538
0.37810184
0.37638725
0.37462478
0.37279647
0.37091861
0.36897173
0.36697376
0.36490368
0.36278112
0.36058347
0.35833214
0.35600293
0.35361905
0.35115472
0.34863497
0.34603253
0.34337418
0.3406313
0.3378323
0.3349474
0.33200648
0.32897886
0.32589563
0.32272557
0.31950059
0.31618943
0.31282436
0.30937462
0.3058722
0.30228766
0.29865185
0.29493762
0.29117358
0.2873362
0.28345026
0.2794978
0.27549744
0.27143946
0.26733325
0.26318086
0.2589784
0.25474406
0.25045602
0.24615322
0.24179162
0.23743444
0.23301271
0.22861555
0.22414846
0.2197262
0.2152288
0.21079783
0.20628358
0.20186307
0.19734289
0.19295387
0.18843916
0.18409902
0.17960802
0.17532347
0.1708838
0.16665493
0.16229278
0.15812753
0.15385648
0.14976746
0.14561327
0.14157869
0.1376026
0.13358564
0.12981501
0.12584199
0.12226414
0.11831697
0.11504995
0.11097664
0.10830127
0.10429196
0.10422198
0.10837296
0.13118243
0.21748421
0.49907308
1.0022664
1.8254362
2.258994
3.2613232
0.39117889
0.3899185
0.38860954
0.38725844
0.3858559
0.38440914
0.38290803
0.38136063
0.37975594
0.37810289
0.37638958
0.37462588
0.37279898
0.37091973
0.3689744
0.36697488
0.36490651
0.36278221
0.36058645
0.35833318
0.35600605
0.35362001
0.35115798
0.34863584
0.34603593
0.34337495
0.34063484
0.33783295
0.33495109
0.332007
0.32898272
0.32589601
0.32272958
0.31950084
0.31619363
0.31282447
0.30937901
0.30587219
0.30229226
0.29865174
0.29494245
0.29117339
0.28734127
0.28345003
0.27950311
0.27549721
0.27144501
0.26733308
0.26318663
0.25897835
0.25475002
0.25045619
0.24615937
0.2417921
0.23744073
0.23301366
0.22862191
0.22415004
0.21973252
0.21523119
0.21080391
0.20628713
0.20186846
0.19734833
0.19295764
0.18844787
0.18409944
0.17962201
0.17531846
0.17090603
0.16664267
0.16232577
0.15810675
0.15390379
0.14973337
0.14567879
0.14152699
0.13768494
0.13352684
0.12989519
0.12580338
0.12231904
0.11831339
0.11505761
0.11104778
0.10803692
0.10418173
0.10137599
0.098471875
0.099480574
0.10835752
0.15187943
0.29390919
0.76891417
1.1852577
2.2219836
0.39117995
0.38991884
0.38861078
0.3872589
0.38585736
0.38440972
0.38290971
0.38136132
0.37975782
0.37810366
0.37639164
0.3746267
0.37280121
0.37092058
0.36897678
0.36697574
0.36490902
0.36278305
0.36058909
0.35833399
0.35600879
0.35362076
0.35116081
0.34863653
0.34603885
0.34337556
0.34063785
0.33783349
0.33495417
0.33200748
0.32898585
0.32589644
0.32273277
0.31950123
0.31619686
0.31282485
0.30938226
0.30587261
0.30229551
0.29865224
0.29494568
0.29117403
0.28734443
0.2834509
0.27950614
0.27549843
0.27144783
0.26733478
0.26318912
0.25898068
0.25475204
0.25045934
0.24616075
0.24179626
0.23744134
0.233019
0.22862165
0.22415678
0.21973125
0.21523963
0.21080145
0.20629771
0.20186446
0.1973617
0.1929516
0.18846485
0.18409086
0.1796432
0.17530727
0.17093047
0.16663034
0.16235159
0.15809494
0.1539294
0.14972376
0.14570363
0.14152263
0.13770264
0.13353809
0.12989158
0.12584242
0.1222852
0.11838828
0.1149784
0.11120181
0.10784652
0.1044287
0.10092899
0.097966316
0.094589255
0.093373876
0.096456971
0.1137236
0.20159202
0.3898813
1.166584
0.3911808
0.38991919
0.38861178
0.38725936
0.38585854
0.38441032
0.38291109
0.38136204
0.37975938
0.37810447
0.37639335
0.37462758
0.37280304
0.3709215
0.36897873
0.36697668
0.36491107
0.362784
0.3605912
0.35833492
0.35601096
0.35362167
0.35116303
0.3486374
0.34604109
0.3433764
0.3406401
0.3378343
0.33495642
0.33200827
0.32898809
0.32589723
0.32273498
0.31950205
0.31619901
0.31282575
0.30938432
0.30587363
0.30229743
0.29865345
0.29494741
0.29117553
0.28734592
0.28345279
0.27950732
0.2755008
0.27144863
0.26733776
0.26318944
0.25898441
0.25475178
0.25046396
0.24615981
0.24180195
0.23743961
0.23302595
0.228619
0.22416514
0.2197276
0.2152495
0.21079667
0.20630921
0.20185844
0.19737501
0.19294434
0.18847986
0.1840828
0.17965908
0.17529998
0.17094549
0.16662641
0.16236293
0.15809745
0.1539342
0.14973549
0.14569815
0.14154802
0.13768103
0.13358452
0.1298502
0.12590919
0.12223467
0.11846124
0.1149177
0.11130245
0.10774342
0.10456355
0.10083975
0.097996143
0.09428086
0.091881408
0.088524585
0.088950271
0.096413001
0.12504571
0.41871947
0.39118153
0.38991969
0.38861265
0.38725998
0.38585958
0.38441107
0.38291229
0.38136292
0.37976073
0.37810545
0.37639482
0.37462864
0.37280462
0.37092262
0.36898038
0.36697784
0.36491278
0.36278518
0.36059295
0.3583361
0.35601273
0.35362284
0.35116479
0.34863856
0.34604284
0.34337755
0.34064181
0.33783544
0.33495809
0.33200941
0.3289897
0.32589839
0.32273652
0.31950325
0.31620045
0.31282702
0.30938566
0.30587501
0.30229864
0.298655
0.29494846
0.29117729
0.28734678
0.28345483
0.27950794
0.27550319
0.27144895
0.26734058
0.26318941
0.25898776
0.25475133
0.25046794
0.24615889
0.24180662
0.23743818
0.23303137
0.22861705
0.22417138
0.21972513
0.21525663
0.21079365
0.2063173
0.20185492
0.19738402
0.19294052
0.18848944
0.18407933
0.17966828
0.17529832
0.17095258
0.16662876
0.16236542
0.1581068
0.15392875
0.14975539
0.14568202
0.14158156
0.13765264
0.1336294
0.12981575
0.12595387
0.12220772
0.11849695
0.11490005
0.11133317
0.10774047
0.10455651
0.10090238
0.097924536
0.094352119
0.091736667
0.08820734
0.08555009
0.083605562
0.085138075
0.13737022
0.39118227
0.38992036
0.3886135
0.38726077
0.38586057
0.384412
0.38291343
0.38136398
0.379762
0.37810662
0.3763962
0.37462989
0.37280608
0.37092394
0.36898191
0.36697921
0.36491434
0.36278657
0.36059453
0.3583375
0.35601431
0.35362423
0.35116635
0.34863993
0.34604437
0.3433789
0.3406433
0.33783677
0.33495953
0.33201072
0.32899108
0.3258997
0.32273783
0.31950457
0.31620169
0.31282837
0.3093868
0.30587641
0.3022997
0.29865647
0.29494941
0.29117887
0.2873476
0.28345656
0.27950862
0.27550512
0.27144947
0.26734274
0.26318975
0.25899019
0.25475149
0.25047065
0.24615887
0.24180967
0.23743797
0.2330348
0.22861666
0.22417521
0.21972455
0.21526089
0.21079292
0.206322
0.20185408
0.19738911
0.19293978
0.18849467
0.18407914
0.17967305
0.17529955
0.17095573
0.16663292
0.16236541
0.15811544
0.15392427
0.14976998
0.14567161
0.14160283
0.13763696
0.13365502
0.1298001
0.12597629
0.12219965
0.11851114
0.11490196
0.11133536
0.10776655
0.10451781
0.10097902
0.097865712
0.094397293
0.09172066
0.088269265
0.085223984
0.082908647
0.079414191
0.08334009
0.39118305
0.38992116
0.3886144
0.38726169
0.3858616
0.38441305
0.38291459
0.38136516
0.37976328
0.37810791
0.37639759
0.37463128
0.37280755
0.3709254
0.36898345
0.36698071
0.36491591
0.3627881
0.36059612
0.35833904
0.35601589
0.35362576
0.35116791
0.34864144
0.34604589
0.34338037
0.34064478
0.33783821
0.33496095
0.33201213
0.32899244
0.32590107
0.32273913
0.31950592
0.31620292
0.3128297
0.30938798
0.30587773
0.3023008
0.2986578
0.29495045
0.29118023
0.28734858
0.28345796
0.27950953
0.27550659
0.2714503
0.2673443
0.26319051
0.25899186
0.25475217
0.25047246
0.24615947
0.24181162
0.23743852
0.2330369
0.22861718
0.22417747
0.21972505
0.21526334
0.21079342
0.20632464
0.20185463
0.1973919
0.19294049
0.18849748
0.18408025
0.17967556
0.17530153
0.17095756
0.16663622
0.16236608
0.15812069
0.1539232
0.14977776
0.14566839
0.14161331
0.13763212
0.13366673
0.12979627
0.12598607
0.12219966
0.11851752
0.11490678
0.11133497
0.10778454
0.10450154
0.10100734
0.0978627
0.094379994
0.091799388
0.088109327
0.085595561
0.082143535
0.080199233
0.076384169
0.3911839
0.38992205
0.38861536
0.3872627
0.38586268
0.38441419
0.38291581
0.38136643
0.37976462
0.3781093
0.37639904
0.37463276
0.37280908
0.37092695
0.36898504
0.36698231
0.36491754
0.36278972
0.36059776
0.35834067
0.35601753
0.35362738
0.35116952
0.34864303
0.34604747
0.34338193
0.34064631
0.33783972
0.33496243
0.33201359
0.32899386
0.32590249
0.32274049
0.31950729
0.31620422
0.31283102
0.30938922
0.30587902
0.30230199
0.29865906
0.29495158
0.29118147
0.28734966
0.28345919
0.27951056
0.27550781
0.2714513
0.26734553
0.26319148
0.2589931
0.25475312
0.25047373
0.24616041
0.24181293
0.23743946
0.23303827
0.22861814
0.22417891
0.21972604
0.21526486
0.21079445
0.20632625
0.20185573
0.19739359
0.19294172
0.18849923
0.18408169
0.17967729
0.1753033
0.17095915
0.1666385
0.16236738
0.15812369
0.153924
0.14978168
0.14566865
0.14161811
0.13763214
0.13367188
0.12979695
0.12599059
0.12220172
0.11852114
0.11491045
0.11133698
0.10779203
0.10450018
0.10101513
0.097870497
0.094368384
0.091838951
0.088049037
0.085713618
0.082025836
0.080222309
0.075800336
0.39118483
0.38992303
0.3886164
0.3872638
0.38586384
0.38441542
0.3829171
0.38136778
0.37976603
0.37811076
0.37640055
0.37463431
0.37281068
0.37092858
0.3689867
0.36698399
0.36491924
0.36279144
0.36059948
0.35834239
0.35601924
0.35362909
0.35117122
0.34864471
0.34604912
0.34338357
0.34064792
0.33784131
0.33496398
0.33201512
0.32899535
0.32590395
0.32274192
0.3195087
0.31620559
0.31283237
0.30939052
0.30588032
0.30230323
0.29866031
0.29495277
0.29118267
0.2873508
0.28346035
0.27951165
0.27550893
0.27145235
0.26734663
0.2631925
0.25899418
0.25475411
0.2504748
0.24616139
0.241814
0.23744044
0.23303935
0.22861913
0.22418002
0.21972705
0.215266
0.21079549
0.20632743
0.20185681
0.19739484
0.19294287
0.18850052
0.18408296
0.17967862
0.17530471
0.17096051
0.16664011
0.16236877
0.15812553
0.15392541
0.14978382
0.14567
0.14162059
0.13763354
0.1336745
0.12979872
0.12599315
0.12220399
0.1185238
0.11491311
0.11133951
0.10779566
0.10450235
0.10101835
0.097875859
0.094367806
0.091848993
0.088043017
0.08573297
0.082018565
0.080219904
0.075758487
0.39118584
0.38992409
0.38861751
0.38726497
0.38586508
0.38441671
0.38291846
0.3813692
0.37976751
0.37811229
0.37640213
0.37463594
0.37281235
0.37093029
0.36898843
0.36698575
0.36492102
0.36279323
0.36060128
0.35834419
0.35602104
0.35363088
0.351173
0.34864647
0.34605086
0.34338528
0.34064961
0.33784297
0.33496561
0.33201672
0.32899692
0.32590549
0.32274341
0.31951016
0.31620702
0.31283377
0.30939188
0.30588165
0.30230452
0.29866157
0.294954
0.29118387
0.28735196
0.2834615
0.27951277
0.27551003
0.27145342
0.26734768
0.26319352
0.2589952
0.2547551
0.25047579
0.24616235
0.24181497
0.23744138
0.23304031
0.22862006
0.22418097
0.21972798
0.21526696
0.21079643
0.20632841
0.20185778
0.19739585
0.19294388
0.18850157
0.18408402
0.17967971
0.17530585
0.17096165
0.16664133
0.16236998
0.15812685
0.15392669
0.14978527
0.14567137
0.14162218
0.13763502
0.13367623
0.12980038
0.12599498
0.12220583
0.11852579
0.11491513
0.11134163
0.107798
0.10450465
0.10102072
0.097878888
0.094369861
0.091852516
0.088045072
0.085737538
0.082020904
0.080222257
0.075758558
0.39118692
0.38992523
0.3886187
0.38726621
0.38586638
0.38441808
0.38291988
0.38137068
0.37976906
0.37811389
0.37640379
0.37463764
0.37281409
0.37093207
0.36899025
0.36698759
0.36492288
0.3627951
0.36060316
0.35834608
0.35602292
0.35363275
0.35117486
0.34864831
0.34605269
0.34338708
0.34065138
0.33784471
0.33496732
0.3320184
0.32899856
0.3259071
0.32274498
0.31951169
0.31620851
0.31283523
0.3093933
0.30588303
0.30230587
0.29866288
0.29495527
0.29118511
0.28735316
0.28346267
0.2795139
0.27551114
0.27145449
0.26734873
0.26319453
0.25899619
0.25475606
0.25047674
0.24616328
0.24181588
0.23744228
0.23304119
0.22862093
0.22418183
0.21972884
0.21526781
0.21079728
0.20632927
0.20185863
0.19739671
0.19294475
0.18850245
0.18408491
0.17968062
0.17530678
0.1709626
0.16664231
0.16237097
0.15812789
0.15392775
0.14978638
0.1456725
0.14162339
0.13763624
0.13367752
0.12980172
0.12599637
0.12220728
0.11852732
0.11491671
0.11134328
0.10779975
0.10450645
0.1010226
0.097880932
0.094371906
0.091854704
0.088047389
0.085740011
0.082023408
0.08022483
0.075761081
0.39118809
0.38992644
0.38861996
0.38726754
0.38586776
0.38441951
0.38292138
0.38137224
0.37977067
0.37811556
0.37640551
0.37463941
0.37281591
0.37093392
0.36899213
0.3669895
0.36492482
0.36279705
0.36060512
0.35834804
0.35602489
0.35363471
0.3511768
0.34865024
0.3460546
0.34338897
0.34065323
0.33784654
0.33496911
0.33202016
0.32900028
0.32590878
0.32274663
0.3195133
0.31621007
0.31283675
0.30939478
0.30588447
0.30230726
0.29866423
0.29495658
0.29118638
0.2873544
0.28346386
0.27951506
0.27551226
0.27145557
0.26734978
0.26319555
0.25899718
0.25475702
0.25047767
0.24616418
0.24181676
0.23744314
0.23304203
0.22862175
0.22418264
0.21972963
0.21526859
0.21079805
0.20633003
0.20185939
0.19739747
0.1929455
0.18850321
0.18408567
0.17968139
0.17530756
0.17096339
0.16664311
0.16237179
0.15812873
0.15392861
0.14978727
0.14567341
0.14162433
0.13763721
0.13367853
0.12980276
0.12599746
0.12220841
0.1185285
0.11491793
0.11134455
0.10780109
0.10450784
0.10102406
0.097882455
0.094373513
0.091856359
0.088049147
0.085741831
0.082025326
0.080226803
0.075763149
0.39118933
0.38992773
0.3886213
0.38726893
0.38586921
0.38442102
0.38292295
0.38137387
0.37977235
0.3781173
0.3764073
0.37464125
0.37281779
0.37093584
0.36899409
0.36699149
0.36492683
0.36279908
0.36060716
0.35835009
0.35602693
0.35363675
0.35117883
0.34865226
0.34605659
0.34339093
0.34065517
0.33784845
0.33497099
0.332022
0.32900208
0.32591054
0.32274835
0.31951497
0.31621171
0.31283834
0.30939632
0.30588597
0.30230872
0.29866564
0.29495794
0.2911877
0.28735567
0.2834651
0.27951625
0.27551341
0.27145668
0.26735085
0.26319658
0.25899818
0.25475798
0.2504786
0.24616508
0.24181763
0.23744398
0.23304284
0.22862254
0.2241834
0.21973038
0.21526932
0.21079876
0.20633073
0.20186007
0.19739814
0.19294617
0.18850387
0.18408633
0.17968205
0.17530822
0.17096405
0.16664378
0.16237247
0.15812941
0.15392931
0.14978798
0.14567414
0.14162509
0.13763798
0.13367932
0.12980359
0.1259983
0.1222093
0.11852941
0.11491888
0.11134554
0.10780213
0.10450891
0.10102519
0.097883613
0.094374755
0.091857626
0.088050486
0.085743215
0.082026788
0.080228305
0.075764706
0.39119064
0.38992909
0.38862272
0.3872704
0.38587074
0.38442261
0.38292459
0.38137556
0.37977411
0.37811911
0.37640916
0.37464316
0.37281974
0.37093783
0.36899612
0.36699355
0.36492891
0.36280118
0.36060928
0.35835221
0.35602905
0.35363887
0.35118094
0.34865435
0.34605867
0.34339299
0.3406572
0.33785044
0.33497295
0.33202392
0.32900397
0.32591238
0.32275014
0.31951673
0.31621341
0.31284
0.30939793
0.30588753
0.30231023
0.29866711
0.29495936
0.29118907
0.287357
0.28346637
0.27951748
0.27551459
0.27145782
0.26735195
0.26319763
0.25899919
0.25475895
0.25047953
0.24616597
0.24181849
0.2374448
0.23304364
0.22862331
0.22418414
0.21973109
0.21527001
0.21079943
0.20633138
0.2018607
0.19739876
0.19294677
0.18850446
0.18408691
0.17968262
0.17530879
0.17096461
0.16664435
0.16237303
0.15812998
0.15392989
0.14978856
0.14567472
0.14162569
0.13763859
0.13367995
0.12980423
0.12599896
0.12220998
0.11853012
0.11491962
0.11134629
0.10780293
0.10450972
0.10102606
0.097884491
0.094375709
0.091858592
0.088051504
0.085744263
0.082027896
0.080229444
0.075765873
0.39119204
0.38993054
0.38862421
0.38727195
0.38587234
0.38442426
0.3829263
0.38137733
0.37977593
0.37812098
0.37641108
0.37464514
0.37282176
0.3709399
0.36899822
0.36699568
0.36493107
0.36280336
0.36061147
0.35835441
0.35603126
0.35364107
0.35118313
0.34865653
0.34606083
0.34339513
0.34065931
0.33785252
0.334975
0.33202593
0.32900593
0.3259143
0.32275202
0.31951856
0.3162152
0.31284173
0.30939961
0.30588916
0.30231181
0.29866864
0.29496084
0.2911905
0.28735837
0.28346769
0.27951875
0.27551581
0.27145899
0.26735307
0.26319871
0.25900022
0.25475994
0.25048048
0.24616688
0.24181936
0.23744563
0.23304443
0.22862406
0.22418486
0.21973178
0.21527067
0.21080007
0.20633199
0.20186129
0.19739933
0.19294732
0.18850499
0.18408743
0.17968312
0.17530929
0.1709651
0.16664483
0.16237351
0.15813045
0.15393036
0.14978903
0.1456752
0.14162616
0.13763907
0.13368044
0.12980474
0.12599948
0.12221051
0.11853067
0.11492018
0.11134687
0.10780355
0.10451034
0.10102672
0.09788515
0.094376437
0.091859321
0.088052273
0.085745049
0.08202873
0.0802303
0.075766736
0.39119352
0.38993206
0.38862578
0.38727357
0.38587401
0.38442599
0.38292808
0.38137916
0.37977782
0.37812293
0.37641308
0.37464718
0.37282385
0.37094203
0.36900039
0.36699788
0.3649333
0.36280562
0.36061374
0.35835669
0.35603355
0.35364336
0.35118541
0.3486588
0.34606308
0.34339735
0.34066151
0.33785469
0.33497713
0.33202802
0.32900799
0.32591631
0.32275398
0.31952047
0.31621706
0.31284354
0.30940137
0.30589086
0.30231346
0.29867023
0.29496238
0.29119198
0.2873598
0.28346907
0.27952007
0.27551708
0.2714602
0.26735423
0.26319982
0.25900128
0.25476095
0.25048144
0.2461678
0.24182023
0.23744646
0.23304522
0.22862482
0.22418558
0.21973246
0.21527131
0.21080068
0.20633257
0.20186185
0.19739986
0.19294782
0.18850548
0.1840879
0.17968357
0.17530972
0.17096552
0.16664524
0.16237391
0.15813084
0.15393075
0.14978941
0.14567558
0.14162655
0.13763945
0.13368083
0.12980513
0.12599987
0.12221091
0.11853108
0.11492061
0.1113473
0.10780401
0.10451081
0.10102721
0.097885635
0.094376988
0.091859864
0.088052843
0.08574563
0.082029348
0.080230935
0.07576736
0.39119507
0.38993366
0.38862743
0.38727527
0.38587576
0.38442779
0.38292994
0.38138107
0.37977978
0.37812494
0.37641515
0.3746493
0.37282602
0.37094423
0.36900263
0.36700016
0.3649356
0.36280794
0.36061609
0.35835905
0.35603591
0.35364572
0.35118777
0.34866115
0.34606541
0.34339967
0.3406638
0.33785694
0.33497935
0.3320302
0.32901013
0.32591841
0.32275603
0.31952247
0.316219
0.31284543
0.30940321
0.30589264
0.30231518
0.29867189
0.29496398
0.29119353
0.28736129
0.28347049
0.27952144
0.27551839
0.27146146
0.26735543
0.26320096
0.25900237
0.25476199
0.25048243
0.24616873
0.24182112
0.2374473
0.23304601
0.22862557
0.22418629
0.21973313
0.21527195
0.21080128
0.20633314
0.20186238
0.19740037
0.1929483
0.18850593
0.18408833
0.17968398
0.17531011
0.17096589
0.16664559
0.16237425
0.15813117
0.15393107
0.14978972
0.14567588
0.14162685
0.13763975
0.13368112
0.12980543
0.12600017
0.12221122
0.11853139
0.11492093
0.11134762
0.10780435
0.10451115
0.10102758
0.097885982
0.094377397
0.091860257
0.088053255
0.085746047
0.082029796
0.080231395
0.075767794
0.39119671
0.38993534
0.38862916
0.38727704
0.38587759
0.38442967
0.38293187
0.38138306
0.37978182
0.37812703
0.37641728
0.37465148
0.37282825
0.37094651
0.36900494
0.36700251
0.36493798
0.36281035
0.36061851
0.35836149
0.35603836
0.35364817
0.35119022
0.34866358
0.34606783
0.34340207
0.34066617
0.33785929
0.33498166
0.33203247
0.32901235
0.32592059
0.32275816
0.31952455
0.31622103
0.3128474
0.30940512
0.3058945
0.30231698
0.29867363
0.29496565
0.29119514
0.28736283
0.28347198
0.27952286
0.27551975
0.27146276
0.26735667
0.26320214
0.25900349
0.25476305
0.25048344
0.24616969
0.24182202
0.23744816
0.23304682
0.22862633
0.224187
0.21973381
0.21527258
0.21080187
0.20633369
0.2018629
0.19740085
0.19294876
0.18850636
0.18408873
0.17968435
0.17531046
0.17096622
0.1666459
0.16237455
0.15813144
0.15393133
0.14978998
0.14567612
0.14162709
0.13763998
0.13368134
0.12980565
0.12600039
0.12221143
0.11853161
0.11492115
0.11134783
0.10780459
0.10451138
0.10102784
0.097886216
0.094377691
0.091860527
0.088053538
0.085746333
0.082030108
0.080231713
0.075768075
0.39119843
0.38993711
0.38863097
0.3872789
0.38587949
0.38443162
0.38293387
0.38138511
0.37978392
0.37812919
0.37641949
0.37465374
0.37283055
0.37094885
0.36900733
0.36700493
0.36494043
0.36281283
0.36062101
0.358364
0.35604088
0.3536507
0.35119274
0.3486661
0.34607033
0.34340455
0.34066863
0.33786172
0.33498405
0.33203483
0.32901467
0.32592286
0.32276038
0.31952671
0.31622314
0.31284945
0.30940711
0.30589643
0.30231885
0.29867543
0.29496739
0.29119681
0.28736444
0.28347352
0.27952434
0.27552117
0.2714641
0.26735795
0.26320336
0.25900465
0.25476415
0.25048448
0.24617067
0.24182294
0.23744903
0.23304763
0.22862709
0.22418772
0.21973448
0.2152732
0.21080245
0.20633424
0.2018634
0.19740132
0.19294919
0.18850676
0.1840891
0.1796847
0.17531078
0.17096651
0.16664618
0.1623748
0.15813168
0.15393155
0.14979018
0.14567631
0.14162727
0.13764015
0.13368151
0.12980581
0.12600053
0.12221158
0.11853176
0.1149213
0.11134797
0.10780475
0.10451153
0.101028
0.097886354
0.094377891
0.091860698
0.088053716
0.085746511
0.082030306
0.080231916
0.075768231
0.39120023
0.38993895
0.38863286
0.38728084
0.38588148
0.38443366
0.38293595
0.38138725
0.37978611
0.37813142
0.37642177
0.37465606
0.37283292
0.37095127
0.36900978
0.36700742
0.36494295
0.36281538
0.36062358
0.35836659
0.35604348
0.3536533
0.35119535
0.3486687
0.34607292
0.34340712
0.34067118
0.33786424
0.33498654
0.33203728
0.32901707
0.32592521
0.32276269
0.31952896
0.31622534
0.31285159
0.30940919
0.30589844
0.30232079
0.29867731
0.29496921
0.29119855
0.28736611
0.28347512
0.27952587
0.27552263
0.2714655
0.26735928
0.26320462
0.25900585
0.25476528
0.25048554
0.24617167
0.24182389
0.23744991
0.23304846
0.22862787
0.22418844
0.21973515
0.21527383
0.21080303
0.20633477
0.2018639
0.19740178
0.1929496
0.18850714
0.18408945
0.17968501
0.17531107
0.17096677
0.16664641
0.16237501
0.15813187
0.15393173
0.14979033
0.14567645
0.1416274
0.13764026
0.13368161
0.12980591
0.12600062
0.12221167
0.11853184
0.11492138
0.11134804
0.10780483
0.1045116
0.10102809
0.097886409
0.094378012
0.091860787
0.088053807
0.085746593
0.082030408
0.080232022
0.075768285
0.39120212
0.38994088
0.38863483
0.38728285
0.38588354
0.38443577
0.38293811
0.38138945
0.37978836
0.37813372
0.37642412
0.37465846
0.37283536
0.37095375
0.36901231
0.36700998
0.36494555
0.362818
0.36062623
0.35836926
0.35604616
0.35365599
0.35119804
0.34867139
0.34607559
0.34340978
0.34067381
0.33786684
0.33498911
0.33203981
0.32901956
0.32592766
0.32276508
0.3195313
0.31622762
0.31285381
0.30941135
0.30590053
0.30232281
0.29867926
0.29497109
0.29120036
0.28736785
0.28347679
0.27952746
0.27552415
0.27146695
0.26736066
0.26320593
0.25900708
0.25476644
0.25048664
0.2461727
0.24182486
0.23745082
0.23304931
0.22862866
0.22418917
0.21973583
0.21527445
0.21080361
0.2063353
0.20186438
0.19740222
0.19295
0.18850751
0.18408977
0.1796853
0.17531134
0.170967
0.16664662
0.16237519
0.15813202
0.15393187
0.14979045
0.14567655
0.14162748
0.13764033
0.13368167
0.12980597
0.12600066
0.12221169
0.11853187
0.11492141
0.11134805
0.10780486
0.10451161
0.10102812
0.097886392
0.094378061
0.091860802
0.088053819
0.085746595
0.082030431
0.080232047
0.07576825
0.39120409
0.38994289
0.38863688
0.38728495
0.38588568
0.38443795
0.38294035
0.38139174
0.37979069
0.3781361
0.37642655
0.37466093
0.37283788
0.37095631
0.3690149
0.36701262
0.36494822
0.3628207
0.36062895
0.358372
0.35604892
0.35365876
0.35120081
0.34867415
0.34607835
0.34341252
0.34067653
0.33786954
0.33499177
0.33204244
0.32902215
0.32593019
0.32276757
0.31953373
0.31622999
0.31285611
0.30941359
0.3059027
0.30232492
0.29868129
0.29497304
0.29120224
0.28736966
0.28347852
0.27952911
0.27552572
0.27146844
0.26736208
0.26320727
0.25900835
0.25476764
0.25048777
0.24617376
0.24182585
0.23745174
0.23305017
0.22862946
0.22418991
0.21973651
0.21527507
0.21080418
0.20633582
0.20186485
0.19740265
0.19295039
0.18850785
0.18409008
0.17968557
0.17531157
0.1709672
0.16664679
0.16237534
0.15813214
0.15393197
0.14979053
0.14567661
0.14162753
0.13764035
0.13368168
0.12980597
0.12600064
0.12221167
0.11853185
0.11492138
0.111348
0.10780482
0.10451157
0.10102808
0.09788632
0.094378056
0.091860758
0.088053767
0.085746537
0.082030392
0.080232009
0.075768142
0.39120614
0.38994498
0.38863902
0.38728713
0.3858879
0.38444022
0.38294266
0.3813941
0.3797931
0.37813855
0.37642905
0.37466348
0.37284047
0.37095894
0.36901758
0.36701533
0.36495096
0.36282347
0.36063175
0.35837482
0.35605175
0.3536616
0.35120366
0.348677
0.34608119
0.34341535
0.34067934
0.33787232
0.33499453
0.33204515
0.32902482
0.32593282
0.32277014
0.31953625
0.31623244
0.31285851
0.30941591
0.30590496
0.3023271
0.2986834
0.29497507
0.29120419
0.28737153
0.28348031
0.27953082
0.27552735
0.27146999
0.26736355
0.26320866
0.25900967
0.25476888
0.25048893
0.24617484
0.24182686
0.23745268
0.23305104
0.22863026
0.22419065
0.21973719
0.2152757
0.21080475
0.20633634
0.20186532
0.19740306
0.19295075
0.18850818
0.18409036
0.17968582
0.17531178
0.17096738
0.16664694
0.16237546
0.15813223
0.15393203
0.14979057
0.14567662
0.14162753
0.13764034
0.13368164
0.12980593
0.12600059
0.1222116
0.11853178
0.1149213
0.1113479
0.10780474
0.10451147
0.10102799
0.09788618
0.094377997
0.091860655
0.08805365
0.085746407
0.082030287
0.080231904
0.075767962
0.39120828
0.38994716
0.38864124
0.38728939
0.38589021
0.38444257
0.38294506
0.38139654
0.37979559
0.37814109
0.37643163
0.3746661
0.37284313
0.37096165
0.36902032
0.36701811
0.36495378
0.36282632
0.36063462
0.35837772
0.35605466
0.35366453
0.35120659
0.34867993
0.34608412
0.34341826
0.34068224
0.33787519
0.33499737
0.33204796
0.32902758
0.32593554
0.3227728
0.31953886
0.31623499
0.31286099
0.30941832
0.30590729
0.30232936
0.29868558
0.29497718
0.29120622
0.28737347
0.28348216
0.2795326
0.27552904
0.2714716
0.26736507
0.2632101
0.25901102
0.25477015
0.25049012
0.24617596
0.2418279
0.23745364
0.23305193
0.22863108
0.2241914
0.21973788
0.21527633
0.21080532
0.20633685
0.20186577
0.19740347
0.19295111
0.18850849
0.18409063
0.17968604
0.17531197
0.17096752
0.16664705
0.16237554
0.15813228
0.15393206
0.14979057
0.1456766
0.14162749
0.13764028
0.13368156
0.12980584
0.12600048
0.12221148
0.11853166
0.11492117
0.11134774
0.10780461
0.10451133
0.10102785
0.097885987
0.094377883
0.091860499
0.088053475
0.085746219
0.082030124
0.080231741
0.075767719
0.39121051
0.38994943
0.38864355
0.38729174
0.3858926
0.38444501
0.38294753
0.38139906
0.37979815
0.3781437
0.37643428
0.3746688
0.37284588
0.37096443
0.36902315
0.36702097
0.36495667
0.36282924
0.36063758
0.35838069
0.35605766
0.35366753
0.3512096
0.34868295
0.34608713
0.34342126
0.34068522
0.33787816
0.3350003
0.33205086
0.32903044
0.32593835
0.32277556
0.31954156
0.31623763
0.31286356
0.30942082
0.30590972
0.30233171
0.29868785
0.29497936
0.29120831
0.28737548
0.28348409
0.27953443
0.27553078
0.27147325
0.26736663
0.26321158
0.25901241
0.25477145
0.25049134
0.2461771
0.24182896
0.23745463
0.23305284
0.22863192
0.22419216
0.21973857
0.21527695
0.21080588
0.20633735
0.20186622
0.19740386
0.19295145
0.18850878
0.18409087
0.17968624
0.17531213
0.17096764
0.16664714
0.16237559
0.1581323
0.15393206
0.14979054
0.14567654
0.14162742
0.13764018
0.13368144
0.12980572
0.12600034
0.12221132
0.11853149
0.114921
0.11134754
0.10780442
0.10451113
0.10102766
0.09788574
0.094377723
0.091860291
0.088053246
0.085745977
0.082029908
0.080231525
0.075767418
0.39121283
0.38995179
0.38864594
0.38729418
0.38589508
0.38444753
0.3829501
0.38140167
0.3798008
0.37814639
0.37643702
0.37467158
0.3728487
0.3709673
0.36902605
0.36702391
0.36495965
0.36283225
0.36064061
0.35838375
0.35606074
0.35367063
0.3512127
0.34868605
0.34609023
0.34342436
0.3406883
0.33788121
0.33500333
0.33205385
0.32903339
0.32594125
0.32277841
0.31954435
0.31624036
0.31286622
0.30942341
0.30591223
0.30233414
0.2986902
0.29498163
0.29121049
0.28737757
0.28348608
0.27953633
0.27553259
0.27147497
0.26736825
0.2632131
0.25901385
0.2547728
0.2504926
0.24617826
0.24183004
0.23745563
0.23305376
0.22863276
0.22419293
0.21973927
0.21527757
0.21080644
0.20633784
0.20186665
0.19740424
0.19295177
0.18850905
0.18409109
0.17968641
0.17531226
0.17096773
0.16664719
0.16237561
0.15813228
0.15393201
0.14979046
0.14567644
0.1416273
0.13764004
0.13368128
0.12980554
0.12600014
0.12221111
0.11853128
0.11492078
0.11134729
0.10780419
0.10451089
0.10102742
0.097885442
0.094377516
0.091860031
0.088052964
0.085745684
0.082029642
0.080231257
0.075767058
0.39121524
0.38995424
0.38864843
0.3872967
0.38589765
0.38445014
0.38295275
0.38140436
0.37980354
0.37814918
0.37643985
0.37467445
0.37285161
0.37097025
0.36902904
0.36702694
0.36496271
0.36283535
0.36064373
0.3583869
0.35606391
0.35367381
0.3512159
0.34868925
0.34609343
0.34342754
0.34069147
0.33788437
0.33500646
0.33205694
0.32903644
0.32594426
0.32278137
0.31954725
0.31624319
0.31286898
0.3094261
0.30591484
0.30233666
0.29869264
0.29498397
0.29121274
0.28737973
0.28348814
0.2795383
0.27553446
0.27147674
0.26736993
0.26321468
0.25901532
0.25477418
0.25049389
0.24617946
0.24183115
0.23745664
0.23305469
0.22863361
0.2241937
0.21973996
0.2152782
0.21080699
0.20633833
0.20186707
0.1974046
0.19295207
0.18850929
0.18409129
0.17968656
0.17531237
0.17096779
0.16664721
0.1623756
0.15813223
0.15393193
0.14979035
0.1456763
0.14162714
0.13763985
0.13368107
0.12980533
0.12599991
0.12221085
0.11853102
0.11492052
0.11134699
0.10780391
0.1045106
0.10102713
0.097885089
0.094377263
0.091859726
0.088052629
0.085745335
0.082029326
0.08023094
0.075766644
0.39121775
0.38995678
0.38865102
0.38729933
0.38590031
0.38445284
0.3829555
0.38140715
0.37980638
0.37815205
0.37644277
0.37467741
0.37285462
0.3709733
0.36903213
0.36703006
0.36496587
0.36283853
0.36064695
0.35839014
0.35606717
0.35367709
0.35121918
0.34869254
0.34609672
0.34343083
0.34069475
0.33788762
0.33500968
0.33206014
0.3290396
0.32594737
0.32278442
0.31955024
0.31624612
0.31287184
0.30942888
0.30591754
0.30233928
0.29869516
0.29498641
0.29121508
0.28738197
0.28349028
0.27954033
0.27553639
0.27147857
0.26737165
0.2632163
0.25901685
0.2547756
0.25049521
0.24618069
0.24183228
0.23745769
0.23305564
0.22863448
0.22419448
0.21974066
0.21527882
0.21080754
0.20633881
0.20186748
0.19740494
0.19295235
0.18850952
0.18409146
0.17968668
0.17531244
0.17096782
0.1666472
0.16237555
0.15813214
0.15393181
0.1497902
0.14567611
0.14162694
0.13763962
0.13368081
0.12980506
0.12599962
0.12221055
0.11853071
0.1149202
0.11134664
0.10780359
0.10451026
0.10102679
0.097884694
0.094376968
0.091859359
0.088052235
0.085744945
0.082028966
0.080230576
0.075766171
0.39122036
0.38995944
0.38865371
0.38730206
0.38590308
0.38445565
0.38295835
0.38141005
0.37980931
0.37815503
0.37644579
0.37468048
0.37285772
0.37097644
0.36903531
0.36703328
0.36496912
0.36284182
0.36065027
0.35839348
0.35607053
0.35368047
0.35122258
0.34869595
0.34610012
0.34343423
0.34069813
0.33789099
0.33501303
0.33206345
0.32904287
0.32595059
0.32278759
0.31955335
0.31624916
0.31287481
0.30943177
0.30592035
0.302342
0.29869779
0.29498894
0.29121751
0.28738429
0.2834925
0.27954245
0.2755384
0.27148046
0.26737344
0.26321798
0.25901842
0.25477707
0.25049658
0.24618195
0.24183344
0.23745875
0.23305661
0.22863535
0.22419527
0.21974137
0.21527944
0.21080808
0.20633928
0.20186787
0.19740527
0.19295262
0.18850972
0.18409161
0.17968677
0.17531249
0.17096781
0.16664715
0.16237546
0.15813201
0.15393165
0.14979001
0.14567589
0.14162669
0.13763935
0.13368051
0.12980476
0.12599929
0.12221019
0.11853036
0.11491984
0.11134625
0.10780321
0.10450986
0.1010264
0.097884242
0.094376627
0.091858947
0.088051789
0.085744496
0.082028556
0.080230164
0.075765646
0.39122309
0.3899622
0.38865651
0.3873049
0.38590596
0.38445858
0.38296131
0.38141305
0.37981236
0.37815812
0.37644892
0.37468365
0.37286094
0.3709797
0.3690386
0.36703661
0.36497249
0.36284522
0.3606537
0.35839694
0.35607401
0.35368397
0.35122609
0.34869947
0.34610365
0.34343775
0.34070164
0.33789448
0.33501649
0.33206688
0.32904626
0.32595393
0.32279088
0.31955658
0.31625233
0.3128779
0.30943478
0.30592327
0.30234483
0.29870052
0.29499157
0.29122004
0.28738671
0.28349481
0.27954464
0.27554048
0.27148243
0.2673753
0.26321972
0.25902005
0.25477858
0.25049798
0.24618325
0.24183463
0.23745984
0.2330576
0.22863625
0.22419607
0.21974208
0.21528007
0.21080862
0.20633974
0.20186826
0.19740559
0.19295286
0.18850991
0.18409174
0.17968684
0.1753125
0.17096778
0.16664707
0.16237534
0.15813184
0.15393145
0.14978978
0.14567562
0.1416264
0.13763903
0.13368017
0.1298044
0.12599891
0.12220979
0.11852996
0.11491943
0.1113458
0.10780279
0.10450943
0.10102596
0.097883733
0.09437624
0.09185849
0.088051295
0.085743992
0.082028092
0.080229699
0.075765067
0.39122594
0.38996508
0.38865943
0.38730786
0.38590897
0.38446162
0.3829644
0.38141618
0.37981553
0.37816133
0.37645217
0.37468695
0.37286428
0.37098308
0.36904203
0.36704008
0.36497599
0.36284875
0.36065726
0.35840053
0.35607762
0.3536876
0.35122974
0.34870312
0.3461073
0.3434414
0.34070528
0.3378981
0.33502009
0.33207045
0.32904979
0.32595742
0.32279431
0.31955995
0.31625562
0.31288112
0.30943791
0.30592631
0.30234778
0.29870337
0.29499431
0.29122267
0.28738923
0.28349722
0.27954693
0.27554265
0.27148448
0.26737723
0.26322153
0.25902174
0.25478016
0.25049944
0.24618459
0.24183586
0.23746097
0.23305862
0.22863717
0.22419689
0.2197428
0.2152807
0.21080917
0.2063402
0.20186864
0.1974059
0.1929531
0.18851008
0.18409184
0.17968688
0.17531249
0.17096771
0.16664695
0.16237519
0.15813164
0.15393121
0.14978951
0.14567531
0.14162607
0.13763868
0.13367978
0.129804
0.12599849
0.12220934
0.11852951
0.11491897
0.1113453
0.10780232
0.10450894
0.10102547
0.097883174
0.09437581
0.091857981
0.088050743
0.08574344
0.082027586
0.08022919
0.07576443
0.39122892
0.3899681
0.38866249
0.38731096
0.38591211
0.3844648
0.38296763
0.38141945
0.37981884
0.37816469
0.37645557
0.37469039
0.37286776
0.37098661
0.36904559
0.36704368
0.36497963
0.36285243
0.36066097
0.35840427
0.35608139
0.35369138
0.35123354
0.34870693
0.34611112
0.34344521
0.34070908
0.33790188
0.33502385
0.33207417
0.32905348
0.32596105
0.32279789
0.31956346
0.31625906
0.31288448
0.30944119
0.30592949
0.30235086
0.29870634
0.29499718
0.29122542
0.28739186
0.28349973
0.27954932
0.27554492
0.27148662
0.26737924
0.26322342
0.2590235
0.25478179
0.25050095
0.24618599
0.24183714
0.23746213
0.23305967
0.22863811
0.22419773
0.21974355
0.21528134
0.21080972
0.20634067
0.20186902
0.1974062
0.19295333
0.18851023
0.18409193
0.1796869
0.17531246
0.17096762
0.16664681
0.162375
0.1581314
0.15393094
0.1497892
0.14567496
0.1416257
0.13763827
0.13367934
0.12980356
0.12599802
0.12220885
0.11852901
0.11491847
0.11134475
0.10780181
0.10450841
0.10102494
0.097882565
0.094375338
0.091857423
0.088050146
0.08574284
0.08202703
0.080228631
0.075763741
0.3912319
0.38997112
0.38866555
0.38731405
0.38591524
0.38446797
0.38297084
0.3814227
0.37982214
0.37816803
0.37645896
0.37469382
0.37287123
0.37099011
0.36904914
0.36704727
0.36498326
0.36285609
0.36066466
0.35840799
0.35608513
0.35369515
0.35123732
0.34871072
0.34611491
0.34344901
0.34071287
0.33790566
0.3350276
0.33207789
0.32905716
0.32596469
0.32280147
0.31956697
0.3162625
0.31288784
0.30944447
0.30593267
0.30235394
0.29870932
0.29500004
0.29122816
0.28739448
0.28350222
0.27955169
0.27554715
0.27148872
0.26738121
0.26322526
0.25902521
0.25478337
0.25050241
0.24618731
0.24183835
0.23746321
0.23306064
0.22863897
0.22419847
0.21974419
0.21528188
0.21081016
0.20634102
0.20186928
0.19740639
0.19295343
0.18851026
0.18409189
0.17968679
0.1753123
0.1709674
0.16664653
0.16237467
0.15813102
0.15393053
0.14978874
0.14567446
0.14162518
0.13763772
0.13367876
0.12980297
0.1259974
0.1222082
0.11852837
0.11491782
0.11134405
0.10780115
0.10450771
0.10102428
0.097881776
0.094374732
0.091856698
0.088049433
0.085742064
0.082026294
0.080227893
0.07576286
)
;

boundaryField
{
    inlet
    {
        type            fixedValue;
        value           uniform 0.7098;
    }
    outlet
    {
        type            inletOutlet;
        inletValue      uniform 0.7098;
        value           nonuniform List<scalar> 
80
(
13.608702
17.0165
15.897208
15.497379
15.322557
15.221524
15.149873
15.090798
15.036802
14.984108
14.93061
14.875022
14.816478
14.754339
14.688089
14.617274
14.54147
14.460259
14.373212
14.279884
14.179796
14.072438
13.95725
13.833622
13.700884
13.558295
13.40504
13.240209
13.062812
12.871945
12.666436
12.44494
12.206021
11.947915
11.667589
11.360955
11.023059
10.648055
10.228933
9.7570656
9.2218089
8.6107313
7.9111764
7.1140179
6.2205419
5.2525485
4.2590788
3.2613232
2.2219836
1.166584
0.41871947
0.13737022
0.08334009
0.076384169
0.075800336
0.075758487
0.075758558
0.075761081
0.075763149
0.075764706
0.075765873
0.075766736
0.07576736
0.075767794
0.075768075
0.075768231
0.075768285
0.07576825
0.075768142
0.075767962
0.075767719
0.075767418
0.075767058
0.075766644
0.075766171
0.075765646
0.075765067
0.07576443
0.075763741
0.07576286
)
;
    }
    top
    {
        type            zeroGradient;
    }
    upstreamWall
    {
        type            symmetryPlane;
    }
    plate
    {
        type            kLowReWallFunction;
        value           nonuniform List<scalar> 
96
(
11.844952
43.49978
59.527579
57.538285
51.611163
47.086469
46.826407
47.551577
48.72099
49.007771
48.831202
48.337524
47.68219
46.987125
46.264536
45.52579
44.805524
44.108231
43.432481
42.782221
42.159352
41.561776
40.998292
40.462178
39.94687
39.450985
38.973831
38.516885
38.081174
37.660356
37.253814
36.859415
36.480446
36.11378
35.758817
35.413224
35.07789
34.753073
34.436314
34.127698
33.827075
33.534395
33.247804
32.967598
32.694096
32.426534
32.16404
31.907066
31.655365
31.408217
31.165631
30.927459
30.69329
30.463303
30.236836
30.014044
29.794983
29.578842
29.366093
29.156497
28.949706
28.745847
28.544697
28.346278
28.150284
27.957055
27.766016
27.577412
27.391085
27.206885
27.02484
26.844882
26.666925
26.490946
26.316883
26.144705
25.974255
25.805678
25.638822
25.473485
25.310073
25.148157
24.987549
24.828991
24.671815
24.515693
24.361409
24.20937
24.057781
23.907814
23.760572
23.618183
23.476273
23.337536
23.230706
23.074559
)
;
    }
    frontAndBack
    {
        type            empty;
    }
}


// ************************************************************************* //
