/*--------------------------------*- C++ -*----------------------------------*\
| =========                 |                                                 |
| \\      /  F ield         | OpenFOAM: The Open Source CFD Toolbox           |
|  \\    /   O peration     | Version:  2512                                  |
|   \\  /    A nd           | Website:  www.openfoam.com                      |
|    \\/     M anipulation  |                                                 |
\*---------------------------------------------------------------------------*/
FoamFile
{
    version     2.0;
    format      ascii;
    arch        "LSB;label=32;scalar=64";
    class       volScalarField;
    location    "0.0999872";
    object      omega;
}
// * * * * * * * * * * * * * * * * * * * * * * * * * * * * * * * * * * * * * //

dimensions      [0 0 -1 0 0 0 0];

internalField   nonuniform List<scalar> 
8800
(
908.64817
789.36257
722.59938
675.42854
648.24874
625.68424
613.25697
601.44226
595.54154
588.92095
586.30951
582.03435
582.61509
1191.8689
908.64452
789.36999
722.59095
675.43958
648.23631
625.70019
613.2361
601.47379
595.49155
588.99989
586.24317
582.16218
582.36251
632.64471
908.63665
789.38596
722.57286
675.46319
648.21
625.73338
613.194
601.53462
595.39968
589.15516
585.93869
582.9346
580.6546
585.19923
908.62399
789.41156
722.54404
675.50053
648.16911
625.78348
613.13394
601.61438
595.29563
589.29534
585.74997
583.17036
580.59298
580.25819
908.606
789.44775
722.50368
675.55227
648.11387
625.84837
613.06232
601.69832
595.21042
589.35559
585.80619
582.80774
581.3511
579.29518
908.5822
789.49526
722.45138
675.61841
648.04557
625.92446
612.98698
601.77386
595.15385
589.37163
585.868
582.68795
581.37771
579.26264
908.55223
789.55449
722.38727
675.69812
647.96649
626.00737
612.91484
601.83428
595.12071
589.38866
585.82622
582.87076
581.02865
579.83911
908.5159
789.62538
722.31214
675.78974
647.87958
626.09305
612.84998
601.879
595.10654
589.39428
585.81375
582.88565
581.08937
579.6908
908.47321
789.70734
722.22755
675.89074
647.7882
626.17859
612.79242
601.91372
595.10299
589.38429
585.84921
582.81451
581.18081
579.61532
908.42447
789.79909
722.13581
675.99783
647.69575
626.26258
612.73862
601.94916
595.09306
589.38574
585.86666
582.79622
581.1841
579.61591
908.37025
789.89871
722.04001
676.10711
647.60557
626.34442
612.68417
601.99529
595.06198
589.42091
585.83616
582.83854
581.14215
579.64619
908.31147
790.00355
721.94383
676.21425
647.52115
626.42293
612.62776
602.05355
595.01139
589.48168
585.78041
582.89826
581.09344
579.68082
908.24935
790.11045
721.85132
676.31467
647.44628
626.49498
612.57386
602.11415
594.95972
589.53935
585.73695
582.93859
581.06285
579.69954
908.18537
790.21587
721.76652
676.40401
647.38493
626.5555
612.53128
602.16202
594.92739
589.57203
585.72289
582.95168
581.05302
579.70099
908.12114
790.31629
721.69299
676.47864
647.3405
626.59938
612.508
602.1871
594.92223
589.57807
585.73214
582.9477
581.05504
579.69326
908.05826
790.40864
721.63314
676.53649
647.31453
626.62436
612.50597
602.19032
594.93738
589.56939
585.75093
582.93862
581.05943
579.68341
907.99812
790.49076
721.58777
676.57777
647.30542
626.63304
612.51957
602.18142
594.95984
589.55875
585.769
582.93145
581.06112
579.67448
907.94168
790.56186
721.55558
676.60533
647.30825
626.6323
612.53893
602.17183
594.97911
589.55325
585.78208
582.92842
581.05852
579.66666
907.88931
790.62281
721.53321
676.62436
647.31588
626.63058
612.55483
602.16892
594.9907
589.55472
585.78941
582.92966
581.05155
579.6589
907.84068
790.67611
721.5157
676.64125
647.32107
626.63449
612.56242
602.17443
594.99487
589.56187
585.79217
582.93401
581.0411
579.64946
907.79484
790.72553
721.49743
676.6622
647.31842
626.6472
612.56124
602.18654
594.99416
589.57212
585.79261
582.93947
581.02892
579.63619
907.75036
790.77537
721.47324
676.69188
647.30507
626.6691
612.55283
602.20289
594.99066
589.58358
585.79214
582.94485
581.016
579.61803
907.70578
790.8295
721.43955
676.73283
647.28029
626.69966
612.53792
602.22313
594.98423
589.59659
585.79021
582.95064
581.00214
579.59577
907.66002
790.89026
721.39512
676.78521
647.24474
626.73855
612.51596
602.24867
594.97304
589.61305
585.78503
582.95839
580.98632
579.57172
907.61288
790.95768
721.34149
676.84673
647.20056
626.78466
612.48704
602.27998
594.95637
589.63368
585.77595
582.96869
580.96831
579.548
907.56542
791.02893
721.28297
676.91247
647.15219
626.83418
612.45444
602.31402
594.93693
589.65601
585.76503
582.9798
580.9497
579.5253
907.52001
791.09853
721.22608
676.97524
647.10637
626.88049
612.42425
602.34509
594.91952
589.67589
585.75547
582.98909
580.93262
579.50341
907.48003
791.15935
721.17823
677.02696
647.07038
626.91656
612.40229
602.36814
594.90788
589.69027
585.7494
582.99481
580.91835
579.48215
907.44926
791.20421
721.14578
677.06106
647.0493
626.93796
612.39142
602.38091
594.9032
589.69807
585.74719
582.99651
580.90705
579.46156
907.43086
791.22786
721.13221
677.07446
647.04433
626.94403
612.39111
602.38388
594.90452
589.69983
585.74805
582.99454
580.89822
579.44183
907.42658
791.22837
721.13737
677.06805
647.05326
626.9369
612.39895
602.37878
594.91014
589.69666
585.75092
582.98956
580.89115
579.42302
907.43621
791.2075
721.15807
677.04547
647.07236
626.91972
612.41227
602.36766
594.91834
589.68975
585.75474
582.98224
580.88523
579.40519
907.45757
791.17
721.18944
677.01177
647.09747
626.89599
612.42844
602.35259
594.92767
589.68027
585.75876
582.97329
580.87998
579.38837
907.48702
791.12237
721.22626
676.97219
647.12501
626.86895
612.44547
602.33549
594.93711
589.66934
585.76252
582.96341
580.87519
579.37271
907.52013
791.07152
721.26378
676.93163
647.15201
626.84163
612.46175
602.31817
594.94584
589.65814
585.76566
582.95343
580.87068
579.35846
907.55242
791.02389
721.29786
676.89458
647.1759
626.81685
612.47591
602.30239
594.95323
589.64786
585.76799
582.94419
580.86644
579.34598
907.57991
790.98487
721.32501
676.86494
647.19442
626.79719
612.48665
602.28993
594.95865
589.63962
585.76933
582.93647
580.86244
579.33563
907.59969
790.95822
721.3428
676.84546
647.20596
626.78457
612.49307
602.28202
594.9617
589.63429
585.76957
582.93089
580.85867
579.32769
907.61036
790.94545
721.35037
676.8372
647.21
626.7797
612.49496
602.2791
594.96235
589.63217
585.76881
582.92768
580.85516
579.32219
907.61237
790.94532
721.3489
676.83886
647.20768
626.78155
612.49311
602.28054
594.9611
589.6329
585.76733
582.92663
580.85204
579.31888
907.60797
790.95396
721.34157
676.84696
647.20153
626.78766
612.48916
602.28468
594.9589
589.63541
585.76564
582.92704
580.84946
579.31718
907.60061
790.96589
721.33264
676.85686
647.19486
626.79472
612.48522
602.28944
594.95692
589.6384
585.76434
582.92806
580.84761
579.31642
907.59383
790.97577
721.32603
676.8643
647.19045
626.79984
612.4829
602.29292
594.95599
589.64065
585.76375
582.92885
580.84649
579.31592
907.59002
790.98042
721.32374
676.86711
647.1895
626.80164
612.4828
602.29425
594.95636
589.64158
585.76391
582.92897
580.84597
579.31523
907.58971
790.97975
721.32537
676.86572
647.19133
626.80053
612.48439
602.29369
594.95761
589.64132
585.76452
582.92843
580.84579
579.31432
907.59179
790.97597
721.32891
676.86228
647.19427
626.79811
612.48652
602.29231
594.95905
589.64053
585.7652
582.92763
580.84573
579.31336
907.59452
790.97197
721.33201
676.85927
647.19653
626.79614
612.48805
602.29124
594.96007
589.63992
585.76565
582.92702
580.84564
579.31264
907.59653
790.96968
721.3334
676.85806
647.19726
626.79558
612.48854
602.29111
594.96048
589.63994
585.76584
582.92688
580.84554
579.31236
907.59742
790.96932
721.33319
676.85855
647.19675
626.79628
612.48826
602.29183
594.9605
589.64053
585.7659
582.92723
580.84555
579.31253
907.59751
790.97005
721.33222
676.85987
647.19577
626.79755
612.48778
602.29295
594.96048
589.64146
585.76608
582.92792
580.84578
579.31305
907.59728
790.971
721.33127
676.86118
647.19498
626.7988
612.48751
602.29411
594.96068
589.64249
585.76649
582.92879
580.84628
579.31381
907.59704
790.9717
721.33068
676.8621
647.19463
626.79974
612.48761
602.29512
594.96116
589.6435
585.76716
582.92974
580.84703
579.31474
907.59689
790.97209
721.33045
676.86267
647.19466
626.80044
612.48801
602.296
594.96188
589.64449
585.76804
582.93078
580.848
579.3158
907.59681
790.9723
721.33044
676.86301
647.19489
626.80102
612.48858
602.29686
594.96275
589.64553
585.76908
582.93191
580.84914
579.31699
907.59676
790.97243
721.33053
676.86328
647.19524
626.80157
612.48928
602.29774
594.96375
589.64663
585.77025
582.93315
580.85042
579.31831
907.59673
790.97252
721.33065
676.86354
647.19564
626.80216
612.49004
602.29868
594.96483
589.64783
585.77154
582.93451
580.85183
579.31976
907.59672
790.97259
721.33079
676.86382
647.19609
626.80279
612.49088
602.2997
594.96601
589.64913
585.77294
582.93598
580.85336
579.32134
907.59671
790.97265
721.33094
676.86412
647.19658
626.80349
612.49179
602.3008
594.96728
589.65053
585.77445
582.93757
580.85502
579.32304
907.5967
790.97272
721.3311
676.86445
647.19711
626.80424
612.49278
602.30199
594.96864
589.65204
585.77607
582.93928
580.85679
579.32486
907.5967
790.97278
721.33128
676.86482
647.1977
626.80507
612.49385
602.30327
594.97011
589.65365
585.7778
582.9411
580.85867
579.3268
907.59671
790.97283
721.33149
676.86522
647.19833
626.80596
612.49499
602.30465
594.97167
589.65537
585.77964
582.94303
580.86068
579.32885
907.59672
790.97289
721.33173
676.86566
647.19903
626.80694
612.49623
602.30612
594.97334
589.6572
585.78159
582.94507
580.86279
579.33102
907.59674
790.97295
721.33198
676.86614
647.19978
626.80799
612.49756
602.3077
594.97511
589.65914
585.78365
582.94723
580.86502
579.3333
907.59675
790.97301
721.33225
676.86667
647.20061
626.80914
612.49898
602.30938
594.977
589.66119
585.78582
582.9495
580.86736
579.33569
907.59676
790.97309
721.33255
676.86725
647.20151
626.81037
612.50051
602.31117
594.979
589.66335
585.78811
582.95188
580.86981
579.33819
907.59678
790.97318
721.33288
676.86789
647.20249
626.81169
612.50214
602.31307
594.98111
589.66563
585.79051
582.95437
580.87237
579.3408
907.59678
790.97329
721.33324
676.86858
647.20355
626.81311
612.50389
602.31508
594.98333
589.66802
585.79303
582.95698
580.87505
579.34353
907.59679
790.97341
721.33364
676.86934
647.20469
626.81463
612.50574
602.31721
594.98567
589.67053
585.79566
582.95971
580.87784
579.34637
907.5968
790.97355
721.33407
676.87017
647.20593
626.81626
612.5077
602.31946
594.98814
589.67316
585.79841
582.96255
580.88074
579.34932
907.5968
790.9737
721.33455
676.87106
647.20726
626.818
612.50979
602.32182
594.99072
589.6759
585.80128
582.9655
580.88376
579.35239
907.5968
790.97388
721.33508
676.87202
647.20868
626.81984
612.51199
602.3243
594.99342
589.67877
585.80426
582.96857
580.8869
579.35557
907.5968
790.97408
721.33565
676.87307
647.21021
626.8218
612.51432
602.32691
594.99625
589.68175
585.80737
582.97177
580.89015
579.35887
907.5968
790.97429
721.33627
676.87419
647.21184
626.82388
612.51676
602.32965
594.9992
589.68487
585.8106
582.97508
580.89353
579.3623
907.5968
790.97452
721.33694
676.8754
647.21358
626.82608
612.51934
602.33251
595.00229
589.68811
585.81396
582.97853
580.89704
579.36585
907.5968
790.97477
721.33766
676.87669
647.21543
626.82841
612.52205
602.33551
595.00551
589.69149
585.81745
582.98211
580.90068
579.36953
907.59681
790.97505
721.33845
676.87808
647.21739
626.83086
612.5249
602.33866
595.00887
589.69501
585.82109
582.98583
580.90446
579.37336
907.59682
790.97534
721.33929
676.87956
647.21948
626.83345
612.52789
602.34195
595.01238
589.69869
585.82488
582.9897
580.9084
579.37734
907.59682
790.97565
721.34019
676.88113
647.22168
626.83619
612.53103
602.3454
595.01606
589.70253
585.82884
582.99374
580.9125
579.38149
907.59683
790.97599
721.34115
676.8828
647.22401
626.83907
612.53434
602.34903
595.01992
589.70655
585.83298
582.99797
580.91679
579.38582
907.59685
790.97634
721.34215
676.88455
647.22644
626.84205
612.53775
602.35276
595.02388
589.71068
585.83723
583.00231
580.92119
579.39027
145139.12
235901.26
272934.01
268559.7
255172.13
244585.84
243959.53
245676.77
248433.09
249106.41
248692.82
247532.97
245986.53
244338.43
242616.13
240845.86
239110.41
237421.31
235775.8
234184.29
232652.19
231175.26
229776.06
228438.94
227148.21
225900.95
224695.97
223537.5
222428.69
221353.87
220311.81
219297.41
218319.37
217369.99
216447.96
215547.49
214671.06
213819.6
212986.82
212173.15
211378.3
210602.35
209840.47
209093.61
208362.69
207645.83
206940.76
206248.81
205569.38
204900.64
204242.68
203595.17
202957.07
202328.93
201709.01
201097.77
200495.45
199899.85
199312.34
198732.29
198158.79
197592.23
197032.04
196478.31
195930.24
195388.81
194852.43
194321.83
193796.61
193276.36
192761.2
192250.96
191745.43
191244.57
190748.21
190256.32
189768.46
189285.06
188805.72
188329.86
187858.7
187391.02
186926.26
186466.63
186010.21
185556.03
185106.4
184662.58
184219.31
183779.98
183347.91
182929.32
182511.57
182102.62
181787.24
181327.57
17815.167
69226.478
115374.08
139015.93
155005.48
163142.45
161774.87
155060.48
143718.49
133606.25
125800.07
119538.02
114700.29
110922.41
107889.2
105406.57
103315.22
101473.8
99830.66
98352.577
97017.791
95800.313
94682.644
93639.406
92662.742
91750.851
90898.951
90100.717
89348.135
88635.18
87960.083
87320.376
86713.631
86135.494
85582.989
85054.731
84549.501
84065.047
83599.35
83151.141
82719.414
82302.808
81900.042
81510.333
81132.729
80766.318
80410.403
80064.432
79727.657
79399.485
79079.483
78767.098
78461.848
78163.366
77871.225
77585.066
77304.613
77029.471
76759.414
76494.165
76233.487
75977.146
75724.929
75476.664
75232.12
74991.247
74753.785
74519.64
74288.653
74060.677
73835.599
73613.297
73393.707
73176.695
72962.18
72750.108
72540.292
72332.764
72127.451
71924.104
71722.927
71523.752
71326.241
71130.868
70937.401
70745.3
70555.07
70367.343
70180.728
69995.614
69813.564
69636.332
69462.37
69287.723
69156.583
68961.259
1626.326
7816.4415
23776.988
41171.614
55895.187
68280.921
78005.215
84072.032
85014.791
83184.501
78014.177
73209.341
69501.037
66714.447
64325.464
62300.769
60599.234
59150.654
57904.696
56816.787
55848.497
54977.408
54186.754
53452.234
52770.193
52138.369
51552.523
51007.511
50495.231
50010.243
49552.388
49120.611
48714.062
48327.601
47958.864
47607.539
47273.64
46954.939
46649.357
46356.3
46075.624
45805.852
45545.776
45295.335
45053.878
44820.377
44594.364
44375.747
44163.69
43957.713
43757.696
43563.127
43373.635
43189.002
43008.844
42832.995
42661.154
42493.031
42328.562
42167.429
42009.482
41854.578
41702.532
41553.217
41406.478
41262.25
41120.333
40980.697
40843.185
40707.711
40574.2
40442.536
40312.687
40184.551
40058.059
39933.184
39809.792
39687.886
39567.431
39448.26
39330.466
39213.978
39098.581
38984.492
38871.643
38759.707
38648.885
38539.582
38431.096
38323.498
38217.644
38114.543
38013.691
37912.247
37835.068
37721.754
658.44182
1199.6587
3068.1266
6805.7792
12932.544
18659.092
26293.213
34145.143
42112.627
48546.02
52084.492
52919.92
52019.477
49840.561
47731.022
46052.158
44603.177
43250.481
42075.539
41042.357
40107.023
39270.544
38509.703
37821.977
37197.097
36623.772
36095.235
35605.938
35148.024
34718.305
34316.134
33939.623
33587.245
33253.6
32937.112
32637.721
32355.208
32086.961
31831.058
31587.065
31355.056
31133.202
30920.394
30716.771
30521.658
30333.935
30153.205
29979.489
29811.793
29649.705
29493.201
29341.688
29194.832
29052.455
28914.152
28779.799
28649.071
28521.699
28397.66
28276.594
28158.384
28042.896
27929.94
27819.405
27711.144
27605.077
27501.022
27398.956
27298.72
27200.243
27103.457
27008.242
26914.572
26822.352
26731.511
26642.027
26553.786
26466.77
26380.959
26296.217
26212.578
26130.018
26048.37
25967.727
25888.102
25809.255
25731.239
25654.366
25578.251
25502.794
25428.549
25356.19
25285.766
25214.679
25159.99
25080.51
587.5614
649.54174
855.15346
1429.8259
2743.4173
4143.7032
6062.9271
8538.3127
12210.552
17394.985
23487.01
30087.679
35306.075
37809.772
38010.789
37486.365
36364.843
35216.56
34274.5
33329.269
32408.579
31585.706
30814.055
30100.355
29455.718
28862.627
28316.711
27812.233
27345.187
26915.49
26517.118
26146.515
25800.558
25475.258
25169.944
24883.385
24614.568
24360.595
24119.944
23892.157
23676.964
23472.249
23277.094
23091.61
22914.926
22745.882
22584.115
22429.606
22281.188
22138.536
22001.62
21869.728
21742.555
21619.929
21501.39
21386.824
21275.881
21168.281
21064.012
20962.67
20864.157
20768.324
20674.966
20583.983
20495.208
20408.559
20323.848
20241.052
20160.001
20080.634
20002.874
19926.6
19851.782
19778.324
19706.153
19635.244
19565.492
19496.864
19429.344
19362.811
19297.269
19232.713
19168.999
19106.155
19044.232
18983.039
18922.545
18863.015
18804.225
18745.988
18688.683
18632.821
18578.711
18523.913
18481.295
18419.757
579.49991
586.90525
617.61748
712.69276
960.13364
1213.7269
1728.3301
2339.4052
3204.6304
4429.8397
6373.818
9191.9847
14106.403
19847.708
25073.008
28310.741
29591.986
29546.03
29141.756
28460.512
27734.853
27095.933
26397.151
25705.233
25064.022
24449.218
23878.583
23347.027
22850.475
22394.376
21972.006
21580.505
21215.187
20876.773
20563.496
20271.382
19998.306
19741.795
19500.875
19274.686
19061.916
18860.642
18670.133
18490.224
18319.737
18157.558
18003.331
17856.855
17716.835
17583.041
17455.35
17332.929
17215.51
17102.893
16994.551
16890.367
16789.961
16693.035
16599.565
16509.11
16421.581
16336.801
16254.55
16174.735
16097.158
16021.741
15948.278
15876.744
15806.956
15738.856
15672.358
15607.335
15543.754
15481.513
15420.537
15360.795
15302.183
15244.662
15188.213
15132.723
15078.176
15024.577
14971.793
14919.818
14868.716
14818.326
14768.571
14719.684
14671.531
14623.88
14576.992
14531.294
14487.207
14442.439
14407.262
14356.591
578.08044
578.32259
582.02246
596.64116
643.82012
701.97623
833.992
979.81006
1217.3915
1446.0239
1966.0707
2573.1798
3799.2201
5628.4142
9116.0107
13610.218
18393.868
21845.319
23596.943
24131.007
24020.769
23672.881
23184.035
22686.746
22176.548
21611.499
21076.408
20553.619
20046.218
19570.725
19122.144
18704.57
18313.93
17951.055
17616.305
17305.071
17014.676
16744.523
16493.712
16259.909
16040.483
15834.485
15641.046
15459.422
15288.099
15126.136
14973.085
14828.417
14690.83
14560.142
14436.038
14317.611
14204.622
14096.796
13993.547
13894.745
13799.967
13708.896
13621.483
13537.245
13456.107
13377.846
13302.233
13229.175
13158.436
13089.947
13023.478
12958.996
12896.309
12835.357
12776.039
12718.229
12661.884
12606.894
12553.184
12500.714
12449.38
12399.138
12349.961
12301.744
12254.456
12208.104
12162.563
12117.806
12073.901
12030.707
11988.115
11946.34
11905.298
11864.732
11824.824
11785.951
11748.57
11710.522
11680.36
11636.83
578.48085
576.7212
576.24853
577.56965
584.2263
597.32626
629.68259
664.28022
738.94667
800.79545
948.32606
1083.3617
1359.8443
1768.8945
2605.1613
3881.6317
6198.3814
9737.4904
13731.453
17109.208
19209.192
20045.826
20179.918
20048.499
19748.807
19352.31
18984.887
18547.622
18092.346
17647.937
17204.032
16782.307
16380.053
15998.197
15641.925
15308.491
14997.247
14707.377
14438.769
14189.273
13955.474
13738.625
13536.653
13347.852
13170.578
13004.257
12848.017
12700.909
12561.839
12430.501
12306.317
12188.396
12076.481
11970.168
11868.841
11772.333
11680.165
11592.01
11507.767
11426.921
11349.401
11274.932
11203.275
11134.334
11067.829
11003.701
10941.691
10881.76
10823.701
10767.454
10712.898
10659.908
10608.43
10558.346
10509.579
10462.078
10415.74
10370.514
10326.368
10283.196
10240.963
10199.669
10159.194
10119.502
10080.655
10042.526
10004.988
9968.2417
9932.2295
9896.6842
9861.7282
9827.7091
9795.081
9761.7949
9735.2301
9696.6499
578.55452
576.74069
575.48915
573.85684
574.06719
575.49199
580.935
589.42626
610.56147
629.4226
670.3893
716.46553
781.23869
909.01186
1055.3162
1379.4791
1930.998
2870.4336
4463.4602
7119.3802
10416.141
13597.717
15778.033
16873.012
17227.813
17189.393
17025.977
16744.973
16441.308
16115.543
15737.799
15365.244
14985.835
14612.182
14253.254
13908.878
13584.344
13277.7
12990.9
12723.556
12473.114
12240.844
12025.077
11823.922
11636.165
11461.732
11298.666
11145.641
11002.05
10867.192
10740.126
10620.157
10506.881
10399.716
10298.07
10201.699
10110.05
10022.796
9939.7576
9860.3956
9784.6335
9712.1349
9642.6565
9576.0844
9512.1002
9450.6484
9391.4411
9334.4291
9279.3899
9226.2612
9174.9002
9125.1828
9077.0414
9030.3503
8985.0302
8941.0174
8898.2073
8856.5456
8815.9886
8776.4358
8737.8412
8700.2028
8663.4009
8627.3939
8592.2357
8557.8095
8523.9781
8490.9265
8458.6134
8426.7688
8395.4696
8365.0434
8335.9259
8306.1442
8282.2806
8247.256
578.52989
576.76591
575.45919
573.5083
572.28979
570.69565
570.74355
571.51867
574.75256
580.19993
589.7652
607.39379
624.35438
662.77798
699.50048
790.56909
901.18061
1149.7507
1542.3993
2233.2297
3355.7901
5362.9338
8061.8882
10904.983
13099.708
14361.277
14820.78
14891.194
14812.66
14629.859
14380.322
14132.508
13826.199
13509.436
13185.695
12857.829
12540.298
12231.022
11936.208
11656.99
11393.826
11147.002
10916.424
10701.366
10500.732
10314.579
10141.017
9978.7393
9827.9273
9686.9713
9554.5614
9430.4122
9313.7462
9203.7998
9100.061
9002.1336
8909.3875
8821.5027
8738.1866
8658.8935
8583.5175
8511.6601
8443.0753
8377.6152
8314.9292
8254.957
8197.3809
8142.1402
8088.9944
8037.8772
7988.6208
7941.1027
7895.2399
7850.8968
7807.9927
7766.4491
7726.1601
7687.0665
7649.1138
7612.2031
7576.2817
7541.3415
7507.2625
7474.0008
7441.5995
7409.9496
7378.9065
7348.6442
7319.1266
7290.0865
7261.5658
7233.8759
7207.4296
7180.2961
7158.5332
7126.1235
578.47093
576.81135
575.3794
573.577
571.99951
570.15332
568.59109
567.1916
566.36586
566.60133
567.72997
571.33768
575.8924
586.97711
597.69907
622.87341
650.10922
719.87546
806.61524
991.44085
1289.8877
1803.1278
2656.9774
4134.4298
6343.2723
8850.8565
10989.31
12298.677
12874.328
13029.505
12991.661
12874.791
12678.555
12474.68
12232.888
11962.809
11687.491
11402.107
11120.928
10844.765
10579.325
10325.688
10085.211
9859.2676
9647.0306
9448.7293
9263.5422
9090.5619
8929.8648
8780.1008
8639.8888
8509.5697
8387.5926
8273.0987
8165.707
8064.7274
7969.5071
7879.7068
7794.8846
7714.5142
7638.4198
7566.1505
7497.4547
7432.128
7369.8025
7310.3963
7253.5652
7199.2333
7147.1398
7097.2112
7049.2535
7003.1444
6958.7838
6916.0256
6874.7863
6834.972
6796.4744
6759.2288
6723.1695
6688.1982
6654.2554
6621.3265
6589.2894
6558.1002
6527.7893
6498.2537
6469.3444
6441.225
6413.8592
6386.9854
6360.6188
6335.0549
6310.6864
6285.5895
6265.5055
6235.0465
578.41032
576.85688
575.29895
573.63269
571.90414
570.14921
568.25864
566.4958
564.58802
563.11819
561.67745
561.07771
561.25513
562.53178
564.94406
571.12688
578.33821
595.86851
617.00061
663.77919
748.85224
868.37042
1114.5309
1504.9907
2173.0649
3259.5746
5092.5783
7286.2926
9299.7366
10630.282
11271.464
11473.692
11466.848
11396.908
11248.644
11075.878
10883.437
10655.022
10419.328
10170.682
9922.676
9677.2604
9438.0699
9208.9189
8990.3391
8783.6527
8589.0122
8406.5021
8235.6004
8076.1859
7927.047
7788.5298
7659.1829
7538.3513
7425.7957
7320.2927
7221.3143
7128.4223
7040.9695
6958.5131
6880.7339
6807.1521
6737.4977
6671.4841
6608.7495
6549.1623
6492.3613
6438.2485
6386.5408
6337.1526
6289.8638
6244.5498
6201.0912
6159.3312
6119.1818
6080.5328
6043.2724
6007.3299
5972.6274
5939.0665
5906.5808
5875.1486
5844.6446
5815.0256
5786.3087
5758.395
5731.133
5704.6767
5678.9857
5653.8058
5629.1318
5605.2416
5582.5153
5559.0012
5540.2885
5511.2933
578.37324
576.8721
575.25689
573.63771
571.86822
570.13827
568.2179
566.3802
564.33267
562.42525
560.3744
558.56306
556.79673
555.58909
554.53605
554.77085
555.66959
558.48169
563.7576
573.49242
594.52492
625.34046
696.79696
784.32304
981.22843
1285.6652
1801.9623
2675.4748
4164.4855
6086.6781
7955.7067
9268.7074
9929.8199
10166.771
10188.122
10141.741
10032.264
9887.0312
9730.1929
9535.7745
9331.7358
9116.2139
8896.8452
8678.5346
8464.136
8256.979
8058.2452
7869.8708
7691.418
7523.9244
7366.6407
7219.6311
7082.257
6954.0475
6834.7262
6723.1138
6619.0786
6521.9173
6430.7121
6345.2125
6264.8348
6189.1066
6117.7238
6050.2855
5986.4684
5926.0469
5868.6629
5814.184
5762.3031
5712.9156
5665.7769
5620.7558
5577.7119
5536.4777
5496.9572
5459.0241
5422.5617
5387.4918
5353.7246
5321.16
5289.7243
5259.3884
5230.0228
5201.5851
5174.0789
5147.4077
5121.4189
5096.2572
5071.8755
5048.0276
5024.6938
5002.1309
4980.7169
4958.4379
4940.8647
4912.9649
578.35876
576.86283
575.24127
573.61755
571.85798
570.10798
568.2142
566.33507
564.30717
562.29619
560.14961
558.04248
555.83669
553.75467
551.68941
549.82988
548.39099
547.19813
547.30224
548.27959
551.48153
558.16452
574.73902
596.33321
652.42707
722.43172
876.4662
1132.2535
1533.3224
2260.3041
3472.3467
5173.9952
6886.2025
8154.3587
8807.2951
9061.2996
9103.2621
9071.3301
8987.7646
8866.067
8731.7928
8568.7557
8391.6673
8203.2607
8009.4013
7814.8395
7621.9691
7435.039
7254.4452
7082.6167
6919.6563
6766.0185
6621.6894
6486.498
6360.0626
6241.8303
6131.6637
6028.9447
5932.7855
5843.2719
5759.3597
5680.6594
5606.7971
5537.228
5471.6951
5409.8317
5351.3077
5295.9363
5243.3864
5193.5246
5146.087
5100.927
5057.8828
5016.776
4977.4979
4939.9073
4903.8801
4869.3295
4836.1534
4804.2486
4773.5335
4743.9713
4715.4273
4687.8597
4661.2586
4635.5283
4610.5158
4586.3568
4562.996
4540.1949
4517.9242
4496.4154
4476.0571
4454.7392
4438.1256
4411.0353
578.35593
576.84275
575.23577
573.58946
571.85244
570.07516
568.21061
566.29919
564.30368
562.25014
560.12227
557.92523
555.67636
553.34645
551.02887
548.62314
546.34742
544.06493
542.02389
540.39003
539.11927
539.33314
541.13024
545.36794
557.0159
573.40511
615.95161
677.15594
796.84417
1019.1669
1336.9261
1953.2165
2963.6652
4475.5454
6043.159
7234.0131
7865.7943
8120.2815
8171.4714
8149.5555
8082.6923
7980.9988
7865.8143
7726.7313
7572.2703
7406.8359
7234.3486
7060.5387
6887.0067
6717.8186
6554.1164
6397.5769
6248.7472
6108.2911
5975.9308
5851.812
5735.5422
5626.8978
5525.2663
5430.6956
5342.2126
5259.6765
5182.552
5110.131
5042.2507
4978.3433
4918.1473
4861.3788
4807.6958
4756.9201
4708.7748
4663.0856
4619.6709
4578.3403
4538.9663
4501.395
4465.491
4431.1581
4398.2815
4366.7531
4336.4829
4307.4258
4279.441
4252.4866
4226.5392
4201.5029
4177.2244
4153.8304
4131.2563
4109.2711
4087.8402
4067.1641
4047.6566
4027.0788
4011.281
3984.7732
578.35482
576.82264
575.22998
573.56409
571.84495
570.04709
568.20294
566.27008
564.29615
562.22034
560.11221
557.88801
555.64254
553.26696
550.88365
548.37206
545.86155
543.27135
540.68599
538.13841
535.67881
533.42644
531.69731
530.68516
531.47881
533.93023
541.27904
554.53378
585.50524
644.02639
736.06364
926.87627
1194.3109
1716.3336
2599.1454
3937.522
5370.818
6476.0499
7069.8245
7312.3798
7367.3237
7350.4991
7294.7413
7208.4494
7108.8518
6989.1336
6853.0206
6706.6611
6552.8839
6396.8647
6240.6558
6087.6439
5938.9463
5796.5961
5660.707
5532.2931
5411.096
5297.2781
5190.5666
5090.7399
4997.3552
4910.2671
4829.0123
4752.9572
4682.0679
4615.4824
4553.0805
4494.4028
4439.1301
4387.0134
4337.7668
4291.1798
4247.0487
4205.1712
4165.3918
4127.5482
4091.4886
4057.1057
4024.2728
3992.8735
3962.8094
3934.0261
3906.3762
3879.8164
3854.3101
3829.7597
3806.012
3783.184
3761.202
3739.841
3719.0652
3699.0378
3680.2143
3660.1941
3645.0944
3618.9847
578.3511
576.8054
575.22122
573.54297
571.83353
570.02429
568.19056
566.24679
564.28357
562.19729
560.09928
557.8648
555.62693
553.23712
550.85409
548.30338
545.77657
543.06215
540.4151
537.53971
534.84717
531.84602
529.28567
526.33637
524.4344
522.17025
522.18807
523.35697
527.74888
538.42315
562.28812
612.83606
689.68257
850.26289
1087.3659
1538.9298
2324.2719
3522.4881
4835.4864
5848.3006
6393.8374
6614.8267
6666.213
6652.3434
6604.4322
6530.6365
6443.4008
6338.8947
6218.3989
6087.962
5950.302
5810.0975
5668.9181
5530.4049
5395.2443
5265.5908
5141.6848
5024.2391
4913.4616
4809.1665
4711.3588
4619.7233
4534.0877
4453.9688
4379.342
4309.3734
4244.2034
4183.0703
4125.7372
4071.843
4021.0979
3973.2491
3928.0641
3885.3274
3844.8482
3806.4589
3769.9841
3735.305
3702.2827
3670.789
3640.7172
3612.0023
3584.4897
3558.1326
3532.8822
3508.6377
3485.2455
3462.8128
3441.2568
3420.3569
3400.0802
3380.5448
3362.2664
3342.6501
3328.1491
3302.2856
578.34364
576.79105
575.20843
573.52541
571.81833
570.00557
568.17429
566.22793
564.2668
562.17877
560.08235
557.84641
555.60998
553.21778
550.83621
548.27813
545.74905
543.015
540.34107
537.42412
534.6159
531.52634
528.60784
525.40914
522.44753
519.38882
516.57486
514.39466
512.68409
513.17738
515.93822
524.04886
543.1518
584.83708
651.29545
789.46049
1004.211
1402.0972
2117.5859
3203.1074
4409.4765
5326.5986
5813.3533
6007.2861
6051.5039
6039.2873
5997.2441
5933.0383
5855.8621
5763.4228
5655.8846
5539.1732
5415.104
5288.5665
5160.6855
5034.8974
4912.0991
4793.8487
4680.9524
4573.6334
4472.3524
4376.8769
4287.3282
4203.3204
4124.7786
4051.1818
3982.628
3918.4256
3858.5266
3802.3858
3749.7262
3700.239
3653.656
3609.7458
3568.2757
3529.0727
3491.9316
3456.7216
3423.2898
3391.4928
3361.2154
3332.3801
3304.8253
3278.4975
3253.3369
3229.2381
3206.0467
3183.8587
3162.5835
3142.0027
3122.0901
3102.9101
3085.0589
3065.7142
3051.7256
3025.9809
578.33234
576.77812
575.19219
573.51003
571.79932
569.98957
568.15376
566.21241
564.24526
562.16458
560.05957
557.83417
555.58515
553.20832
550.80767
548.27314
545.71256
543.01592
540.28515
537.42696
534.5122
531.50371
528.38706
525.26056
521.92439
518.75844
515.22818
512.18607
508.69262
506.24094
503.53149
503.27437
504.88152
510.77647
526.01869
560.06398
619.89124
740.07069
937.89287
1297.1156
1961.9792
2961.9764
4068.3826
4887.3435
5309.9073
5474.3837
5510.6405
5499.0246
5460.6834
5403.9755
5334.7238
5252.241
5155.2053
5049.9781
4937.6984
4822.9219
4706.9843
4592.4876
4480.8355
4373.0067
4270.0194
4171.9839
4079.4073
3992.1106
3910.1065
3833.1559
3761.1009
3693.6307
3630.6894
3571.7738
3516.7468
3465.2142
3416.8685
3371.4563
3328.6962
3288.4064
3250.3471
3214.374
3180.3168
3148.0145
3117.3424
3088.2075
3060.4424
3033.9825
3008.7585
2984.659
2961.5275
2939.448
2918.3241
2897.9354
2878.2675
2859.3207
2841.7948
2822.6057
2809.0521
2783.3183
578.31813
576.7644
575.17329
573.49407
571.77823
569.97315
568.13143
566.1965
564.22192
562.14982
560.03518
557.82093
555.55926
553.19712
550.77972
548.26439
545.6817
543.00962
540.25079
537.42033
534.47304
531.48546
528.33752
525.19683
521.84086
518.55265
515.00194
511.57881
507.9028
504.41434
500.84125
497.54556
494.88235
493.12186
494.0103
498.15879
510.4821
538.3382
593.13047
700.29981
884.05892
1218.1392
1847.4524
2781.5298
3791.7911
4511.7601
4868.6559
5004.97
5032.0525
5020.42
4984.0628
4933.5453
4870.4328
4795.9674
4707.8222
4612.24
4510.3788
4405.894
4300.52
4196.1568
4094.4482
3996.0561
3902.0454
3812.5577
3727.8956
3648.1063
3572.9877
3502.5117
3436.4768
3374.6243
3316.8653
3262.8295
3212.3196
3165.0495
3120.6789
3079.0148
3039.7752
3002.8017
2967.8994
2934.8903
2903.6361
2874.0262
2845.8886
2819.1416
2793.7089
2769.4709
2746.2682
2724.1706
2703.079
2682.7667
2663.2353
2644.4098
2627.1197
2607.9821
2594.7918
2568.9767
578.30224
576.74682
575.1537
573.4741
571.75702
569.95207
568.10968
566.1749
564.20029
562.12795
560.01402
557.79849
555.53882
553.17342
550.76058
548.23848
545.66537
542.97949
540.23972
537.38234
534.47092
531.43288
528.34775
525.11751
521.86252
518.42418
515.01383
511.34733
507.81361
503.90448
500.32023
496.19634
492.73858
488.65778
485.94638
482.9614
483.26099
486.01388
496.07106
519.62776
569.61995
667.97364
840.76517
1160.3946
1765.7095
2647.8642
3562.3847
4185.2917
4478.5346
4588.8264
4606.0562
4594.0731
4559.1437
4513.5112
4455.3634
4387.2878
4306.8835
4219.5505
4126.7259
4031.2479
3935.2288
3839.9341
3747.1283
3657.3496
3571.4361
3489.7493
3412.2868
3339.2676
3270.5072
3205.9603
3145.4695
3088.7979
3035.8373
2986.3092
2939.9728
2896.6217
2855.9194
2817.6938
2781.7165
2747.7927
2715.7649
2685.5032
2656.831
2629.644
2603.8603
2579.351
2555.9514
2533.715
2512.544
2492.1997
2472.7046
2453.8951
2436.761
2417.5791
2404.6835
2378.7087
578.28418
576.72391
575.13216
573.44807
571.73422
569.92399
568.08648
566.14499
564.17717
562.09605
559.9915
557.76403
555.51726
553.13561
550.74057
548.19604
545.64761
542.93092
540.22511
537.32595
534.46056
531.36733
528.34244
525.04137
521.86075
518.33565
515.00763
511.24096
507.77846
503.75464
500.17697
495.89306
492.23689
487.73345
484.12525
479.62191
476.52028
472.95001
472.33214
474.14559
482.48535
503.1929
548.8702
641.31142
806.7852
1119.9048
1711.5635
2547.9119
3367.5601
3896.7355
4130.6189
4216.9299
4225.5502
4212.9737
4178.96
4137.0445
4083.2742
4020.3124
3946.4638
3866.0835
3781.2368
3693.7391
3605.9984
3518.9098
3434.0463
3352.0925
3273.4977
3198.7647
3127.8914
3061.0631
2998.1523
2939.0676
2883.6873
2831.7903
2783.2509
2737.861
2695.3818
2655.6294
2618.328
2583.2681
2550.2649
2519.1681
2489.7941
2462.012
2435.7352
2410.8214
2387.1017
2364.6083
2343.2507
2322.7702
2303.2163
2284.3218
2267.2704
2247.9545
2235.286
2209.0849
578.26053
576.69534
575.10305
573.41445
571.70124
569.88615
568.05022
566.10307
564.13792
562.05005
559.9494
557.71364
555.47216
553.08031
550.69242
548.13568
545.59624
542.86553
540.17012
537.25597
534.40102
531.29374
528.27671
524.96656
521.78574
518.26346
514.9175
511.17546
507.66269
503.69582
500.01471
495.82305
491.97444
487.57165
483.56489
479.00832
474.90853
470.40929
466.54728
462.98304
461.09819
462.34661
469.44762
487.99013
530.6763
618.73065
781.62701
1093.6264
1680.0364
2472.6657
3197.5248
3636.9705
3817.4154
3883.025
3884.2369
3870.6935
3837.7826
3798.5635
3748.4386
3689.4013
3621.4392
3547.1496
3469.278
3388.9531
3308.4983
3228.8337
3151.0656
3076.039
3004.091
2935.7089
2870.9
2809.7656
2752.2346
2698.1697
2647.4672
2599.9422
2555.4801
2513.8912
2474.9882
2438.5494
2404.3522
2372.224
2341.9715
2313.4321
2286.516
2261.0606
2236.8971
2214.0286
2192.3772
2171.6589
2151.9538
2132.8763
2115.8372
2096.3014
2083.7911
2057.3092
578.22699
576.66015
575.05693
573.3683
571.64403
569.82998
567.98211
566.03706
564.0588
561.97444
559.85914
557.62863
555.37039
552.9864
550.57857
548.03348
545.46956
542.75598
540.02957
537.1404
534.24523
531.17398
528.10381
524.84496
521.59344
518.14282
514.70327
511.05846
507.42342
503.5848
499.74605
495.71876
491.66512
487.46157
483.18088
478.8249
474.31376
469.85795
465.16225
460.77316
456.20166
452.60171
449.70396
450.51072
456.69884
473.59943
514.51758
599.28393
764.19171
1080.2506
1666.8156
2415.3405
3043.2461
3398.9158
3534.1862
3580.4426
3577.7931
3561.9385
3530.0131
3492.5223
3446.1528
3390.4094
3327.5206
3258.6858
3186.8422
3112.971
3038.904
2965.8089
2894.4714
2825.7722
2759.9523
2697.3962
2638.161
2582.2412
2529.6046
2480.1212
2433.713
2390.2043
2349.5129
2311.4212
2275.7858
2242.4103
2211.0877
2181.6166
2153.9064
2127.7655
2103.0298
2079.6659
2057.6107
2036.5525
2016.6045
1997.2482
1980.1489
1960.3115
1947.8938
1921.0742
578.18234
576.61618
574.98812
573.30276
571.55196
569.74368
567.8667
565.93018
563.91973
561.84742
559.69611
557.48188
555.18289
552.82041
550.36617
547.84906
545.23188
542.5542
539.76625
536.92262
533.95592
530.94188
527.78827
524.60051
521.25153
517.88831
514.33504
510.79665
507.02985
503.31853
499.32827
495.44906
491.22483
487.1857
482.71636
478.52968
473.80463
469.49126
464.50976
460.10912
454.91323
450.56465
445.40946
441.75022
438.04854
438.51691
444.04585
459.75169
499.76472
582.72871
753.60265
1079.5479
1668.7489
2367.2968
2899.6662
3175.4952
3276.3283
3305.8707
3300.3928
3281.2913
3251.853
3215.5309
3172.3527
3119.5781
3060.8861
2996.9238
2930.2316
2862.1445
2793.908
2726.8275
2661.4397
2598.523
2538.3384
2481.0912
2426.8955
2375.7204
2327.5622
2282.2905
2239.839
2200.0198
2162.7704
2127.9034
2095.2974
2064.702
2036.0297
2009.0479
1983.6043
1959.6179
1937.0449
1915.5415
1895.256
1875.5277
1858.29
1838.0727
1825.6864
1798.4621
578.13077
576.56303
574.90066
573.21624
571.429
569.62401
567.70765
565.77706
563.72387
561.66071
559.46288
557.26152
554.91175
552.56656
550.05675
547.5621
544.88403
542.2348
539.38006
536.57176
533.53182
530.56081
527.32702
524.19077
520.75436
517.45164
513.80372
510.33489
506.4665
502.83377
498.73578
494.94345
490.6066
486.66137
482.07627
477.9875
473.14497
468.92515
463.8178
459.48526
454.11163
449.70342
444.09581
439.73286
434.11049
430.37016
426.05835
426.28471
431.34317
446.28529
486.0956
570.52901
749.76547
1089.8799
1681.819
2319.7218
2759.8815
2966.1406
3040.0149
3055.1563
3047.8599
3026.5546
2999.1985
2964.213
2923.1403
2873.1867
2817.9609
2758.5473
2696.6358
2633.8637
2571.0524
2509.439
2449.528
2391.838
2336.7173
2284.2948
2234.7048
2187.9001
2143.8575
2102.4465
2063.5982
2027.1715
1993.1124
1961.1743
1931.3529
1903.3586
1877.0599
1852.3134
1829.1016
1807.0423
1786.3187
1766.1265
1748.6649
1727.9919
1715.576
1687.8702
578.07883
576.5042
574.80635
573.11649
571.29178
569.48266
567.52626
565.59297
563.49702
561.43289
559.18937
556.989
554.59042
552.24846
549.68668
547.1979
544.46462
541.82423
538.91107
536.11489
533.0134
530.05804
526.75981
523.64287
520.13951
516.85977
513.143
509.70062
505.76226
502.15903
497.99107
494.23061
489.82517
485.91318
481.26257
477.20705
472.30379
468.11537
462.9522
458.64494
453.21538
448.80883
443.11116
438.64068
432.7013
428.27578
422.29102
418.45272
413.70798
413.78292
418.5388
433.29251
473.84686
561.86985
750.19738
1118.5558
1702.4585
2268.6652
2621.335
2769.3787
2822.0706
2826.1669
2817.1991
2794.8653
2768.8382
2735.1852
2695.4941
2648.502
2596.5459
2541.3182
2483.8931
2425.9101
2368.0913
2311.3525
2256.3428
2203.4183
2152.9346
2104.9739
2059.6077
2016.7983
1976.4974
1938.6271
1903.1144
1869.7711
1838.632
1809.4304
1782.1136
1756.4543
1732.4726
1709.7379
1688.4681
1667.7173
1649.9371
1628.7359
1616.2264
1587.9512
578.03166
576.4451
574.71675
573.01531
571.15858
569.33794
567.34759
565.4028
563.27092
561.19542
558.91396
556.70233
554.26378
551.91077
549.30712
546.80754
544.03067
541.37981
538.42158
535.61529
532.46762
529.50249
526.1574
523.03096
519.48066
516.19151
512.42846
508.97649
504.99342
501.38004
497.17
493.39831
488.95469
485.02972
480.34627
476.27523
471.34601
467.13858
461.9579
457.62656
452.18897
447.74951
442.05022
437.52349
431.56162
426.98226
420.78153
416.25153
409.99751
406.04647
401.02769
401.04698
405.71467
420.77631
462.73756
556.68538
759.42984
1159.1648
1724.8949
2210.2698
2482.9526
2585.0965
2619.7439
2617.5537
2606.0052
2583.8962
2558.2424
2526.286
2487.8085
2443.5253
2394.6813
2343.1551
2289.8292
2236.0284
2182.693
2130.4516
2079.9571
2031.4688
1985.2254
1941.3309
1899.802
1860.6494
1823.8108
1789.1618
1756.6893
1726.2213
1697.7185
1670.9724
1646.0757
1622.5336
1600.599
1579.1889
1560.9842
1539.1856
1526.512
1497.5675
577.99162
576.38994
574.6388
572.9217
571.04116
569.20404
567.18856
565.22631
563.06802
560.97404
558.6649
556.43361
553.96616
551.5922
548.9586
546.43671
543.62907
540.95444
537.96494
535.13328
531.9542
528.96195
525.58581
522.43029
518.84988
515.52945
511.73794
508.25218
504.24315
500.59307
496.36058
492.54881
488.08741
484.1184
479.42317
475.30344
470.36999
466.10834
460.93274
456.5405
451.11925
446.61054
440.94051
436.33265
430.41141
425.72637
419.55495
414.82707
408.42943
403.75744
397.31956
393.2382
388.09718
388.14426
392.90413
409.82272
454.69676
557.92203
780.17288
1209.0799
1742.7485
2143.1664
2343.6731
2413.0235
2431.8166
2427.0124
2412.259
2391.4782
2365.9199
2335.4557
2298.2132
2256.1601
2210.1084
2161.7398
2112.1839
2062.3399
2013.1788
1965.1603
1918.7722
1874.315
1831.9285
1791.7533
1753.7795
1717.9583
1684.2666
1652.6132
1622.8948
1594.9978
1569.0228
1544.5239
1521.7921
1499.6127
1480.8627
1458.4004
1445.4826
1415.7546
577.95889
576.34076
574.57452
572.83997
570.94378
569.08785
567.05598
565.07335
562.89798
560.78196
558.45509
556.19985
553.71409
551.31407
548.66174
546.11151
543.28493
540.57946
537.57108
534.70586
531.50834
528.47954
525.08581
521.89046
518.29386
514.92997
511.12429
507.59107
503.57065
499.86865
495.62846
491.75979
487.29545
483.26393
478.57181
474.3832
469.46036
465.12257
459.96683
455.49008
450.09994
445.49698
439.87154
435.15786
429.29678
424.49091
418.39463
413.51941
407.1916
402.28146
395.74814
390.90245
384.35695
380.1365
374.99588
375.47695
380.78039
399.84315
449.20721
565.32769
812.22385
1264.3319
1748.5698
2065.9683
2204.2774
2251.255
2258.0625
2251.6473
2234.9526
2215.1691
2190.0362
2160.2719
2124.2663
2084.0954
2040.8056
1995.5558
1949.5581
1903.4598
1858.0528
1813.8695
1771.2341
1730.4715
1691.6723
1654.8913
1620.1416
1587.4102
1556.5788
1527.5928
1500.501
1474.9676
1451.2874
1428.2165
1408.7813
1385.5915
1372.3334
1341.6949
577.93254
576.29788
574.52304
572.77069
570.86581
568.99051
566.94965
564.94586
562.76131
560.62217
558.28601
556.00543
553.51031
551.08249
548.42088
545.84014
543.00458
540.26562
537.24881
534.34682
531.1417
528.07254
524.67244
521.43275
517.83146
514.41884
510.61072
507.02389
503.00397
499.24294
495.00699
491.07325
486.61789
482.51455
477.83729
473.56927
468.66857
464.2428
459.1181
454.54364
449.19534
444.48357
438.91301
434.07773
428.28708
423.34474
417.33691
412.30682
406.08556
400.99111
394.56315
389.43932
382.83366
377.78409
371.20703
366.83469
361.95729
362.82391
368.92249
390.47612
446.22762
578.84401
858.82824
1319.2956
1737.8925
1977.4293
2068.4142
2099.0235
2098.1563
2089.791
2072.2996
2052.6919
2028.2697
1998.926
1964.4667
1926.2819
1885.6318
1843.3325
1800.4721
1757.7972
1715.8595
1675.2148
1636.0972
1598.711
1563.1597
1529.5204
1497.714
1467.7315
1439.6135
1413.0762
1388.4127
1364.3661
1344.0804
1320.1033
1306.3815
1274.6964
577.91132
576.26078
574.48232
572.71276
570.80448
568.91034
566.86618
564.84166
562.65404
560.49215
558.15322
555.84761
553.35009
550.89469
548.23121
545.62007
542.78335
540.01088
536.99384
534.0549
530.85078
527.74084
524.34332
521.0586
517.46187
513.9995
510.19843
506.55659
502.54682
498.7249
494.50295
490.50173
486.0651
481.88688
477.23415
472.88293
468.01383
463.49544
458.41094
453.73317
448.43551
443.60821
438.10089
433.13608
427.42386
422.33577
416.42461
411.22976
405.12674
399.84399
393.5576
388.20894
381.75172
376.36908
369.77987
364.46374
357.98306
353.42993
348.9393
350.13696
357.2897
382.05779
447.133
599.84981
921.70977
1366.8726
1708.7477
1881.219
1938.828
1955.3534
1951.2381
1939.336
1923.0152
1903.3317
1879.5827
1850.7676
1817.7656
1781.4156
1743.0291
1703.4926
1663.5983
1624.1285
1585.483
1548.0696
1512.1354
1477.875
1445.3073
1414.4716
1385.4423
1357.9766
1332.4132
1307.3965
1286.2169
1261.4007
1247.0461
1214.1776
577.89408
576.22873
574.45019
572.66443
570.75657
568.84465
566.80128
564.75716
562.57082
560.38738
558.05035
555.72096
553.22604
550.74438
548.08435
545.44421
542.61197
539.80745
536.79616
533.82177
530.62495
527.47578
524.0874
520.75923
517.17391
513.66336
509.87641
506.1811
502.18872
498.30739
494.10678
490.03945
485.62892
481.37703
476.75614
472.32268
467.49235
462.88197
457.84461
453.06371
447.82328
442.88009
437.44219
432.34676
426.71868
421.4829
415.67367
410.31113
404.33158
398.85748
392.72028
387.15124
380.87132
375.22601
368.82312
363.13033
356.65088
351.01975
344.74639
339.95613
335.96238
337.54335
346.1946
375.30567
453.44942
631.53356
990.52125
1398.7861
1663.2869
1778.4386
1815.6118
1820.4589
1814.9152
1801.4279
1785.5793
1765.9931
1742.6294
1714.314
1682.5064
1648.0144
1611.8704
1574.9956
1537.9533
1501.3933
1465.7365
1431.3284
1398.3477
1366.8976
1337.129
1308.8505
1282.4878
1256.5615
1234.5745
1208.8886
1193.8281
1159.6616
577.87996
576.20104
574.42473
572.62419
570.71915
568.79096
566.75095
564.68884
562.50655
560.30328
557.9711
555.61982
553.13065
550.62479
547.97157
545.30466
542.48046
539.64631
536.64452
533.63733
530.4517
527.26619
523.89103
520.52254
516.9528
513.39748
509.62893
505.88383
501.91317
497.97639
493.80143
489.67225
485.29205
480.97105
476.38604
471.87519
467.08739
462.39017
457.40328
452.5247
447.34425
442.29089
436.9244
431.70433
426.16145
420.78418
415.07683
409.55307
403.6956
398.03699
392.04635
386.2651
380.16113
374.26965
368.07545
362.08686
355.83175
349.76798
343.51393
337.48848
331.56229
326.42822
323.138
325.23084
336.56326
371.90915
467.10634
677.79441
1058.1684
1407.9991
1603.0604
1674.5728
1697.2333
1695.9555
1688.324
1674.2896
1658.4424
1639.1371
1615.8391
1588.3391
1557.8602
1525.2624
1491.2754
1456.786
1422.3695
1388.5481
1355.709
1324.0371
1293.8066
1264.908
1237.8915
1211.1486
1188.4508
1161.9001
1146.2334
1110.7324
577.86825
576.17735
574.40443
572.59082
570.6898
568.74721
566.71182
564.63379
562.45684
560.23601
557.91004
555.53937
553.05735
550.53006
547.88507
545.19445
542.37975
539.51937
536.52852
533.49229
530.31929
527.10159
523.74102
520.33684
516.78397
513.189
509.43998
505.65078
501.70275
497.71687
493.56816
489.3842
485.0345
480.65227
476.10277
471.52337
466.77697
462.0028
457.0643
452.09914
446.97539
441.82434
436.52446
431.19386
425.72945
420.22666
414.61209
408.94522
403.19789
397.37532
391.51608
385.54581
379.59959
373.48822
367.485
361.2362
355.21299
348.82584
342.83301
336.30665
330.44647
323.85865
318.56391
312.74673
310.86271
313.72942
328.21819
372.29103
488.18107
741.81793
1116.3414
1396.1577
1530.8463
1573.7799
1584.6086
1580.6754
1570.1283
1556.8941
1541.0052
1521.8381
1498.7811
1472.2193
1442.9481
1412.0304
1380.1167
1347.9219
1316.0479
1284.7636
1254.5157
1225.3182
1197.8795
1170.4754
1147.188
1119.8259
1103.6829
1066.9054
577.85843
576.15755
574.38808
572.56358
570.66662
568.71202
566.68122
564.58988
562.41818
560.1827
557.86274
555.4759
553.00074
550.4556
547.81841
545.10808
542.30227
539.42012
536.43941
533.37911
530.21769
526.97338
523.62602
520.19239
516.65461
513.02703
509.29526
505.46992
501.54163
497.51562
493.38953
489.16098
484.83722
480.40536
475.88566
471.25092
466.5388
461.70285
456.80383
451.76956
446.69136
441.46286
436.21564
430.79806
425.39465
419.79396
414.25021
408.47289
402.808
396.86047
391.09752
384.98537
379.15207
372.87891
367.00871
360.57438
354.70827
348.10636
342.29601
335.51097
329.82641
322.83984
317.40793
310.2973
305.57736
299.38561
298.83407
302.86096
321.4429
378.33667
518.41444
815.46893
1156.3043
1364.7635
1450.3769
1476.7179
1478.2465
1472.9648
1461.4139
1448.2049
1432.4262
1413.3713
1390.4288
1364.7274
1336.7904
1307.5406
1277.7341
1247.7045
1218.1129
1189.1259
1161.6357
1133.8323
1110.1349
1082.0865
1065.5667
1027.6426
577.8501
576.14161
574.37478
572.54197
570.64808
568.68434
566.65699
564.55556
562.38776
560.14118
557.82567
555.42664
552.9565
550.39795
547.76644
545.04136
542.24196
539.34359
536.37012
533.292
530.13875
526.87486
523.53672
520.08157
516.5542
512.90298
509.18294
505.33161
501.41656
497.36198
493.25082
488.99086
484.6839
480.21753
475.71673
471.04406
466.35318
461.47557
456.60035
451.52039
446.46879
441.19025
435.97264
430.5004
425.12977
419.46962
413.96187
408.12023
402.49444
396.47797
390.75672
384.57176
378.78165
372.43344
366.60559
360.09729
354.26802
347.59973
341.81118
334.97917
329.27956
322.2779
316.72333
309.5597
304.24621
297.05557
292.4604
286.59536
286.92594
292.97842
317.29774
391.42854
563.52106
887.06093
1170.692
1317.929
1367.9037
1382.2763
1380.0157
1372.178
1360.6562
1347.4429
1331.5865
1312.5736
1290.1214
1265.295
1238.8644
1211.2
1183.2006
1155.1697
1128.1929
1100.4108
1076.5882
1048.0849
1031.2933
992.4329
577.84298
576.12951
574.36381
572.52562
570.63306
568.66343
566.63755
564.52962
562.36346
560.10982
557.79616
555.38943
552.92137
550.35442
547.72523
544.99102
542.19419
539.28591
536.31527
533.22641
530.07627
526.80076
523.46603
519.99834
516.47468
512.80996
509.09393
505.22812
501.31735
497.24728
493.14063
488.86419
484.5619
480.07809
475.58199
470.89103
466.2047
461.30811
456.437
451.33766
446.2893
440.99142
435.77557
430.28467
424.91343
419.23631
413.72429
407.86884
402.23323
396.20831
390.46897
384.28415
378.46365
372.129
366.25252
359.77844
353.87341
347.27076
341.36617
334.64695
328.77177
321.95086
316.13163
309.23098
303.49228
296.55796
290.95807
284.19927
279.25026
274.39525
275.43564
284.54065
317.35728
412.76254
628.70433
944.94513
1162.1138
1258.3986
1287.2467
1292.1442
1287.9551
1278.2999
1267.1254
1254.0445
1238.1404
1219.0679
1197.3848
1173.3643
1148.1272
1122.0331
1096.3627
1069.228
1045.7229
1017.1453
1000.2347
960.76183
577.8369
576.12106
574.35469
572.514
570.62075
568.64843
566.62174
564.5109
562.34379
560.08704
557.77233
555.36232
552.89304
550.32263
547.69202
544.95419
542.1557
539.24366
536.27106
533.17835
530.02589
526.74648
523.40899
519.93743
516.41046
512.74198
509.02195
505.15261
501.23698
497.1638
493.0512
488.77227
484.46266
479.97728
475.47209
470.7809
466.0832
461.18822
456.30283
451.20763
446.14122
440.85094
435.61213
430.13354
424.73295
419.07446
413.52473
407.69644
402.01216
396.02584
390.2234
384.09256
378.18992
371.92986
365.94608
359.57413
353.52863
347.06473
340.97616
334.44372
328.32838
321.7558
315.62537
309.04799
302.90734
296.37104
290.22007
283.79792
277.67913
271.63183
266.15828
262.6793
264.77324
277.891
323.73055
443.67931
702.45503
980.82136
1135.0107
1192.1697
1208.4844
1207.4259
1201.45
1191.6553
1180.3482
1167.1492
1151.3648
1132.2642
1111.0866
1088.0744
1064.715
1039.0716
1016.528
988.44324
971.66326
932.0692
577.8318
576.11572
574.34718
572.50635
570.61071
568.63832
566.60889
564.49804
562.32785
560.0712
557.75302
555.34328
552.87009
550.30016
547.66512
544.92802
542.1245
539.21353
536.23521
533.14399
529.98501
526.70761
523.36265
519.89377
516.35822
512.69325
508.96332
505.09854
501.17144
497.10411
492.97815
488.70669
484.38146
479.90556
475.38202
470.70281
465.98342
461.10358
456.19242
451.1163
446.01912
440.75285
435.4771
430.0287
424.58354
418.96301
413.35926
407.57865
401.82865
395.90218
390.01954
383.96372
377.96301
371.79683
365.69296
359.43823
353.24566
346.92756
340.65927
334.30708
327.97321
321.62145
315.22755
308.91721
302.46228
296.2424
289.71716
283.6483
277.0376
271.21213
264.54751
259.29411
253.3115
251.48877
255.23456
273.97855
337.4606
490.49836
771.09147
990.8265
1093.6179
1124.7795
1131.6253
1128.5773
1120.4913
1110.7421
1099.7702
1086.2948
1070.3143
1051.5552
1031.6416
1008.5091
987.77571
960.94529
944.69194
905.69495
577.82771
576.11266
574.34119
572.50161
570.60272
568.63177
566.59869
564.48947
562.31516
560.06042
557.73764
555.33014
552.85179
550.28447
547.64364
544.9096
542.09957
539.19217
536.20654
533.1195
529.95227
526.6798
523.32552
519.86244
516.31633
512.6582
508.9163
505.05957
501.11885
497.06104
492.91953
488.65934
484.3163
479.85376
475.30976
470.64641
465.90344
461.04247
456.10402
451.05037
445.9215
440.68203
435.36938
429.95295
424.46474
418.88233
413.22825
407.49306
401.68421
395.81172
389.86032
383.86845
377.78756
371.69681
365.49974
359.33347
353.03309
346.81792
340.42578
334.19215
327.71746
321.50025
314.94876
308.78791
302.16041
296.10194
289.3924
283.49059
276.68337
271.00659
264.07516
258.73542
251.69773
247.11963
240.86028
240.97236
247.32881
274.74844
360.13677
556.86302
820.77218
979.10277
1041.1096
1058.5698
1058.5369
1053.875
1045.4408
1035.6742
1024.5536
1010.9236
995.50308
975.98563
958.05834
933.39779
918.24309
880.82222
577.82471
576.11093
574.33674
572.49863
570.59672
568.62745
566.59098
564.48363
562.30553
560.05291
557.72591
555.32082
552.83779
550.2732
547.62716
544.89623
542.08039
539.17654
536.18444
533.10145
529.92702
526.65916
523.29686
519.83905
516.28401
512.6319
508.88002
505.0302
501.07832
497.02842
492.87443
488.6233
484.26628
479.81415
475.25444
470.60306
465.84243
460.9952
456.03687
450.99902
445.84776
440.6264
435.28855
429.89283
424.3763
418.81745
413.13171
407.42307
401.57907
395.73615
389.74618
383.78669
377.66409
371.60805
365.36678
359.23663
352.89067
346.71152
340.27433
334.07406
327.55808
321.36725
314.78377
308.63507
301.9941
295.92175
289.23192
283.27145
276.54007
270.72758
263.96248
258.33254
251.55583
246.14977
239.51392
234.6268
229.70853
230.86563
241.28714
282.44412
392.15612
628.37539
845.64634
951.26505
984.82241
992.8564
990.61587
983.87085
975.39399
965.56247
954.95892
940.02879
925.8995
904.40028
891.07121
856.44191
577.82273
576.10966
574.33368
572.4964
570.59254
568.62419
566.58555
564.47918
562.29866
560.04713
557.71747
555.3136
552.82765
550.26441
547.61517
544.88574
542.06641
539.16421
536.16829
533.08712
529.90854
526.6427
523.27588
519.8203
516.26035
512.6107
508.85352
505.00638
501.04877
497.00181
492.84165
488.59372
484.23007
479.78139
475.21459
470.56692
465.79873
460.95544
455.98913
450.95537
445.79578
440.57856
435.23216
429.84041
424.31539
418.75995
413.06622
407.35986
401.50908
395.66642
389.6719
383.70941
377.58595
371.5219
365.2854
359.13998
352.80701
346.60231
340.18976
333.9495
327.47482
321.22339
314.70536
308.46613
301.92606
295.71967
289.1821
283.02554
276.51878
270.42424
263.98196
257.95056
251.62199
245.63504
239.50316
233.55468
227.81423
222.37984
219.14511
221.98119
238.22762
298.09839
445.25783
686.65453
845.87894
910.87873
928.85352
929.90082
926.07103
918.29359
910.59809
899.75599
890.00904
872.57749
861.84453
831.37255
577.82156
576.10831
574.33177
572.4943
570.58985
568.62127
566.58198
564.47531
562.29408
560.04217
557.71177
555.30745
552.82073
550.25696
547.60694
544.87686
542.05675
539.15377
536.15709
533.07499
529.8957
526.62873
523.2613
519.80435
516.24391
512.59261
508.83511
504.98599
501.02831
496.97894
492.81903
488.56818
484.20519
479.75296
475.18737
470.53537
465.76909
460.92051
455.95701
450.91676
445.76115
440.5359
435.19503
429.79326
424.27584
418.70777
413.02443
407.30195
401.46535
395.60191
389.62668
383.63725
377.53983
371.44084
365.23912
359.0486
352.76145
346.49893
340.14605
333.83202
327.43461
321.08892
314.67117
308.31071
301.90137
295.53846
289.17077
282.8137
276.52397
270.17642
264.00657
257.66402
251.66641
245.30617
239.55323
233.13099
227.73184
221.21339
216.47644
210.4103
209.44615
214.82894
240.98049
323.10672
512.35782
722.61783
828.92304
864.17391
872.56988
870.68027
865.57018
856.95369
850.08521
836.93972
829.34573
804.3586
577.82091
576.10679
574.33062
572.49219
570.58819
568.61851
566.57972
564.47178
562.29112
560.03775
557.70803
555.30205
552.81614
550.25048
547.60142
544.86918
542.05022
539.14478
536.14949
533.06458
529.88694
526.61676
523.25132
519.79069
516.23265
512.57713
508.82251
504.96854
501.01431
496.95936
492.80357
488.5463
484.18823
479.72861
475.16887
470.50832
465.74901
460.89055
455.93534
450.88361
445.7379
440.49926
435.17025
429.75276
424.24962
418.66296
412.99694
407.2523
401.43682
395.5468
389.59742
383.57596
377.51014
371.37266
365.20928
358.97282
352.73162
346.41491
340.11638
333.73904
327.40537
320.98595
314.64292
308.19641
301.8747
295.41183
289.14523
282.67531
276.4969
270.03077
263.97224
257.51564
251.61855
245.16161
239.4815
233.00455
227.59527
221.08673
216.00349
209.51939
205.002
199.58747
200.41848
209.96642
251.37393
359.95572
575.18869
732.63159
798.31554
815.99083
818.54702
814.27326
808.80066
798.28545
793.10185
774.28399
577.8205
576.10535
574.32988
572.4903
570.5871
568.61612
566.57823
564.4688
562.28914
560.03408
557.70549
555.2976
552.81298
550.24517
547.59758
544.86292
542.04564
539.13747
536.1441
533.05612
529.88069
526.60706
523.24415
519.77964
516.22452
512.56463
508.81336
504.95447
501.00409
496.94361
492.79225
488.52875
484.17576
479.70911
475.1552
470.48675
465.73411
460.86674
455.91916
450.85739
445.72041
440.47043
435.15145
429.72111
424.22951
418.62824
412.97553
407.21425
401.41414
395.50515
389.57344
383.5305
377.48474
371.3233
365.1821
358.91967
352.70207
346.35831
340.08364
333.67947
327.36852
320.92393
314.60094
308.13266
301.8259
295.34826
289.08598
282.6168
276.42021
269.98493
263.86984
257.49018
251.48366
245.16243
239.30467
233.04323
227.34875
221.1913
215.63152
209.65315
204.20735
198.54516
193.50939
189.8703
192.53268
208.85901
269.80822
420.44984
618.61533
723.30314
760.42869
767.3579
766.72349
759.55145
755.29066
740.87963
577.82017
576.10429
574.32931
572.48893
570.58629
568.61442
566.57713
564.46667
562.28767
560.03145
557.70358
555.29439
552.81058
550.24132
547.59462
544.85836
542.04208
539.13212
536.13987
533.04992
529.87574
526.59993
523.23842
519.77151
516.21796
512.55543
508.80592
504.94414
500.99573
496.93208
492.7829
488.51594
484.16535
479.69496
475.14369
470.47117
465.72141
460.84964
455.90521
450.83871
445.70513
440.45008
435.13474
429.699
424.21128
418.6043
412.95567
407.18845
401.39248
395.47752
389.5497
383.50119
377.45846
371.29263
365.15261
358.88821
352.6684
346.32682
340.04464
333.64888
327.32292
320.89529
314.54719
308.10753
301.76145
295.3297
289.00618
282.61007
276.3186
269.99547
263.74016
257.52145
251.32278
245.21538
239.10844
233.12759
227.10563
221.32672
215.32361
209.84035
203.81563
198.69207
192.60014
188.0961
182.28449
181.15604
186.5435
215.00439
298.66036
482.46471
635.71599
699.21557
718.95936
718.41427
717.27695
706.17543
577.81991
576.10382
574.32889
572.48828
570.58568
568.61355
566.57629
564.46554
562.28653
560.02998
557.70208
555.29253
552.80866
550.23901
547.59223
544.85555
542.03915
539.12876
536.13635
533.04595
529.87157
526.59531
523.23355
519.7662
516.21232
512.54938
508.79946
504.93732
500.98839
496.92445
492.77462
488.50746
484.15607
479.6856
475.13332
470.4609
465.70989
460.83843
455.89244
450.82652
445.69101
440.4369
435.11915
429.68481
424.1941
418.58913
412.93672
407.17236
401.37153
395.46065
389.52642
383.4838
377.43239
371.2751
365.12311
358.87102
352.63472
346.31055
340.00598
333.63411
327.27846
320.88268
314.49589
308.09819
301.7014
295.32589
288.93411
282.61526
276.23016
270.01258
263.63487
257.54787
251.20534
245.24521
238.98275
233.16006
226.96628
221.36386
215.17916
209.85665
203.70301
198.6437
192.53519
187.81846
181.71517
177.54038
172.28333
173.26779
183.50157
228.6979
343.65677
529.79284
633.33087
664.74924
676.39858
670.20472
577.81982
576.10392
574.32867
572.4883
570.58533
568.61346
566.57576
564.4653
562.28577
560.02952
557.70102
555.29182
552.80725
550.23799
547.59041
544.85419
542.03686
539.12701
536.13354
533.04377
529.86817
526.59268
523.22952
519.76308
516.2076
512.54574
508.79401
504.93314
500.98214
496.91972
492.76751
488.50216
484.14805
479.6797
475.12432
470.45439
465.69984
460.8313
455.88127
450.81875
445.67862
440.42847
435.10547
429.67573
424.179
418.57943
412.92007
407.16208
401.35315
395.44991
389.50609
383.47273
377.40984
371.26388
365.09802
358.85983
352.6068
346.29946
339.97502
333.6231
327.24436
320.87172
314.45844
308.08748
301.65992
295.31616
288.88758
282.60708
276.17882
270.00456
263.58084
257.53584
251.15352
245.22464
238.93613
233.13016
226.92716
221.31583
215.16924
209.75608
203.76426
198.45077
192.67811
187.52183
181.91895
176.88306
171.69576
166.88674
163.60245
166.60338
185.37505
252.69298
402.91556
549.96277
614.06089
626.6671
577.82001
576.10445
574.32878
572.48879
570.58535
568.61392
566.57567
564.46568
562.28549
560.02978
557.70052
555.2919
552.80646
550.23787
547.58929
544.85382
542.03536
539.12636
536.1316
533.0428
529.86575
526.59135
523.22656
519.76138
516.20406
512.54365
508.78984
504.93063
500.9773
496.91677
492.76195
488.49876
484.14173
479.67585
475.11719
470.45005
465.69186
460.82646
455.87237
450.81339
445.66877
440.42257
435.09459
429.66928
424.16703
418.57241
412.90695
407.15451
401.33879
395.44178
389.49042
383.46405
377.39279
371.2546
365.0796
358.84977
352.58711
346.28832
339.95437
333.61036
327.22322
320.85674
314.43735
308.06959
301.63939
295.29468
288.8682
282.58096
276.16228
269.97122
263.57049
257.49201
251.15183
245.16925
238.94164
233.06334
226.94111
221.22698
215.21161
209.6163
203.85841
198.2609
192.80781
187.28915
182.12713
176.50054
172.01971
166.01373
162.33696
156.39371
156.13563
162.61514
195.0757
300.90966
437.94749
548.33875
577.8205
576.10524
574.32924
572.4896
570.58578
568.61473
566.57604
564.46645
562.28576
560.03047
557.70062
555.29248
552.80637
550.2383
547.58894
544.85405
542.03471
539.12637
536.13061
533.04255
529.86437
526.59081
523.22476
519.76052
516.20179
512.54245
508.78707
504.92907
500.97399
496.91483
492.75808
488.49643
484.13726
479.6731
475.11209
470.44687
465.6861
460.82282
455.86592
450.80927
445.6616
440.41794
435.08667
429.66412
424.15834
418.56668
412.89745
407.14818
401.32848
395.4348
389.4793
383.45634
377.38091
371.24599
365.0671
358.84001
352.57426
346.27695
339.9416
333.59678
327.21115
320.84015
314.42677
308.04901
301.63131
295.26881
288.86403
282.54799
276.16367
269.92924
263.57873
257.43994
251.16617
245.1092
238.95865
232.99922
226.96087
221.15464
215.24099
209.53122
203.89104
198.17907
192.82426
187.21154
182.15591
176.39716
172.01934
166.05164
161.95725
156.28781
152.49668
147.83631
149.22109
163.36606
209.06468
375.82714
577.82127
576.10621
574.33002
572.49061
570.58658
568.61576
566.57682
564.46749
562.28649
560.03147
557.70127
555.2934
552.80688
550.2391
547.58928
544.8547
542.03483
539.12683
536.13047
533.04278
529.86393
526.59079
523.22398
519.76022
516.20065
512.54184
508.78554
504.92814
500.97204
496.91356
492.75569
488.49479
484.13441
479.67107
475.10876
470.44444
465.68226
460.81997
455.86156
450.80597
445.6567
440.41418
435.08121
429.65986
424.15231
418.56189
412.89084
407.14282
401.32129
395.42882
389.47157
383.44964
377.3727
371.23845
365.05853
358.83139
352.56555
346.26694
339.93305
333.58493
327.20321
320.82589
314.42003
308.03159
301.62655
295.24722
288.86229
282.52106
276.16601
269.89588
263.58558
257.40085
251.17559
245.06731
238.96715
232.95695
226.96671
221.11269
215.24231
209.49563
203.8754
198.168
192.77575
187.23184
182.07541
176.46195
171.8522
166.24189
161.68044
156.42036
152.18616
147.12056
142.72124
140.31862
143.60239
204.31394
577.82228
576.10733
574.33108
572.49178
570.58767
568.61698
566.57794
564.46873
562.28761
560.03271
557.70234
555.29459
552.80787
550.24021
547.59015
544.85569
542.03555
539.12766
536.13099
533.04342
529.86423
526.59121
523.22401
519.76039
516.2004
512.54174
508.78497
504.92775
500.97114
496.91285
492.75444
488.49376
484.13278
479.6697
475.10675
470.4427
465.67985
460.81785
455.85874
450.80346
445.65345
440.41125
435.07753
429.65649
424.14817
418.55807
412.88625
407.13851
401.31625
395.42398
389.46609
383.44422
377.36681
371.23236
365.0523
358.82451
352.55908
346.25911
339.92649
333.57592
327.19678
320.8154
314.41402
308.01921
301.62138
295.2324
288.85852
282.50316
276.16407
269.87492
263.58495
257.37739
251.17526
245.04262
238.96562
232.93239
226.96262
221.09007
215.2321
209.48197
203.84791
198.17533
192.7201
187.26764
181.9826
176.54205
171.70607
166.34562
161.58701
156.38985
152.20339
147.11971
142.22676
138.83376
133.46686
139.03103
577.82347
576.10859
574.33234
572.49311
570.589
568.61838
566.57933
564.47018
562.28902
560.03417
557.70375
555.29604
552.80924
550.2416
547.59144
544.85699
542.03672
539.12884
536.13202
533.04445
529.86507
526.59204
523.22465
519.761
516.2008
512.54212
508.78511
504.92787
500.971
496.9127
492.75401
488.49331
484.13205
479.66895
475.1057
470.44164
465.67847
460.81645
455.85701
450.80171
445.65136
440.40915
435.07508
429.65402
424.14535
418.55521
412.88305
407.13524
401.31266
395.42029
389.46212
383.44007
377.36247
371.22772
365.0476
358.81933
352.55405
346.25331
339.92119
333.56942
327.19126
320.80808
314.40838
308.01092
301.61576
295.22295
288.85307
282.49236
276.15893
269.86253
263.58019
257.36376
251.17021
245.02851
238.95946
232.91842
226.95457
221.07704
215.22039
209.47266
203.82853
198.17424
192.68936
187.27732
181.93642
176.56769
171.64696
166.35668
161.58919
156.2817
152.37551
146.75747
142.8655
137.54511
134.61239
128.6014
577.82482
576.10998
574.33377
572.49459
570.59052
568.61994
566.58092
564.47181
562.29067
560.03584
557.70541
555.29772
552.81089
550.24325
547.59305
544.85858
542.03825
539.13033
536.13343
533.04582
529.86634
526.59326
523.22575
519.76203
516.2017
512.54294
508.78579
504.92846
500.97145
496.91305
492.7542
488.4934
484.13198
479.66877
475.10535
470.44119
465.67783
460.81571
455.85608
450.80067
445.65013
440.40779
435.07353
429.65235
424.14348
418.55321
412.88085
407.1329
401.31013
395.4176
389.45925
383.43702
377.35926
371.22429
365.04405
358.81549
352.55016
346.24905
339.91697
333.5647
327.18673
320.80287
314.40355
308.00517
301.61065
295.21661
288.84771
282.48536
276.15331
269.85488
263.57422
257.35551
251.16373
245.01976
238.95235
232.90926
226.94666
221.06778
215.21104
209.46418
203.81665
198.16751
192.67391
187.27337
181.91649
176.56683
171.62542
166.34623
161.59226
156.22786
152.4321
146.62479
143.03435
137.35564
134.58348
127.75521
577.82631
576.11152
574.33535
572.49622
570.5922
568.62167
566.58269
564.47362
562.2925
560.03771
557.7073
555.29961
552.81278
550.24514
547.59492
544.86044
542.04007
539.13212
536.13517
533.0475
529.86796
526.59481
523.22722
519.76343
516.203
512.54416
508.7869
504.92948
500.97235
496.91385
492.75488
488.49398
484.13242
479.6691
475.10555
470.44126
465.67778
460.81554
455.85577
450.80023
445.64955
440.40708
435.07267
429.65136
424.14234
418.55193
412.87943
407.13134
401.30842
395.41573
389.45723
383.43485
377.35695
371.2218
365.04143
358.81269
352.54724
346.24592
339.91374
333.56123
327.18318
320.79905
314.39969
308.00098
301.60647
295.21202
288.84321
282.48037
276.14848
269.84948
263.56903
257.3497
251.15814
245.01355
238.94632
232.90265
226.94013
221.06082
215.20386
209.45701
203.80862
198.1602
192.66497
187.26594
181.90622
176.55962
171.61476
166.33572
161.58657
156.20906
152.43337
146.59665
143.04545
137.32951
134.56073
127.68043
577.82794
576.11319
574.33708
572.498
570.59403
568.62355
566.58461
564.47559
562.29452
560.03975
557.70937
555.3017
552.81488
550.24725
547.59702
544.86253
542.04214
539.13416
536.13717
533.04946
529.86986
526.59666
523.229
519.76514
516.20463
512.54571
508.78837
504.93086
500.97363
496.91503
492.75597
488.49496
484.13329
479.66987
475.1062
470.4418
465.6782
460.81584
455.85595
450.8003
445.64949
440.40691
435.07237
429.65093
424.14179
418.55125
412.87862
407.1304
401.30735
395.41453
389.4559
383.43339
377.35535
371.22007
365.03957
358.81069
352.5451
346.24363
339.91133
333.55867
327.1805
320.7962
314.39673
307.99784
301.60322
295.20859
288.83967
282.47663
276.14465
269.84542
263.56489
257.34532
251.15368
245.00884
238.94151
232.8976
226.93496
221.05543
215.19829
209.45128
203.8026
198.15412
192.65849
187.25948
181.89924
176.55272
171.60734
166.32799
161.57936
156.19995
152.42627
146.58645
143.03853
137.31934
134.55003
127.66586
577.82968
576.115
574.33893
572.49991
570.59599
568.62557
566.58669
564.47771
562.29668
560.04196
557.7116
555.30396
552.81717
550.24954
547.59932
544.86482
542.04442
539.13642
536.13941
533.05166
529.87202
526.59877
523.23105
519.76713
516.20655
512.54756
508.79014
504.93255
500.97524
496.91655
492.75739
488.49628
484.13452
479.671
475.10723
470.44273
465.67901
460.81655
455.85655
450.80079
445.64986
440.40716
435.07252
429.65096
424.14171
418.55106
412.87831
407.12997
401.3068
395.41387
389.45512
383.43248
377.35433
371.21893
365.03831
358.80931
352.54361
346.24202
339.9096
333.55681
327.17852
320.7941
314.39451
307.99549
301.60076
295.20599
288.83696
282.47378
276.14168
269.84232
263.56166
257.34195
251.15018
245.0052
238.93774
232.89368
226.9309
221.05123
215.19393
209.44678
203.79793
198.1493
192.65348
187.25433
181.89387
176.5472
171.60162
166.32207
161.57328
156.19356
152.41974
146.57964
143.03147
137.31195
134.54246
127.65771
577.83155
576.11692
574.34091
572.50195
570.59809
568.62772
566.58889
564.47997
562.29899
560.04431
557.71399
555.30639
552.81962
550.25201
547.6018
544.86731
542.0469
539.13889
536.14185
533.05408
529.87441
526.60111
523.23334
519.76937
516.20873
512.54967
508.79218
504.93451
500.97712
496.91835
492.7591
488.49791
484.13606
479.67244
475.10857
470.44397
465.68016
460.8176
455.85749
450.80163
445.6506
440.4078
435.07304
429.65138
424.14201
418.55125
412.8784
407.12995
401.30668
395.41364
389.45478
383.43204
377.35378
371.21827
365.03754
358.80843
352.54262
346.24092
339.9084
333.5555
327.17711
320.79258
314.39288
307.99376
301.59892
295.20405
288.83491
282.47162
276.13941
269.83994
263.55917
257.33936
251.14747
245.00238
238.9348
232.89063
226.92773
221.04794
215.19052
209.44324
203.79427
198.14551
192.64955
187.25028
181.88967
176.54286
171.59713
166.31744
161.56845
156.18861
152.41462
146.57432
143.02595
137.30621
134.53661
127.65151
577.83354
576.11896
574.34301
572.50411
570.6003
568.63
566.59123
564.48236
562.30143
560.0468
557.71652
555.30895
552.82222
550.25463
547.60444
544.86996
542.04955
539.14153
536.14448
533.05669
529.87699
526.60365
523.23585
519.77182
516.21113
512.55201
508.79445
504.93672
500.97925
496.9204
492.76108
488.4998
484.13786
479.67415
475.11019
470.4455
465.68159
460.81893
455.85873
450.80276
445.65164
440.40874
435.07388
429.65212
424.14265
418.55179
412.87883
407.13028
401.3069
395.41376
389.4548
383.43196
377.3536
371.21799
365.03716
358.80795
352.54205
346.24025
339.90763
333.55464
327.17615
320.79152
314.39173
307.99251
301.59758
295.20261
288.83338
282.47
276.1377
269.83813
263.55727
257.33736
251.14538
245.00019
238.93252
232.88825
226.92525
221.04537
215.18784
209.44046
203.79139
198.14252
192.64646
187.24709
181.88635
176.53943
171.59359
166.31379
161.56462
156.1847
152.41058
146.57012
143.02159
137.30169
134.53199
127.64661
577.83564
576.12112
574.34523
572.50638
570.60264
568.6324
566.59368
564.48487
562.30399
560.04941
557.71919
555.31166
552.82495
550.2574
547.60723
544.87276
542.05236
539.14434
536.14729
533.05948
529.87975
526.60639
523.23855
519.77448
516.21374
512.55456
508.79694
504.93914
500.9816
496.92268
492.76328
488.50192
484.13989
479.6761
475.11205
470.44727
465.68327
460.82052
455.86022
450.80416
445.65294
440.40994
435.07499
429.65312
424.14356
418.5526
412.87954
407.1309
401.30742
395.41418
389.45512
383.43218
377.35372
371.21802
365.0371
358.8078
352.5418
346.23991
339.9072
333.55412
327.17554
320.79083
314.39095
307.99165
301.59663
295.20157
288.83226
282.4688
276.13641
269.83676
263.55582
257.33583
251.14377
244.9985
238.93075
232.8864
226.92332
221.04335
215.18574
209.43828
203.78912
198.14017
192.64401
187.24456
181.88372
176.53671
171.59078
166.3109
161.56158
156.18162
152.40738
146.56678
143.01813
137.29811
134.52833
127.64271
577.83786
576.12339
574.34756
572.50877
570.60509
568.63491
566.59625
564.4875
562.30668
560.05215
557.72197
555.31449
552.82782
550.2603
547.61016
544.8757
542.05532
539.14731
536.15025
533.06243
529.88268
526.60929
523.24142
519.77731
516.21653
512.5573
508.79962
504.94176
500.98416
496.92517
492.76568
488.50425
484.14214
479.67826
475.11413
470.44926
465.68517
460.82232
455.86194
450.80578
445.65446
440.41137
435.07632
429.65436
424.1447
418.55364
412.88049
407.13175
401.30817
395.41484
389.45569
383.43266
377.3541
371.21831
365.0373
358.80791
352.54182
346.23985
339.90705
333.55388
327.17522
320.79043
314.39046
307.99109
301.59599
295.20086
288.83147
282.46793
276.13547
269.83574
263.55473
257.33467
251.14254
244.9972
238.92937
232.88495
226.9218
221.04176
215.18408
209.43655
203.78733
198.13829
192.64207
187.24256
181.88162
176.53455
171.58854
166.30859
161.55915
156.17916
152.40483
146.56412
143.01537
137.29526
134.52542
127.63958
577.84019
576.12578
574.35
572.51128
570.60765
568.63753
566.59893
564.49024
562.30948
560.055
557.72487
555.31743
552.83081
550.26333
547.61321
544.87878
542.05841
539.15041
536.15335
533.06552
529.88577
526.61236
523.24446
519.78032
516.21949
512.56021
508.80248
504.94456
500.9869
496.92783
492.76828
488.50677
484.14458
479.68062
475.1164
470.45145
465.68727
460.82433
455.86385
450.8076
445.65619
440.413
435.07785
429.6558
424.14604
418.55489
412.88163
407.1328
401.30913
395.4157
389.45646
383.43334
377.35469
371.21881
365.03771
358.80823
352.54206
346.24
339.90712
333.55387
327.17513
320.79026
314.39022
307.99076
301.59559
295.20039
288.83093
282.46732
276.13479
269.835
263.55392
257.33379
251.1416
244.99619
238.92831
232.88382
226.92061
221.04051
215.18277
209.43518
203.7859
198.1368
192.64052
187.24095
181.87994
176.53282
171.58675
166.30675
161.55719
156.1772
152.40278
146.56197
143.01314
137.29296
134.52307
127.63704
577.84263
576.12827
574.35256
572.51389
570.61033
568.64026
566.60173
564.49309
562.31239
560.05796
557.72789
555.3205
552.83392
550.26647
547.61639
544.88199
542.06164
539.15365
536.1566
533.06877
529.889
526.61558
523.24765
519.78348
516.22261
512.56329
508.80551
504.94753
500.98981
496.93068
492.77105
488.50947
484.1472
479.68316
475.11886
470.45381
465.68954
460.82651
455.86594
450.8096
445.65809
440.4148
435.07956
429.65741
424.14756
418.55631
412.88296
407.13403
401.31026
395.41674
389.45741
383.43419
377.35545
371.21948
365.03829
358.80873
352.54247
346.24033
339.90737
333.55404
327.17522
320.79027
314.39016
307.99063
301.59539
295.20012
288.83059
282.46691
276.13432
269.83447
263.55332
257.33314
251.14088
244.99542
238.92748
232.88293
226.91968
221.03952
215.18172
209.43409
203.78475
198.1356
192.63927
187.23966
181.87858
176.53142
171.58529
166.30525
161.55559
156.17561
152.40112
146.56023
143.01132
137.2911
134.52117
127.63496
577.84518
576.13088
574.35522
572.51661
570.61311
568.64311
566.60463
564.49605
562.31541
560.06104
557.73102
555.32368
552.83714
550.26974
547.61969
544.88531
542.06499
539.15701
536.15997
533.07214
529.89237
526.61893
523.25099
519.78679
516.22588
512.56652
508.80869
504.95066
500.99288
496.93368
492.77399
488.51233
484.14999
479.68586
475.12148
470.45634
465.69198
460.82886
455.8682
450.81176
445.66016
440.41677
435.08143
429.65918
424.14923
418.55788
412.88444
407.13541
401.31155
395.41793
389.4585
383.43519
377.35636
371.2203
365.03902
358.80937
352.54303
346.2408
339.90776
333.55435
327.17546
320.79043
314.39024
307.99065
301.59533
295.2
288.8304
282.46666
276.13401
269.8341
263.55289
257.33265
251.14034
244.99483
238.92684
232.88224
226.91893
221.03873
215.18087
209.4332
203.78382
198.13461
192.63825
187.2386
181.87745
176.53027
171.5841
166.30403
161.55426
156.17432
152.39976
146.55879
143.00982
137.28957
134.51961
127.63323
577.84784
576.1336
574.358
572.51945
570.61601
568.64606
566.60764
564.49912
562.31853
560.06422
557.73425
555.32696
552.84047
550.27311
547.6231
544.88876
542.06846
539.1605
536.16347
533.07565
529.89588
526.62242
523.25446
519.79024
516.2293
512.5699
508.81203
504.95394
500.9961
496.93684
492.77708
488.51535
484.15293
479.68872
475.12425
470.45903
465.69458
460.83137
455.87061
450.81407
445.66237
440.41889
435.08345
429.6611
424.15104
418.5596
412.88605
407.13692
401.31296
395.41925
389.45972
383.43631
377.35739
371.22124
365.03987
358.81013
352.54371
346.24139
339.90827
333.55478
327.17581
320.79071
314.39045
307.99078
301.5954
295.19999
288.83034
282.46653
276.13383
269.83385
263.55259
257.3323
251.13993
244.99437
238.92633
232.88168
226.91833
221.03809
215.18018
209.43247
203.78305
198.1338
192.6374
187.23772
181.87651
176.52931
171.5831
166.303
161.55314
156.17325
152.39862
146.55759
143.00856
137.2883
134.5183
127.63177
577.85062
576.13643
574.36088
572.52239
570.61901
568.64912
566.61076
564.5023
562.32177
560.06751
557.73759
555.33035
552.84391
550.27659
547.62662
544.89231
542.07204
539.16411
536.16709
533.07927
529.8995
526.62605
523.25807
519.79382
516.23286
512.57342
508.8155
504.95737
500.99947
496.94015
492.78032
488.51852
484.15602
479.69173
475.12717
470.46187
465.69732
460.83402
455.87316
450.81652
445.66472
440.42114
435.08559
429.66314
424.15298
418.56143
412.88778
407.13855
401.31449
395.42068
389.46105
383.43755
377.35853
371.22228
365.04082
358.81099
352.54448
346.24208
339.90887
333.55531
327.17625
320.79108
314.39074
307.99101
301.59555
295.20008
288.83036
282.46649
276.13373
269.8337
263.55238
257.33204
251.13962
244.99401
238.92592
232.88122
226.91784
221.03755
215.1796
209.43186
203.7824
198.1331
192.63667
187.23697
181.87571
176.52849
171.58225
166.30213
161.55218
156.17235
152.39765
146.55655
143.00748
137.28721
134.51719
127.6305
577.8535
576.13937
574.36388
572.52544
570.62212
568.65229
566.61399
564.50558
562.3251
560.0709
557.74104
555.33385
552.84746
550.28018
547.63025
544.89598
542.07573
539.16782
536.17082
533.08302
529.90325
526.62979
523.2618
519.79754
516.23655
512.57708
508.81912
504.96094
501.00298
496.9436
492.78371
488.52183
484.15925
479.69488
475.13024
470.46484
465.70021
460.8368
455.87585
450.81911
445.66721
440.42351
435.08787
429.66531
424.15504
418.56339
412.88963
407.1403
401.31613
395.42221
389.46248
383.43887
377.35976
371.22341
365.04186
358.81193
352.54533
346.24284
339.90955
333.5559
327.17677
320.79152
314.3911
307.9913
301.59577
295.20024
288.83045
282.46652
276.1337
269.83361
263.55224
257.33185
251.13937
244.99372
238.92559
232.88084
226.91742
221.03709
215.1791
209.43133
203.78183
198.13249
192.63604
187.23631
181.875
176.52778
171.5815
166.30137
161.55132
156.17157
152.3968
146.55565
143.00652
137.28626
134.51622
127.62938
577.8565
576.14242
574.36699
572.5286
570.62533
568.65556
566.61732
564.50897
562.32855
560.0744
557.74459
555.33746
552.85111
550.28388
547.63399
544.89975
542.07954
539.17165
536.17467
533.08688
529.90712
526.63366
523.26566
519.80138
516.24036
512.58087
508.82287
504.96464
501.00663
496.94719
492.78723
488.52528
484.16263
479.69818
475.13345
470.46796
465.70323
460.83972
455.87866
450.82182
445.66981
440.42601
435.09026
429.66759
424.15721
418.56545
412.89158
407.14214
401.31786
395.42383
389.46399
383.44029
377.36107
371.22462
365.04297
358.81295
352.54625
346.24367
339.91029
333.55656
327.17734
320.79201
314.39152
307.99164
301.59604
295.20044
288.83059
282.4666
276.13372
269.83357
263.55214
257.3317
251.13917
244.99347
238.9253
232.88051
226.91705
221.03668
215.17865
209.43085
203.78132
198.13194
192.63547
187.23572
181.87435
176.52713
171.58083
166.30068
161.55054
156.17087
152.39604
146.55483
143.00566
137.28542
134.51536
127.62836
577.85961
576.14559
574.3702
572.53188
570.62866
568.65894
566.62076
564.51246
562.3321
560.07801
557.74825
555.34116
552.85487
550.28768
547.63783
544.90363
542.08345
539.1756
536.17864
533.09086
529.91111
526.63765
523.26964
519.80535
516.24431
512.58478
508.82675
504.96848
501.01042
496.95092
492.79089
488.52887
484.16614
479.70161
475.13679
470.4712
465.70638
460.84277
455.88161
450.82466
445.67254
440.42863
435.09276
429.66998
424.15949
418.56761
412.89362
407.14407
401.31967
395.42554
389.46559
383.44177
377.36245
371.22589
365.04414
358.81402
352.54723
346.24455
339.91108
333.55726
327.17795
320.79254
314.39197
307.99202
301.59635
295.20067
288.83076
282.4667
276.13376
269.83355
263.55207
257.33158
251.139
244.99325
238.92504
232.8802
226.9167
221.0363
215.17822
209.43041
203.78084
198.13142
192.63494
187.23517
181.87374
176.52653
171.5802
166.30004
161.54981
156.17024
152.39533
146.55406
143.00486
137.28464
134.51456
127.62742
577.86284
576.14887
574.37354
572.53526
570.6321
568.66244
566.6243
564.51607
562.33576
560.08172
557.75202
555.34498
552.85873
550.29159
547.64179
544.90762
542.08748
539.17965
536.18271
533.09496
529.91521
526.64175
523.27375
519.80944
516.24838
512.58883
508.83076
504.97244
501.01434
496.95478
492.79469
488.5326
484.16979
479.70517
475.14026
470.47458
465.70966
460.84595
455.88468
450.82762
445.67539
440.43136
435.09538
429.67247
424.16187
418.56986
412.89576
407.14608
401.32157
395.42732
389.46725
383.44332
377.36389
371.22723
365.04536
358.81514
352.54825
346.24547
339.9119
333.55799
327.1786
320.7931
314.39245
307.99242
301.59667
295.20092
288.83094
282.46681
276.13382
269.83355
263.55201
257.33147
251.13883
244.99304
238.92479
232.8799
226.91637
221.03593
215.17781
209.42997
203.78037
198.13092
192.63442
187.23463
181.87315
176.52595
171.57959
166.29942
161.5491
156.16964
152.39466
146.55332
143.00409
137.2839
134.51381
127.62651
577.86619
576.15227
574.37698
572.53876
570.63565
568.66605
566.62797
564.51978
562.33953
560.08554
557.75589
555.34891
552.86271
550.29561
547.64585
544.91173
542.09162
539.18382
536.18691
533.09917
529.91944
526.64598
523.27797
519.81366
516.25259
512.59301
508.8349
504.97655
501.01839
496.95878
492.79862
488.53646
484.17357
479.70887
475.14387
470.4781
465.71307
460.84925
455.88787
450.8307
445.67835
440.43421
435.0981
429.67507
424.16434
418.57221
412.89798
407.14818
401.32355
395.42917
389.46899
383.44494
377.36538
371.22861
365.04663
358.8163
352.5493
346.24642
339.91276
333.55875
327.17926
320.79368
314.39294
307.99283
301.597
295.20118
288.83113
282.46693
276.13387
269.83354
263.55195
257.33136
251.13866
244.99283
238.92453
232.87959
226.91603
221.03555
215.17739
209.42953
203.77989
198.1304
192.63389
187.23409
181.87255
176.52537
171.57899
166.2988
161.54838
156.16905
152.39399
146.5526
143.00333
137.28318
134.51308
127.62562
577.86966
576.15578
574.38055
572.54238
570.63933
568.66977
566.63175
564.52362
562.34341
560.08948
557.75988
555.35295
552.86679
550.29975
547.65003
544.91595
542.09587
539.1881
536.19122
533.1035
529.92378
526.65034
523.28233
519.818
516.25692
512.59731
508.83918
504.98078
501.02258
496.96291
492.80269
488.54046
484.17749
479.7127
475.14761
470.48174
465.71661
460.85269
455.89119
450.8339
445.68143
440.43716
435.10093
429.67777
424.16691
418.57466
412.9003
407.15037
401.3256
395.4311
389.47078
383.44661
377.36693
371.23004
365.04794
358.81749
352.55039
346.2474
339.91364
333.55952
327.17994
320.79427
314.39343
307.99324
301.59733
295.20143
288.83131
282.46704
276.13392
269.83352
263.55187
257.33123
251.13847
244.9926
238.92425
232.87926
226.91567
221.03515
215.17695
209.42907
203.7794
198.12987
192.63336
187.23353
181.87194
176.52477
171.57838
166.29818
161.54766
156.16846
152.39332
146.55186
143.00256
137.28246
134.51235
127.62472
577.87325
576.15942
574.38424
572.54613
570.64312
568.67362
566.63565
564.52757
562.34742
560.09354
557.76399
555.35711
552.871
550.304
547.65433
544.92029
542.10025
539.19251
536.19565
533.10795
529.92825
526.65482
523.28681
519.82248
516.26138
512.60176
508.84359
504.98516
501.02691
496.96719
492.80691
488.5446
484.18156
479.71668
475.1515
470.48552
465.72029
460.85625
455.89464
450.83723
445.68463
440.44023
435.10387
429.68058
424.16958
418.57719
412.90269
407.15263
401.32772
395.43309
389.47264
383.44834
377.36853
371.23151
365.04929
358.81872
352.5515
346.2484
339.91453
333.56031
327.18063
320.79486
314.39393
307.99365
301.59766
295.20168
288.83148
282.46713
276.13395
269.83348
263.55177
257.33107
251.13826
244.99234
238.92395
232.8789
226.91529
221.03473
215.17648
209.42859
203.77888
198.12931
192.63279
187.23295
181.87129
176.52415
171.57774
166.29753
161.5469
156.16786
152.39263
146.5511
143.00177
137.28173
134.5116
127.62381
577.87698
576.1632
574.38807
572.55
570.64705
568.6776
566.63968
564.53165
562.35156
560.09773
557.76823
555.3614
552.87534
550.30839
547.65876
544.92475
542.10475
539.19705
536.20022
533.11255
529.93286
526.65944
523.29143
519.8271
516.26599
512.60634
508.84815
504.98968
501.03139
496.97161
492.81127
488.54889
484.18577
479.7208
475.15552
470.48944
465.7241
460.85995
455.89822
450.84068
445.68795
440.44342
435.10692
429.68349
424.17235
418.57982
412.90518
407.15497
401.32992
395.43515
389.47456
383.45012
377.37018
371.23302
365.05068
358.81998
352.55264
346.24942
339.91543
333.56111
327.18132
320.79545
314.39442
307.99405
301.59797
295.2019
288.83163
282.4672
276.13395
269.83342
263.55164
257.33089
251.13801
244.99204
238.92361
232.87851
226.91486
221.03426
215.17596
209.42806
203.77832
198.12871
192.63218
187.23233
181.87061
176.5235
171.57706
166.29684
161.5461
156.16723
152.39191
146.5503
143.00095
137.28097
134.51083
127.62286
577.88085
576.16712
574.39204
572.55402
570.65112
568.68172
566.64385
564.53588
562.35583
560.10206
557.77261
555.36583
552.87982
550.31291
547.66332
544.92936
542.1094
539.20173
536.20493
533.11728
529.93762
526.6642
523.2962
519.83187
516.27075
512.61108
508.85287
504.99436
501.03602
496.97619
492.81578
488.55333
484.19013
479.72508
475.1597
470.49352
465.72806
460.86379
455.90193
450.84426
445.6914
440.44673
435.11008
429.68651
424.17522
418.58254
412.90775
407.15739
401.3322
395.43728
389.47654
383.45195
377.37187
371.23458
365.0521
358.82127
352.5538
346.25046
339.91635
333.56191
327.18201
320.79603
314.3949
307.99444
301.59826
295.20211
288.83176
282.46724
276.13392
269.83332
263.55147
257.33067
251.13772
244.99171
238.92322
232.87807
226.91439
221.03375
215.1754
209.42749
203.77771
198.12806
192.63153
187.23166
181.86987
176.5228
171.57634
166.29611
161.54525
156.16656
152.39114
146.54945
143.00009
137.28017
134.51002
127.62187
577.88487
576.17119
574.39616
572.55819
570.65534
568.68599
566.64817
564.54026
562.36026
560.10654
557.77715
555.37041
552.88445
550.31759
547.66805
544.93413
542.11421
539.20658
536.2098
533.12218
529.94253
526.66913
523.30114
519.8368
516.27567
512.61599
508.85775
504.99921
501.04083
496.98094
492.82047
488.55795
484.19466
479.72952
475.16404
470.49775
465.73218
460.86778
455.9058
450.84799
445.69499
440.45017
435.11338
429.68965
424.17821
418.58537
412.91042
407.15991
401.33456
395.43948
389.47859
383.45385
377.37362
371.23618
365.05356
358.82259
352.55499
346.25151
339.91728
333.56272
327.1827
320.79662
314.39538
307.99482
301.59854
295.2023
288.83186
282.46726
276.13386
269.83318
263.55126
257.3304
251.13739
244.99133
238.92279
232.87758
226.91387
221.03319
215.17479
209.42687
203.77704
198.12735
192.63083
187.23094
181.86908
176.52205
171.57557
166.29533
161.54435
156.16585
152.39032
146.54855
142.99917
137.27932
134.50917
127.62083
577.88906
576.17543
574.40045
572.56253
570.65973
568.69044
566.65267
564.54481
562.36487
560.1112
557.78185
555.37517
552.88926
550.32245
547.67295
544.93908
542.11919
539.2116
536.21486
533.12726
529.94763
526.67425
523.30626
519.84193
516.28079
512.62109
508.86282
505.00425
501.04582
496.98588
492.82535
488.56275
484.19938
479.73414
475.16857
470.50216
465.73647
460.87195
455.90983
450.85188
445.69873
440.45376
435.11681
429.69293
424.18132
418.58832
412.9132
407.16253
401.33701
395.44177
389.48071
383.45582
377.37543
371.23783
365.05507
358.82395
352.55621
346.25259
339.91823
333.56354
327.1834
320.7972
314.39584
307.99518
301.59879
295.20246
288.83193
282.46724
276.13377
269.83301
263.55102
257.3301
251.13701
244.9909
238.92231
232.87704
226.9133
221.03257
215.17412
209.42619
203.77632
198.12658
192.63007
187.23017
181.86823
176.52124
171.57474
166.29449
161.54338
156.1651
152.38945
146.54759
142.99819
137.27843
134.50827
127.61973
577.89344
576.17986
574.40493
572.56706
570.66432
568.69508
566.65737
564.54956
562.36967
560.11605
557.78676
555.38013
552.89428
550.32751
547.67806
544.94423
542.12439
539.21683
536.22012
533.13255
529.95295
526.67958
523.3116
519.84727
516.28612
512.62641
508.86811
505.0095
501.05103
496.99104
492.83044
488.56776
484.20431
479.73897
475.17329
470.50677
465.74096
460.8763
455.91404
450.85594
445.70264
440.45751
435.1204
429.69635
424.18457
418.59139
412.9161
407.16525
401.33956
395.44415
389.48292
383.45786
377.37731
371.23955
365.05663
358.82535
352.55747
346.2537
339.9192
333.56437
327.1841
320.79779
314.39631
307.99554
301.59904
295.2026
288.83198
282.46719
276.13365
269.8328
263.55074
257.32975
251.13659
244.99042
238.92179
232.87645
226.91268
221.0319
215.1734
209.42546
203.77555
198.12576
192.62925
187.22933
181.86731
176.52038
171.57386
166.29359
161.54235
156.1643
152.38853
146.54657
142.99716
137.27748
134.50731
127.61856
577.89793
576.1844
574.40952
572.57171
570.66901
568.69982
566.66217
564.55441
562.37458
560.12102
557.79178
555.3852
552.8994
550.33268
547.68328
544.9495
542.12969
539.22217
536.2255
533.13796
529.95838
526.68503
523.31706
519.85273
516.29158
512.63185
508.87353
505.01489
501.05637
496.99632
492.83566
488.57291
484.20937
479.74394
475.17815
470.51151
465.74557
460.88077
455.91837
450.86012
445.70666
440.46137
435.12408
429.69986
424.1879
418.59455
412.91908
407.16805
401.34217
395.44658
389.48517
383.45994
377.37921
371.24128
365.05819
358.82675
352.55871
346.25479
339.92015
333.56518
327.18477
320.79832
314.39672
307.99583
301.59922
295.20267
288.83195
282.46706
276.13344
269.8325
263.55035
257.3293
251.13606
244.98984
238.92114
232.87574
226.91193
221.0311
215.17254
209.42459
203.77464
198.1248
192.6283
187.22837
181.86626
176.51939
171.57283
166.29256
161.54116
156.16337
152.38745
146.54541
142.99596
137.27638
134.50619
127.61722
)
;

boundaryField
{
    inlet
    {
        type            fixedValue;
        value           uniform 1000;
    }
    outlet
    {
        type            inletOutlet;
        inletValue      uniform 1000;
        value           nonuniform List<scalar> 
80
(
181327.57
68961.259
37721.754
25080.51
18419.757
14356.591
11636.83
9696.6499
8247.256
7126.1235
6235.0465
5511.2933
4912.9649
4411.0353
3984.7732
3618.9847
3302.2856
3025.9809
2783.3183
2568.9767
2378.7087
2209.0849
2057.3092
1921.0742
1798.4621
1687.8702
1587.9512
1497.5675
1415.7546
1341.6949
1274.6964
1214.1776
1159.6616
1110.7324
1066.9054
1027.6426
992.4329
960.76183
932.0692
905.69495
880.82222
856.44191
831.37255
804.3586
774.28399
740.87963
706.17543
670.20472
626.6671
548.33875
375.82714
204.31394
139.03103
128.6014
127.75521
127.68043
127.66586
127.65771
127.65151
127.64661
127.64271
127.63958
127.63704
127.63496
127.63323
127.63177
127.6305
127.62938
127.62836
127.62742
127.62651
127.62562
127.62472
127.62381
127.62286
127.62187
127.62083
127.61973
127.61856
127.61722
)
;
    }
    top
    {
        type            zeroGradient;
    }
    upstreamWall
    {
        type            symmetryPlane;
    }
    plate
    {
        type            omegaWallFunction;
        blending        binomial;
        n               2;
        value           nonuniform List<scalar> 
96
(
145139.12
235901.26
272934.01
268559.7
255172.13
244585.84
243959.53
245676.77
248433.09
249106.41
248692.82
247532.97
245986.53
244338.43
242616.13
240845.86
239110.41
237421.31
235775.8
234184.29
232652.19
231175.26
229776.06
228438.94
227148.21
225900.95
224695.97
223537.5
222428.69
221353.87
220311.81
219297.41
218319.37
217369.99
216447.96
215547.49
214671.06
213819.6
212986.82
212173.15
211378.3
210602.35
209840.47
209093.61
208362.69
207645.83
206940.76
206248.81
205569.38
204900.64
204242.68
203595.17
202957.07
202328.93
201709.01
201097.77
200495.45
199899.85
199312.34
198732.29
198158.79
197592.23
197032.04
196478.31
195930.24
195388.81
194852.43
194321.83
193796.61
193276.36
192761.2
192250.96
191745.43
191244.57
190748.21
190256.32
189768.46
189285.06
188805.72
188329.86
187858.7
187391.02
186926.26
186466.63
186010.21
185556.03
185106.4
184662.58
184219.31
183779.98
183347.91
182929.32
182511.57
182102.62
181787.24
181327.57
)
;
    }
    frontAndBack
    {
        type            empty;
    }
}


// ************************************************************************* //
