/*--------------------------------*- C++ -*----------------------------------*\
| =========                 |                                                 |
| \\      /  F ield         | OpenFOAM: The Open Source CFD Toolbox           |
|  \\    /   O peration     | Version:  2512                                  |
|   \\  /    A nd           | Website:  www.openfoam.com                      |
|    \\/     M anipulation  |                                                 |
\*---------------------------------------------------------------------------*/
FoamFile
{
    version     2.0;
    format      ascii;
    arch        "LSB;label=32;scalar=64";
    class       volScalarField;
    location    "0.0999872";
    object      rho;
}
// * * * * * * * * * * * * * * * * * * * * * * * * * * * * * * * * * * * * * //

dimensions      [1 -3 0 0 0 0 0];

internalField   nonuniform List<scalar> 
8800
(
1.1989658
1.198969
1.1989761
1.1989849
1.1989963
1.1990074
1.1990214
1.1990346
1.1990514
1.199067
1.1990899
1.1991022
1.1991779
1.1991105
1.1989658
1.198969
1.1989761
1.1989849
1.1989963
1.1990074
1.1990214
1.1990346
1.1990514
1.1990673
1.1990893
1.1991112
1.1991263
1.1992601
1.1989658
1.198969
1.1989761
1.1989849
1.1989963
1.1990074
1.1990214
1.1990346
1.1990514
1.1990677
1.1990888
1.1991139
1.1991298
1.1992034
1.1989658
1.198969
1.1989761
1.1989849
1.1989963
1.1990074
1.1990214
1.1990346
1.1990514
1.199068
1.1990883
1.1991144
1.1991373
1.1991914
1.1989658
1.198969
1.1989761
1.1989849
1.1989963
1.1990074
1.1990214
1.1990346
1.1990514
1.1990683
1.1990881
1.1991144
1.19914
1.1991877
1.1989658
1.198969
1.1989761
1.1989849
1.1989963
1.1990074
1.1990214
1.1990346
1.1990514
1.1990683
1.1990882
1.1991138
1.1991404
1.199185
1.1989658
1.198969
1.1989761
1.1989849
1.1989963
1.1990074
1.1990214
1.1990346
1.1990514
1.1990682
1.1990885
1.1991132
1.1991401
1.1991817
1.1989658
1.198969
1.1989761
1.1989849
1.1989963
1.1990074
1.1990214
1.1990346
1.1990513
1.199068
1.1990886
1.1991127
1.1991396
1.1991782
1.1989658
1.198969
1.1989761
1.1989848
1.1989963
1.1990074
1.1990214
1.1990346
1.1990513
1.1990679
1.1990886
1.1991122
1.1991391
1.1991746
1.1989658
1.198969
1.1989761
1.1989848
1.1989963
1.1990074
1.1990214
1.1990346
1.1990513
1.1990678
1.1990884
1.1991117
1.1991383
1.1991709
1.1989658
1.198969
1.1989761
1.1989848
1.1989963
1.1990074
1.1990214
1.1990346
1.1990513
1.1990677
1.1990883
1.1991111
1.1991374
1.1991672
1.1989658
1.198969
1.1989761
1.1989848
1.1989963
1.1990074
1.1990213
1.1990346
1.1990512
1.1990677
1.1990881
1.1991104
1.1991364
1.1991635
1.1989658
1.198969
1.1989761
1.1989848
1.1989963
1.1990074
1.1990213
1.1990346
1.1990512
1.1990675
1.1990879
1.1991097
1.1991352
1.1991598
1.1989658
1.198969
1.1989761
1.1989848
1.1989963
1.1990074
1.1990213
1.1990345
1.1990511
1.1990674
1.1990876
1.1991088
1.1991338
1.199156
1.1989658
1.198969
1.1989761
1.1989848
1.1989963
1.1990074
1.1990213
1.1990345
1.1990511
1.1990672
1.1990874
1.1991079
1.1991322
1.1991522
1.1989658
1.198969
1.1989761
1.1989848
1.1989963
1.1990073
1.1990213
1.1990345
1.199051
1.199067
1.1990871
1.199107
1.1991305
1.1991484
1.1989658
1.198969
1.1989761
1.1989848
1.1989962
1.1990073
1.1990213
1.1990344
1.1990509
1.1990668
1.1990867
1.1991059
1.1991286
1.1991446
1.1989658
1.198969
1.1989761
1.1989848
1.1989962
1.1990073
1.1990213
1.1990344
1.1990508
1.1990665
1.1990863
1.1991048
1.1991265
1.1991407
1.1989658
1.198969
1.1989761
1.1989848
1.1989962
1.1990073
1.1990212
1.1990343
1.1990507
1.1990663
1.1990858
1.1991037
1.1991242
1.1991369
1.1989658
1.198969
1.1989761
1.1989848
1.1989962
1.1990073
1.1990212
1.1990342
1.1990506
1.199066
1.1990853
1.1991027
1.1991216
1.199133
1.1989658
1.198969
1.1989761
1.1989848
1.1989962
1.1990073
1.1990212
1.1990342
1.1990505
1.1990657
1.1990847
1.1991015
1.199119
1.1991291
1.1989658
1.198969
1.1989761
1.1989848
1.1989962
1.1990073
1.1990211
1.1990341
1.1990503
1.1990654
1.199084
1.1991002
1.1991162
1.1991251
1.1989658
1.198969
1.1989761
1.1989848
1.1989962
1.1990073
1.1990211
1.199034
1.1990501
1.1990652
1.199083
1.1990988
1.1991133
1.1991212
1.1989658
1.198969
1.1989761
1.1989849
1.1989962
1.1990073
1.199021
1.199034
1.1990498
1.1990649
1.1990818
1.1990972
1.1991103
1.1991173
1.1989658
1.198969
1.198976
1.1989851
1.198996
1.1990075
1.1990207
1.1990342
1.1990493
1.1990647
1.1990807
1.1990955
1.1991072
1.1991133
1.1989658
1.198969
1.1989759
1.1989853
1.1989956
1.1990078
1.1990202
1.1990345
1.1990487
1.1990644
1.1990795
1.1990937
1.1991041
1.1991094
1.1989658
1.198969
1.1989758
1.1989854
1.1989954
1.199008
1.1990199
1.1990346
1.1990481
1.199064
1.1990782
1.1990918
1.199101
1.1991056
1.1989658
1.198969
1.1989758
1.1989854
1.1989954
1.199008
1.1990198
1.1990344
1.1990476
1.1990636
1.1990769
1.1990898
1.1990978
1.1991017
1.1989658
1.198969
1.1989757
1.1989854
1.1989953
1.1990079
1.1990196
1.1990342
1.1990472
1.1990629
1.1990755
1.1990877
1.1990946
1.1990979
1.1989658
1.198969
1.1989757
1.1989853
1.1989953
1.1990079
1.1990195
1.199034
1.1990467
1.1990621
1.199074
1.1990854
1.1990914
1.1990941
1.1989658
1.198969
1.1989757
1.1989853
1.1989952
1.1990078
1.1990194
1.1990338
1.1990462
1.1990613
1.1990724
1.1990831
1.1990881
1.1990904
1.1989658
1.198969
1.1989757
1.1989853
1.1989952
1.1990077
1.1990192
1.1990335
1.1990457
1.1990603
1.1990708
1.1990806
1.1990849
1.1990867
1.1989658
1.198969
1.1989757
1.1989853
1.1989951
1.1990076
1.1990191
1.1990332
1.1990452
1.1990593
1.1990691
1.1990782
1.1990816
1.1990831
1.1989658
1.1989689
1.1989757
1.1989853
1.1989951
1.1990076
1.1990189
1.1990329
1.1990448
1.199058
1.1990676
1.1990753
1.1990786
1.1990795
1.1989657
1.1989689
1.1989756
1.1989852
1.1989951
1.1990075
1.1990188
1.1990325
1.1990444
1.1990567
1.1990659
1.1990726
1.1990754
1.199076
1.1989657
1.1989689
1.1989757
1.1989852
1.198995
1.1990074
1.1990188
1.1990319
1.1990438
1.1990553
1.199064
1.1990699
1.1990723
1.1990725
1.1989657
1.1989689
1.1989758
1.198985
1.1989953
1.1990069
1.1990189
1.1990312
1.1990431
1.1990538
1.199062
1.1990671
1.1990691
1.1990691
1.1989657
1.1989689
1.1989759
1.1989846
1.1989956
1.1990065
1.1990188
1.1990306
1.1990424
1.1990523
1.19906
1.1990644
1.199066
1.1990658
1.1989657
1.1989689
1.1989759
1.1989844
1.1989956
1.1990061
1.1990187
1.19903
1.1990416
1.1990508
1.1990579
1.1990616
1.199063
1.1990626
1.1989657
1.1989689
1.1989759
1.1989844
1.1989955
1.1990058
1.1990185
1.1990293
1.1990406
1.1990491
1.1990558
1.1990588
1.19906
1.1990594
1.1989657
1.1989689
1.1989758
1.1989843
1.1989953
1.1990056
1.1990181
1.1990286
1.1990396
1.1990474
1.1990535
1.1990561
1.199057
1.1990563
1.1989657
1.1989688
1.1989758
1.1989842
1.1989952
1.1990054
1.1990177
1.1990279
1.1990384
1.1990457
1.1990512
1.1990533
1.199054
1.1990533
1.1989656
1.1989688
1.1989757
1.1989841
1.1989951
1.1990053
1.1990172
1.1990273
1.1990371
1.199044
1.1990488
1.1990506
1.1990511
1.1990504
1.1989656
1.1989688
1.1989757
1.1989841
1.198995
1.1990052
1.1990166
1.1990266
1.1990357
1.1990422
1.1990464
1.1990479
1.1990482
1.1990474
1.1989656
1.1989688
1.1989756
1.1989842
1.1989946
1.199005
1.1990159
1.1990258
1.1990343
1.1990403
1.1990439
1.1990453
1.1990454
1.1990446
1.1989656
1.1989687
1.1989755
1.1989843
1.1989942
1.1990048
1.1990152
1.1990249
1.1990328
1.1990384
1.1990415
1.1990426
1.1990426
1.1990418
1.1989655
1.1989687
1.1989752
1.1989844
1.1989939
1.1990046
1.1990146
1.1990239
1.1990313
1.1990364
1.199039
1.19904
1.1990398
1.1990391
1.1989655
1.1989686
1.1989751
1.1989843
1.1989936
1.1990042
1.1990138
1.1990229
1.1990297
1.1990344
1.1990366
1.1990373
1.1990371
1.1990364
1.1989655
1.1989686
1.198975
1.1989841
1.1989932
1.1990039
1.199013
1.1990218
1.199028
1.1990323
1.1990341
1.1990347
1.1990344
1.1990338
1.1989654
1.1989685
1.1989749
1.198984
1.1989929
1.1990034
1.1990122
1.1990206
1.1990263
1.1990302
1.1990317
1.1990321
1.1990318
1.1990312
1.1989654
1.1989685
1.1989747
1.1989838
1.1989926
1.1990029
1.1990114
1.1990193
1.1990245
1.199028
1.1990292
1.1990296
1.1990292
1.1990286
1.1989653
1.1989684
1.1989746
1.1989836
1.1989923
1.1990023
1.1990105
1.1990179
1.1990227
1.1990258
1.1990268
1.199027
1.1990266
1.1990261
1.1989652
1.1989683
1.1989745
1.1989833
1.1989921
1.1990016
1.1990096
1.1990165
1.1990209
1.1990235
1.1990244
1.1990245
1.1990241
1.1990236
1.1989652
1.1989683
1.1989745
1.198983
1.1989917
1.1990008
1.1990086
1.1990149
1.199019
1.1990212
1.199022
1.199022
1.1990216
1.1990212
1.1989651
1.1989682
1.1989744
1.1989826
1.1989914
1.199
1.1990075
1.1990133
1.1990171
1.199019
1.1990196
1.1990195
1.1990192
1.1990188
1.198965
1.1989681
1.1989744
1.1989822
1.1989909
1.1989992
1.1990064
1.1990117
1.1990151
1.1990167
1.1990172
1.1990171
1.1990167
1.1990163
1.1989649
1.1989679
1.1989742
1.1989818
1.1989904
1.1989983
1.1990051
1.19901
1.199013
1.1990144
1.1990148
1.1990147
1.1990143
1.199014
1.1989648
1.1989678
1.198974
1.1989814
1.1989899
1.1989973
1.1990038
1.1990082
1.199011
1.1990121
1.1990124
1.1990123
1.1990119
1.1990116
1.1989647
1.1989676
1.1989737
1.1989809
1.1989892
1.1989963
1.1990025
1.1990064
1.1990089
1.1990098
1.19901
1.1990099
1.1990095
1.1990092
1.1989646
1.1989675
1.1989735
1.1989805
1.1989885
1.1989952
1.199001
1.1990046
1.1990068
1.1990075
1.1990077
1.1990075
1.1990072
1.1990069
1.1989645
1.1989673
1.1989732
1.19898
1.1989877
1.1989941
1.1989995
1.1990027
1.1990046
1.1990052
1.1990053
1.1990051
1.1990048
1.1990046
1.1989643
1.1989671
1.1989728
1.1989795
1.1989869
1.198993
1.1989979
1.1990008
1.1990024
1.1990029
1.199003
1.1990028
1.1990025
1.1990023
1.1989641
1.1989669
1.1989724
1.198979
1.1989859
1.1989917
1.1989962
1.1989988
1.1990002
1.1990006
1.1990006
1.1990004
1.1990002
1.1989999
1.1989639
1.1989666
1.1989719
1.1989784
1.1989849
1.1989904
1.1989944
1.1989968
1.198998
1.1989983
1.1989983
1.1989981
1.1989979
1.1989976
1.1989637
1.1989663
1.1989714
1.1989777
1.1989839
1.198989
1.1989927
1.1989948
1.1989957
1.198996
1.198996
1.1989957
1.1989955
1.1989953
1.1989635
1.198966
1.1989709
1.198977
1.1989827
1.1989876
1.1989908
1.1989927
1.1989935
1.1989937
1.1989936
1.1989934
1.1989932
1.198993
1.1989633
1.1989657
1.1989703
1.1989761
1.1989815
1.198986
1.1989889
1.1989905
1.1989912
1.1989914
1.1989913
1.1989911
1.1989909
1.1989907
1.198963
1.1989653
1.1989697
1.1989752
1.1989802
1.1989844
1.1989869
1.1989884
1.1989889
1.198989
1.1989889
1.1989887
1.1989886
1.1989884
1.1989627
1.1989649
1.198969
1.1989743
1.1989788
1.1989826
1.1989849
1.1989862
1.1989866
1.1989867
1.1989865
1.1989864
1.1989862
1.1989861
1.1989623
1.1989644
1.1989683
1.1989732
1.1989774
1.1989808
1.1989828
1.1989839
1.1989842
1.1989843
1.1989842
1.198984
1.1989839
1.1989838
1.1989619
1.1989639
1.1989676
1.198972
1.1989759
1.1989789
1.1989807
1.1989816
1.1989818
1.1989819
1.1989818
1.1989816
1.1989815
1.1989814
1.1989615
1.1989634
1.1989667
1.1989708
1.1989743
1.1989769
1.1989785
1.1989792
1.1989794
1.1989794
1.1989793
1.1989792
1.1989791
1.198979
1.1989611
1.1989628
1.1989658
1.1989694
1.1989726
1.1989749
1.1989762
1.1989768
1.198977
1.198977
1.1989769
1.1989768
1.1989767
1.1989766
1.1989606
1.1989621
1.1989648
1.198968
1.1989708
1.1989727
1.1989738
1.1989743
1.1989745
1.1989745
1.1989744
1.1989743
1.1989742
1.1989741
1.1989601
1.1989614
1.1989638
1.1989665
1.1989689
1.1989705
1.1989714
1.1989718
1.1989719
1.1989719
1.1989718
1.1989717
1.1989717
1.1989716
1.1989595
1.1989606
1.1989626
1.1989649
1.1989668
1.1989682
1.1989689
1.1989692
1.1989693
1.1989693
1.1989692
1.1989691
1.1989691
1.198969
1.1989589
1.1989598
1.1989614
1.1989632
1.1989647
1.1989657
1.1989663
1.1989665
1.1989666
1.1989666
1.1989665
1.1989665
1.1989664
1.1989664
1.1989582
1.1989588
1.19896
1.1989613
1.1989625
1.1989632
1.1989636
1.1989638
1.1989638
1.1989638
1.1989637
1.1989637
1.1989637
1.1989636
1.1989575
1.1989579
1.1989586
1.1989594
1.1989601
1.1989605
1.1989608
1.1989609
1.1989609
1.1989609
1.1989609
1.1989608
1.1989608
1.1989608
1.1989567
1.1989568
1.1989571
1.1989574
1.1989576
1.1989577
1.1989578
1.1989578
1.1989578
1.1989578
1.1989578
1.1989578
1.1989578
1.1989578
1.1985492
1.1970569
1.1959057
1.1953845
1.1953771
1.1955323
1.1957956
1.1959656
1.1960443
1.1960316
1.1960048
1.1959653
1.1959348
1.1959037
1.1958774
1.1958531
1.1958346
1.1958195
1.1958074
1.1957964
1.1957888
1.1957819
1.1957787
1.1957764
1.1957751
1.1957749
1.1957754
1.195777
1.1957797
1.1957828
1.1957867
1.1957905
1.1957955
1.1958005
1.1958064
1.1958119
1.1958183
1.1958246
1.1958316
1.1958383
1.1958456
1.1958529
1.1958605
1.1958679
1.1958757
1.1958835
1.1958914
1.1958994
1.1959075
1.1959156
1.1959237
1.1959319
1.19594
1.1959482
1.1959562
1.1959644
1.1959724
1.1959805
1.1959884
1.1959964
1.1960042
1.1960121
1.1960198
1.1960275
1.1960352
1.1960427
1.1960503
1.1960577
1.1960652
1.1960726
1.1960798
1.1960872
1.1960943
1.1961014
1.1961086
1.1961156
1.1961226
1.1961296
1.1961364
1.1961433
1.1961501
1.1961568
1.1961636
1.1961703
1.1961767
1.1961835
1.1961903
1.1961965
1.1962027
1.1962093
1.1962159
1.1962233
1.196229
1.196232
1.1962387
1.1962033
1.1996436
1.199554
1.1991339
1.1983349
1.1974686
1.1967505
1.1963514
1.1961708
1.196103
1.1960488
1.1960289
1.1960026
1.1959802
1.1959515
1.1959277
1.1959046
1.1958861
1.1958692
1.1958542
1.1958407
1.1958306
1.1958213
1.1958157
1.1958108
1.1958072
1.1958049
1.1958033
1.1958031
1.1958041
1.1958057
1.195808
1.1958105
1.1958143
1.1958181
1.1958229
1.1958274
1.1958329
1.1958384
1.1958445
1.1958504
1.1958571
1.1958637
1.1958706
1.1958775
1.1958848
1.195892
1.1958995
1.195907
1.1959147
1.1959223
1.1959301
1.1959379
1.1959457
1.1959536
1.1959614
1.1959692
1.195977
1.1959848
1.1959926
1.1960003
1.1960079
1.1960156
1.1960231
1.1960306
1.1960381
1.1960455
1.196053
1.1960603
1.1960676
1.1960749
1.196082
1.1960892
1.1960963
1.1961033
1.1961104
1.1961172
1.1961242
1.1961311
1.1961378
1.1961447
1.1961514
1.196158
1.1961648
1.1961714
1.1961778
1.1961845
1.1961912
1.1961974
1.1962035
1.1962102
1.1962167
1.196224
1.1962297
1.196233
1.1962396
1.1962049
1.1992861
1.1993324
1.1994006
1.1992767
1.1990856
1.1987704
1.1981798
1.1975004
1.1969239
1.1965554
1.1963676
1.1962453
1.1961727
1.1961115
1.1960672
1.1960273
1.1959958
1.1959673
1.195942
1.1959206
1.195903
1.1958872
1.1958761
1.1958656
1.1958573
1.1958507
1.1958455
1.1958422
1.1958401
1.1958388
1.1958386
1.1958389
1.1958407
1.1958427
1.1958457
1.1958486
1.1958528
1.1958569
1.1958619
1.1958667
1.1958723
1.1958779
1.195884
1.1958901
1.1958966
1.1959032
1.1959099
1.1959169
1.195924
1.1959311
1.1959384
1.1959457
1.1959531
1.1959605
1.1959679
1.1959754
1.1959829
1.1959904
1.1959978
1.1960052
1.1960126
1.19602
1.1960273
1.1960346
1.1960419
1.1960491
1.1960564
1.1960635
1.1960706
1.1960778
1.1960847
1.1960918
1.1960987
1.1961056
1.1961126
1.1961194
1.1961262
1.196133
1.1961396
1.1961464
1.1961531
1.1961595
1.1961663
1.1961728
1.1961791
1.1961857
1.1961924
1.1961986
1.1962046
1.1962112
1.1962177
1.196225
1.1962306
1.1962341
1.1962408
1.1962064
1.1992453
1.199222
1.1991628
1.1991247
1.1991148
1.1991046
1.1990539
1.1989244
1.1985717
1.198034
1.1974385
1.1969481
1.1966671
1.1964838
1.1963624
1.1962657
1.1961959
1.1961384
1.1960904
1.1960515
1.1960185
1.1959902
1.1959684
1.195948
1.1959319
1.1959182
1.1959068
1.1958982
1.195891
1.1958856
1.1958815
1.1958784
1.1958772
1.1958763
1.1958767
1.1958774
1.1958796
1.1958818
1.195885
1.1958882
1.1958925
1.1958967
1.1959016
1.1959065
1.195912
1.1959176
1.1959235
1.1959296
1.195936
1.1959424
1.195949
1.1959557
1.1959625
1.1959694
1.1959763
1.1959833
1.1959903
1.1959974
1.1960044
1.1960115
1.1960185
1.1960256
1.1960326
1.1960396
1.1960466
1.1960536
1.1960606
1.1960675
1.1960744
1.1960814
1.1960882
1.1960951
1.1961018
1.1961086
1.1961154
1.196122
1.1961287
1.1961354
1.1961419
1.1961485
1.1961551
1.1961615
1.1961681
1.1961746
1.1961808
1.1961873
1.1961939
1.1962
1.196206
1.1962125
1.1962189
1.1962261
1.1962317
1.1962353
1.1962421
1.1962082
1.1992357
1.1992019
1.1991223
1.1990551
1.1990291
1.199043
1.199065
1.1990816
1.1990425
1.1989677
1.1987554
1.1983763
1.1978461
1.197339
1.1969821
1.1967359
1.1965679
1.1964382
1.1963385
1.1962618
1.1961976
1.1961456
1.1961044
1.1960676
1.1960386
1.1960132
1.1959922
1.1959754
1.1959606
1.1959487
1.1959389
1.1959309
1.1959253
1.1959203
1.1959173
1.1959147
1.1959141
1.1959138
1.1959146
1.1959156
1.195918
1.1959204
1.1959237
1.1959271
1.1959313
1.1959356
1.1959404
1.1959454
1.1959508
1.1959563
1.195962
1.195968
1.195974
1.1959802
1.1959865
1.195993
1.1959994
1.1960059
1.1960125
1.1960191
1.1960257
1.1960324
1.196039
1.1960457
1.1960524
1.196059
1.1960657
1.1960724
1.196079
1.1960857
1.1960923
1.196099
1.1961055
1.1961121
1.1961187
1.1961251
1.1961317
1.1961382
1.1961446
1.1961511
1.1961575
1.1961638
1.1961703
1.1961767
1.1961828
1.1961891
1.1961957
1.1962017
1.1962076
1.196214
1.1962203
1.1962275
1.196233
1.1962368
1.1962435
1.19621
1.1992294
1.1991949
1.199114
1.199042
1.1990067
1.1990113
1.1990342
1.1990546
1.1990568
1.1990486
1.1990167
1.1989703
1.1988285
1.1985711
1.1981426
1.1976707
1.1972745
1.1969858
1.1967739
1.1966145
1.1964857
1.1963879
1.1963093
1.196243
1.1961916
1.1961467
1.1961101
1.19608
1.1960538
1.1960326
1.1960145
1.1959994
1.1959875
1.1959768
1.1959691
1.1959621
1.1959577
1.1959536
1.1959515
1.1959497
1.1959495
1.1959496
1.1959508
1.1959523
1.1959548
1.1959574
1.1959608
1.1959645
1.1959686
1.1959729
1.1959776
1.1959826
1.1959877
1.1959931
1.1959986
1.1960043
1.1960101
1.196016
1.196022
1.196028
1.1960341
1.1960403
1.1960465
1.1960528
1.1960591
1.1960653
1.1960717
1.196078
1.1960844
1.1960908
1.1960971
1.1961035
1.1961098
1.1961161
1.1961226
1.1961288
1.1961352
1.1961415
1.1961477
1.196154
1.1961603
1.1961664
1.1961728
1.1961791
1.1961851
1.1961913
1.1961978
1.1962037
1.1962094
1.1962158
1.196222
1.1962291
1.1962345
1.1962384
1.1962452
1.1962121
1.1992233
1.1991904
1.1991116
1.1990391
1.1990025
1.1990019
1.1990218
1.1990397
1.199044
1.1990409
1.1990312
1.199021
1.1989988
1.1989642
1.1988673
1.1986872
1.198347
1.1979303
1.19753
1.1972155
1.1969699
1.1967867
1.1966354
1.1965136
1.1964207
1.1963409
1.1962779
1.1962258
1.1961813
1.1961455
1.1961146
1.1960889
1.1960678
1.1960492
1.1960349
1.1960218
1.1960123
1.1960034
1.1959972
1.1959916
1.1959882
1.1959851
1.1959837
1.1959827
1.195983
1.1959836
1.1959852
1.1959872
1.1959897
1.1959927
1.1959961
1.1959999
1.1960039
1.1960083
1.1960128
1.1960177
1.1960226
1.1960278
1.196033
1.1960384
1.1960439
1.1960495
1.1960552
1.196061
1.1960668
1.1960726
1.1960786
1.1960845
1.1960905
1.1960966
1.1961026
1.1961087
1.1961147
1.1961208
1.196127
1.196133
1.1961391
1.1961453
1.1961513
1.1961574
1.1961636
1.1961695
1.1961757
1.1961818
1.1961877
1.1961937
1.1962001
1.1962059
1.1962115
1.1962177
1.1962239
1.1962309
1.1962363
1.1962402
1.196247
1.1962143
1.1992169
1.1991864
1.1991109
1.1990392
1.1990029
1.1989992
1.1990172
1.1990328
1.1990369
1.1990329
1.1990264
1.1990208
1.1990127
1.1990041
1.198986
1.1989584
1.1988884
1.1987552
1.1984964
1.1981332
1.1977477
1.1974199
1.197155
1.1969435
1.1967775
1.1966363
1.1965283
1.196438
1.1963628
1.1963027
1.1962512
1.1962091
1.1961738
1.1961436
1.1961195
1.1960977
1.1960809
1.1960655
1.1960539
1.1960432
1.1960355
1.1960285
1.1960237
1.1960195
1.196017
1.196015
1.1960143
1.1960142
1.1960148
1.196016
1.1960179
1.1960201
1.1960228
1.1960259
1.1960294
1.1960331
1.1960371
1.1960414
1.1960458
1.1960504
1.1960552
1.1960601
1.1960652
1.1960703
1.1960756
1.196081
1.1960865
1.196092
1.1960975
1.1961032
1.1961088
1.1961146
1.1961203
1.1961261
1.196132
1.1961377
1.1961436
1.1961495
1.1961553
1.1961612
1.1961672
1.1961729
1.1961789
1.1961849
1.1961906
1.1961965
1.1962027
1.1962084
1.1962139
1.19622
1.1962261
1.196233
1.1962382
1.1962423
1.1962491
1.1962167
1.1992104
1.1991823
1.1991104
1.1990404
1.1990049
1.1989991
1.1990156
1.1990293
1.199033
1.1990285
1.1990223
1.1990172
1.1990118
1.1990066
1.1989992
1.1989911
1.1989761
1.1989535
1.1989009
1.1987983
1.1986052
1.1982857
1.1979271
1.1975924
1.1973182
1.1970874
1.1969096
1.1967552
1.1966301
1.1965299
1.1964446
1.1963764
1.1963186
1.1962703
1.1962311
1.1961965
1.196169
1.1961442
1.196125
1.1961073
1.1960938
1.1960815
1.1960723
1.1960639
1.1960579
1.1960526
1.196049
1.1960462
1.1960445
1.1960435
1.1960434
1.1960439
1.1960449
1.1960466
1.1960486
1.1960511
1.1960539
1.1960571
1.1960605
1.1960642
1.1960682
1.1960723
1.1960766
1.1960811
1.1960857
1.1960905
1.1960954
1.1961004
1.1961055
1.1961108
1.1961159
1.1961213
1.1961267
1.1961321
1.1961376
1.1961431
1.1961487
1.1961543
1.1961598
1.1961655
1.1961712
1.1961768
1.1961825
1.1961884
1.1961939
1.1961996
1.1962057
1.1962113
1.1962166
1.1962225
1.1962285
1.1962352
1.1962403
1.1962445
1.1962513
1.1962193
1.199204
1.1991777
1.1991097
1.199042
1.1990073
1.1990003
1.1990153
1.1990275
1.1990308
1.1990259
1.1990197
1.1990143
1.1990096
1.1990051
1.1990001
1.1989948
1.1989884
1.1989812
1.1989687
1.1989494
1.1989089
1.1988292
1.1986746
1.1984091
1.1980733
1.1977388
1.1974592
1.1972194
1.1970253
1.1968631
1.1967252
1.1966158
1.1965224
1.1964458
1.1963831
1.1963288
1.1962853
1.1962466
1.1962162
1.1961885
1.1961668
1.1961472
1.1961319
1.196118
1.1961074
1.1960978
1.1960906
1.1960844
1.1960798
1.196076
1.1960735
1.1960717
1.1960708
1.1960706
1.1960709
1.1960719
1.1960733
1.1960752
1.1960774
1.19608
1.196083
1.1960862
1.1960896
1.1960933
1.1960972
1.1961013
1.1961056
1.19611
1.1961145
1.1961193
1.1961239
1.1961289
1.1961338
1.1961388
1.196144
1.1961491
1.1961543
1.1961597
1.1961649
1.1961703
1.1961758
1.1961811
1.1961866
1.1961922
1.1961975
1.1962031
1.196209
1.1962144
1.1962195
1.1962253
1.1962311
1.1962378
1.1962427
1.1962469
1.1962538
1.1962221
1.1991979
1.199172
1.1991091
1.1990439
1.1990098
1.1990021
1.1990155
1.1990267
1.1990297
1.1990245
1.1990183
1.1990125
1.1990079
1.1990033
1.1989991
1.1989947
1.1989904
1.1989856
1.1989801
1.1989734
1.1989629
1.1989461
1.198914
1.1988513
1.1987229
1.1985044
1.1981872
1.1978616
1.1975768
1.1973332
1.1971276
1.1969602
1.1968131
1.1966945
1.1965951
1.1965109
1.1964429
1.1963834
1.1963362
1.196294
1.1962604
1.1962303
1.1962065
1.196185
1.196168
1.1961528
1.1961408
1.1961301
1.1961218
1.1961146
1.196109
1.1961045
1.1961011
1.1960986
1.1960969
1.1960961
1.1960957
1.1960961
1.1960969
1.1960982
1.1961
1.1961021
1.1961045
1.1961073
1.1961103
1.1961136
1.1961171
1.1961208
1.1961247
1.1961288
1.196133
1.1961374
1.1961418
1.1961464
1.1961511
1.1961558
1.1961607
1.1961657
1.1961706
1.1961757
1.1961809
1.1961859
1.1961912
1.1961966
1.1962016
1.1962069
1.1962127
1.1962179
1.1962228
1.1962284
1.1962341
1.1962406
1.1962454
1.1962496
1.1962565
1.1962252
1.1991919
1.199166
1.1991083
1.1990458
1.1990123
1.1990041
1.199016
1.1990263
1.199029
1.1990237
1.1990176
1.1990115
1.1990068
1.1990021
1.198998
1.1989938
1.1989901
1.1989863
1.1989825
1.1989782
1.1989733
1.1989672
1.198958
1.1989437
1.1989165
1.1988654
1.1987592
1.1985703
1.1982823
1.1979633
1.1976749
1.1974299
1.1972175
1.1970447
1.1968926
1.1967652
1.1966607
1.1965702
1.1964979
1.1964341
1.1963832
1.196338
1.196302
1.1962697
1.1962438
1.1962207
1.1962021
1.1961855
1.1961723
1.1961606
1.1961512
1.1961432
1.1961367
1.1961315
1.1961273
1.1961242
1.1961217
1.1961203
1.1961194
1.1961191
1.1961195
1.1961202
1.1961215
1.1961231
1.1961252
1.1961275
1.1961302
1.1961331
1.1961362
1.1961397
1.1961431
1.1961469
1.1961508
1.1961548
1.1961591
1.1961634
1.1961678
1.1961724
1.1961769
1.1961817
1.1961866
1.1961913
1.1961962
1.1962014
1.1962062
1.1962112
1.1962167
1.1962218
1.1962265
1.1962319
1.1962374
1.1962437
1.1962483
1.1962526
1.1962595
1.1962285
1.1991857
1.1991612
1.199107
1.1990475
1.1990146
1.199006
1.1990165
1.1990261
1.1990286
1.1990234
1.1990172
1.1990111
1.1990062
1.1990014
1.1989972
1.198993
1.1989894
1.198986
1.1989827
1.1989794
1.1989759
1.1989721
1.1989679
1.1989624
1.198954
1.1989415
1.1989181
1.1988745
1.1987856
1.1986183
1.1983569
1.1980435
1.1977552
1.1975093
1.1972952
1.1971157
1.1969614
1.1968277
1.1967192
1.1966239
1.1965477
1.1964804
1.1964267
1.1963789
1.1963405
1.1963063
1.1962786
1.196254
1.196234
1.1962163
1.1962018
1.1961893
1.1961789
1.1961702
1.1961628
1.196157
1.196152
1.1961483
1.1961453
1.1961432
1.1961418
1.1961411
1.1961409
1.1961412
1.1961421
1.1961433
1.196145
1.1961469
1.1961492
1.1961518
1.1961546
1.1961577
1.196161
1.1961644
1.1961681
1.1961718
1.1961757
1.1961799
1.196184
1.1961883
1.1961929
1.1961972
1.1962018
1.1962067
1.1962112
1.1962159
1.1962212
1.1962261
1.1962305
1.1962357
1.196241
1.1962472
1.1962516
1.1962558
1.1962627
1.196232
1.1991793
1.1991568
1.1991057
1.1990491
1.1990168
1.1990079
1.199017
1.1990259
1.1990282
1.1990231
1.1990171
1.1990109
1.199006
1.1990011
1.1989968
1.1989925
1.1989889
1.1989855
1.1989824
1.1989795
1.1989766
1.1989737
1.1989706
1.1989673
1.1989635
1.1989583
1.1989509
1.1989392
1.1989194
1.1988797
1.1988049
1.1986528
1.1984123
1.1981055
1.1978199
1.1975728
1.1973591
1.1971754
1.1970203
1.1968822
1.1967709
1.1966718
1.1965926
1.1965225
1.1964661
1.1964163
1.1963759
1.19634
1.1963108
1.196285
1.1962636
1.1962451
1.1962294
1.1962162
1.1962049
1.1961955
1.1961874
1.1961809
1.1961754
1.1961711
1.1961676
1.196165
1.1961631
1.1961619
1.1961614
1.1961613
1.1961618
1.1961626
1.1961639
1.1961656
1.1961674
1.1961698
1.1961723
1.196175
1.1961781
1.1961813
1.1961846
1.1961883
1.1961919
1.1961958
1.1961999
1.1962038
1.1962081
1.1962126
1.1962168
1.1962212
1.1962262
1.1962308
1.196235
1.1962399
1.1962451
1.196251
1.1962552
1.1962594
1.1962663
1.1962359
1.199173
1.1991523
1.1991044
1.1990507
1.199019
1.1990098
1.1990175
1.1990257
1.1990278
1.1990228
1.1990169
1.1990109
1.1990059
1.199001
1.1989966
1.1989923
1.1989886
1.1989851
1.1989821
1.1989792
1.1989765
1.198974
1.1989715
1.198969
1.1989663
1.1989634
1.1989598
1.1989549
1.1989485
1.1989373
1.1989197
1.1988839
1.1988168
1.1986777
1.1984506
1.198154
1.1978703
1.1976227
1.1974108
1.1972247
1.1970701
1.1969292
1.1968157
1.1967141
1.1966323
1.1965602
1.1965017
1.1964501
1.196408
1.1963709
1.1963402
1.1963135
1.196291
1.1962717
1.1962551
1.1962412
1.1962291
1.1962192
1.1962105
1.1962034
1.1961974
1.1961926
1.1961887
1.1961856
1.1961834
1.1961818
1.1961808
1.1961804
1.1961805
1.1961811
1.196182
1.1961834
1.1961851
1.196187
1.1961894
1.1961918
1.1961945
1.1961976
1.1962007
1.196204
1.1962077
1.1962112
1.196215
1.1962192
1.196223
1.196227
1.1962317
1.196236
1.1962399
1.1962446
1.1962495
1.1962552
1.1962591
1.1962633
1.1962701
1.19624
1.1991667
1.1991479
1.199103
1.1990523
1.1990212
1.1990118
1.1990181
1.1990256
1.1990274
1.1990226
1.1990168
1.1990109
1.1990059
1.199001
1.1989966
1.1989922
1.1989885
1.198985
1.1989819
1.198979
1.1989764
1.1989739
1.1989717
1.1989695
1.1989674
1.1989651
1.1989627
1.19896
1.1989568
1.1989522
1.1989463
1.1989359
1.1989197
1.1988867
1.1988242
1.1986945
1.198477
1.1981884
1.1979071
1.1976604
1.1974513
1.1972646
1.197111
1.1969687
1.1968538
1.1967507
1.196667
1.1965933
1.1965331
1.1964804
1.1964369
1.196399
1.1963671
1.1963397
1.1963162
1.1962963
1.1962789
1.1962644
1.1962517
1.1962412
1.1962321
1.1962245
1.1962182
1.1962129
1.1962087
1.1962052
1.1962026
1.1962007
1.1961993
1.1961987
1.1961984
1.1961987
1.1961994
1.1962004
1.1962019
1.1962036
1.1962056
1.196208
1.1962105
1.1962132
1.1962164
1.1962194
1.1962227
1.1962264
1.1962299
1.1962335
1.1962378
1.1962418
1.1962454
1.1962497
1.1962544
1.1962598
1.1962635
1.1962675
1.1962744
1.1962445
1.1991606
1.1991433
1.1991015
1.1990538
1.1990234
1.1990137
1.1990187
1.1990255
1.199027
1.1990224
1.1990167
1.1990109
1.1990059
1.199001
1.1989966
1.1989923
1.1989885
1.198985
1.1989819
1.1989789
1.1989762
1.1989738
1.1989716
1.1989696
1.1989677
1.1989658
1.1989639
1.1989619
1.1989598
1.1989573
1.1989544
1.19895
1.1989446
1.1989347
1.1989194
1.1988883
1.1988286
1.198705
1.1984927
1.19821
1.1979314
1.1976871
1.1974815
1.1972959
1.1971434
1.1970012
1.1968854
1.1967815
1.1966966
1.1966221
1.1965607
1.1965074
1.1964627
1.1964243
1.1963915
1.1963635
1.1963393
1.1963189
1.1963009
1.1962859
1.1962728
1.1962618
1.1962524
1.1962443
1.1962377
1.196232
1.1962275
1.1962238
1.1962208
1.1962187
1.196217
1.196216
1.1962156
1.1962155
1.1962161
1.1962169
1.196218
1.1962197
1.1962214
1.1962235
1.196226
1.1962285
1.1962312
1.1962345
1.1962375
1.1962406
1.1962446
1.1962482
1.1962514
1.1962554
1.1962597
1.1962649
1.1962683
1.1962722
1.196279
1.1962494
1.1991546
1.1991388
1.1990999
1.1990551
1.1990255
1.1990156
1.1990194
1.1990254
1.1990267
1.1990222
1.1990166
1.1990109
1.199006
1.1990011
1.1989967
1.1989923
1.1989886
1.198985
1.1989819
1.1989789
1.1989762
1.1989737
1.1989716
1.1989695
1.1989677
1.1989659
1.1989643
1.1989626
1.198961
1.1989593
1.1989574
1.1989551
1.1989525
1.1989483
1.1989432
1.1989338
1.198919
1.1988892
1.1988302
1.1987099
1.1984986
1.1982198
1.1979446
1.1977043
1.1975023
1.1973192
1.1971679
1.1970267
1.1969108
1.196807
1.1967215
1.1966468
1.1965846
1.196531
1.1964856
1.1964469
1.1964134
1.1963851
1.1963604
1.1963395
1.1963213
1.1963058
1.1962925
1.196281
1.1962714
1.196263
1.1962561
1.1962502
1.1962452
1.1962414
1.196238
1.1962356
1.1962339
1.1962326
1.196232
1.1962318
1.1962319
1.1962327
1.1962337
1.1962349
1.1962368
1.1962386
1.1962407
1.1962434
1.1962459
1.1962485
1.196252
1.1962553
1.1962581
1.1962617
1.1962657
1.1962705
1.1962735
1.1962773
1.1962841
1.1962547
1.1991487
1.1991342
1.1990982
1.1990564
1.1990275
1.1990175
1.19902
1.1990253
1.1990263
1.199022
1.1990165
1.1990109
1.199006
1.1990012
1.1989968
1.1989924
1.1989887
1.1989851
1.198982
1.1989789
1.1989763
1.1989738
1.1989716
1.1989695
1.1989677
1.1989659
1.1989643
1.1989628
1.1989614
1.1989601
1.1989586
1.1989571
1.1989555
1.1989534
1.198951
1.1989471
1.198942
1.1989332
1.1989182
1.1988892
1.1988295
1.1987092
1.1984957
1.1982192
1.1979484
1.197713
1.197515
1.197335
1.1971855
1.1970461
1.1969307
1.1968277
1.196742
1.1966677
1.196605
1.1965516
1.1965056
1.1964669
1.1964331
1.1964046
1.1963796
1.1963584
1.1963401
1.1963242
1.1963108
1.196299
1.1962891
1.1962806
1.1962733
1.1962673
1.1962621
1.1962579
1.1962546
1.1962518
1.1962499
1.1962485
1.1962476
1.1962473
1.1962473
1.1962477
1.1962488
1.1962498
1.1962512
1.1962533
1.1962552
1.1962573
1.1962603
1.1962631
1.1962654
1.1962686
1.1962722
1.1962767
1.1962793
1.1962829
1.1962896
1.1962604
1.199143
1.1991297
1.1990964
1.1990575
1.1990294
1.1990194
1.1990207
1.1990253
1.199026
1.1990218
1.1990164
1.1990109
1.199006
1.1990012
1.1989968
1.1989925
1.1989887
1.1989852
1.1989821
1.198979
1.1989763
1.1989738
1.1989716
1.1989696
1.1989677
1.198966
1.1989643
1.1989629
1.1989616
1.1989603
1.1989591
1.1989579
1.1989567
1.1989554
1.198954
1.1989521
1.1989498
1.1989463
1.1989411
1.1989326
1.1989175
1.1988881
1.1988268
1.198703
1.1984847
1.1982094
1.1979443
1.1977142
1.1975205
1.1973443
1.1971971
1.1970601
1.1969455
1.196844
1.1967583
1.196685
1.1966222
1.1965692
1.1965232
1.1964845
1.1964508
1.1964221
1.1963973
1.1963757
1.1963574
1.1963413
1.1963277
1.1963159
1.1963056
1.1962971
1.1962895
1.1962833
1.1962781
1.1962737
1.1962702
1.1962674
1.1962651
1.1962637
1.1962626
1.196262
1.1962622
1.1962624
1.196263
1.1962644
1.1962656
1.196267
1.1962694
1.1962717
1.1962735
1.1962762
1.1962794
1.1962835
1.1962857
1.196289
1.1962957
1.1962666
1.1991374
1.1991251
1.1990945
1.1990584
1.1990314
1.1990211
1.1990215
1.1990253
1.1990256
1.1990216
1.1990163
1.1990109
1.199006
1.1990013
1.1989969
1.1989926
1.1989888
1.1989853
1.1989821
1.1989791
1.1989764
1.1989739
1.1989717
1.1989696
1.1989677
1.198966
1.1989644
1.1989629
1.1989616
1.1989604
1.1989593
1.1989582
1.1989572
1.1989562
1.1989552
1.1989541
1.1989529
1.1989512
1.1989489
1.1989456
1.1989406
1.198932
1.1989166
1.1988859
1.1988216
1.1986912
1.1984661
1.1981919
1.1979331
1.1977089
1.1975198
1.1973481
1.1972029
1.1970692
1.1969555
1.1968562
1.1967711
1.196699
1.1966366
1.1965842
1.1965386
1.1965
1.1964667
1.1964378
1.1964132
1.1963916
1.1963732
1.1963572
1.1963433
1.1963316
1.1963212
1.1963124
1.196305
1.1962985
1.1962933
1.1962888
1.196285
1.1962822
1.1962799
1.1962781
1.1962772
1.1962764
1.1962761
1.1962767
1.1962772
1.1962778
1.1962795
1.1962812
1.1962825
1.1962846
1.1962874
1.196291
1.1962928
1.1962958
1.1963023
1.1962733
1.199132
1.1991205
1.1990926
1.199059
1.1990333
1.1990227
1.1990223
1.1990253
1.1990253
1.1990214
1.1990162
1.1990108
1.199006
1.1990013
1.198997
1.1989927
1.1989889
1.1989854
1.1989822
1.1989793
1.1989765
1.198974
1.1989718
1.1989697
1.1989678
1.1989661
1.1989644
1.198963
1.1989616
1.1989604
1.1989593
1.1989583
1.1989574
1.1989565
1.1989557
1.1989549
1.1989541
1.1989532
1.1989521
1.1989505
1.1989484
1.1989452
1.1989402
1.1989313
1.1989154
1.1988827
1.1988137
1.1986739
1.1984402
1.1981675
1.1979153
1.1976981
1.1975134
1.197347
1.1972036
1.1970738
1.1969616
1.1968648
1.1967808
1.19671
1.1966487
1.1965968
1.1965521
1.1965136
1.1964808
1.1964521
1.1964276
1.1964063
1.1963877
1.1963719
1.1963579
1.1963461
1.1963359
1.1963269
1.1963195
1.196313
1.1963074
1.1963031
1.1962993
1.1962961
1.196294
1.1962921
1.1962907
1.1962904
1.19629
1.1962898
1.1962908
1.1962918
1.1962924
1.1962939
1.1962961
1.1962993
1.1963006
1.1963032
1.1963096
1.1962807
1.1991267
1.199116
1.1990907
1.1990595
1.1990351
1.1990242
1.199023
1.1990252
1.1990248
1.1990212
1.1990161
1.1990108
1.199006
1.1990014
1.198997
1.1989928
1.198989
1.1989855
1.1989824
1.1989794
1.1989766
1.1989741
1.1989719
1.1989698
1.1989679
1.1989661
1.1989645
1.198963
1.1989617
1.1989605
1.1989594
1.1989584
1.1989575
1.1989566
1.1989559
1.1989552
1.1989546
1.1989539
1.1989533
1.1989525
1.1989515
1.1989501
1.1989482
1.1989449
1.1989399
1.1989307
1.1989137
1.1988781
1.1988025
1.1986505
1.1984073
1.198137
1.1978926
1.1976826
1.1975021
1.1973416
1.1972003
1.1970747
1.1969644
1.1968701
1.1967879
1.1967184
1.1966585
1.1966073
1.1965636
1.1965256
1.1964932
1.196465
1.1964405
1.1964196
1.1964011
1.1963853
1.1963717
1.1963597
1.1963496
1.1963407
1.196333
1.1963268
1.1963212
1.1963165
1.196313
1.1963098
1.1963072
1.1963057
1.1963043
1.1963032
1.1963033
1.1963036
1.1963035
1.1963043
1.1963059
1.1963085
1.1963091
1.1963113
1.1963176
1.1962887
1.1991215
1.1991115
1.1990886
1.1990598
1.1990367
1.1990256
1.1990238
1.1990252
1.1990245
1.1990209
1.199016
1.1990108
1.199006
1.1990014
1.1989971
1.1989929
1.1989892
1.1989856
1.1989825
1.1989795
1.1989767
1.1989742
1.198972
1.1989699
1.198968
1.1989662
1.1989646
1.1989631
1.1989618
1.1989605
1.1989594
1.1989584
1.1989575
1.1989567
1.198956
1.1989553
1.1989548
1.1989542
1.1989537
1.1989532
1.1989527
1.198952
1.1989512
1.1989499
1.1989481
1.1989448
1.1989396
1.1989299
1.1989113
1.1988719
1.1987875
1.1986202
1.198368
1.1981018
1.1978652
1.1976636
1.1974871
1.1973327
1.1971937
1.1970723
1.1969645
1.1968726
1.1967928
1.1967246
1.1966665
1.1966161
1.1965733
1.1965362
1.1965041
1.1964765
1.1964524
1.1964316
1.1964137
1.1963978
1.1963844
1.1963726
1.1963622
1.1963537
1.1963461
1.1963395
1.1963343
1.1963296
1.1963256
1.1963229
1.1963204
1.1963181
1.1963173
1.1963167
1.1963157
1.1963157
1.1963166
1.1963186
1.1963185
1.1963203
1.1963264
1.1962974
1.1991165
1.1991071
1.1990865
1.19906
1.1990383
1.199027
1.1990245
1.1990251
1.1990243
1.1990207
1.1990158
1.1990108
1.199006
1.1990015
1.1989972
1.198993
1.1989893
1.1989858
1.1989826
1.1989796
1.1989769
1.1989743
1.1989721
1.19897
1.1989681
1.1989663
1.1989647
1.1989632
1.1989618
1.1989606
1.1989595
1.1989585
1.1989576
1.1989567
1.198956
1.1989554
1.1989548
1.1989544
1.1989539
1.1989535
1.1989532
1.1989528
1.1989524
1.1989519
1.1989512
1.1989499
1.1989481
1.1989449
1.1989394
1.1989289
1.1989082
1.1988636
1.1987676
1.1985828
1.1983228
1.1980632
1.1978343
1.1976411
1.1974691
1.1973204
1.1971845
1.1970668
1.1969623
1.1968727
1.1967956
1.196729
1.1966723
1.1966234
1.1965813
1.1965453
1.1965138
1.1964867
1.1964633
1.1964427
1.1964251
1.1964096
1.196396
1.1963847
1.1963746
1.1963657
1.1963586
1.196352
1.1963464
1.1963422
1.1963384
1.1963348
1.1963329
1.1963313
1.1963293
1.1963285
1.1963286
1.1963298
1.1963289
1.1963303
1.1963361
1.1963069
1.1991117
1.1991029
1.1990843
1.19906
1.1990396
1.1990284
1.1990252
1.1990252
1.199024
1.1990205
1.1990157
1.1990107
1.1990061
1.1990015
1.1989973
1.1989931
1.1989894
1.1989859
1.1989827
1.1989797
1.198977
1.1989745
1.1989722
1.1989701
1.1989682
1.1989664
1.1989647
1.1989632
1.1989619
1.1989607
1.1989595
1.1989585
1.1989576
1.1989568
1.1989561
1.1989554
1.1989549
1.1989544
1.198954
1.1989537
1.1989534
1.1989531
1.1989528
1.1989526
1.1989523
1.1989519
1.1989513
1.1989501
1.1989483
1.198945
1.1989389
1.1989276
1.1989039
1.1988527
1.198742
1.1985375
1.1982727
1.1980215
1.1978008
1.1976156
1.1974487
1.1973052
1.1971732
1.1970589
1.1969582
1.1968708
1.1967962
1.1967318
1.1966765
1.1966292
1.1965882
1.196553
1.1965226
1.1964959
1.1964731
1.1964531
1.1964354
1.1964206
1.1964074
1.1963957
1.1963862
1.1963775
1.1963699
1.196364
1.1963587
1.1963536
1.1963504
1.1963477
1.1963445
1.1963427
1.1963419
1.1963423
1.1963405
1.1963413
1.1963468
1.1963173
1.199107
1.1990989
1.199082
1.1990599
1.1990408
1.1990296
1.1990259
1.1990252
1.1990238
1.1990203
1.1990156
1.1990107
1.1990061
1.1990016
1.1989973
1.1989933
1.1989895
1.198986
1.1989828
1.1989798
1.1989771
1.1989746
1.1989723
1.1989702
1.1989683
1.1989665
1.1989648
1.1989633
1.198962
1.1989607
1.1989596
1.1989586
1.1989577
1.1989569
1.1989561
1.1989555
1.1989549
1.1989545
1.1989541
1.1989537
1.1989534
1.1989532
1.198953
1.1989529
1.1989527
1.1989526
1.1989524
1.1989521
1.1989515
1.1989504
1.1989484
1.198945
1.1989385
1.1989257
1.1988981
1.1988381
1.1987087
1.1984849
1.1982189
1.1979768
1.1977653
1.1975872
1.1974265
1.1972873
1.1971602
1.1970488
1.1969517
1.1968674
1.196795
1.196733
1.1966795
1.1966337
1.1965942
1.1965598
1.1965302
1.1965045
1.1964818
1.1964625
1.1964455
1.1964304
1.1964179
1.1964066
1.1963966
1.1963887
1.1963815
1.1963747
1.1963701
1.196366
1.1963615
1.1963585
1.1963566
1.1963562
1.1963532
1.1963535
1.1963585
1.1963287
1.1991025
1.1990949
1.1990797
1.1990597
1.1990418
1.1990308
1.1990266
1.1990253
1.1990236
1.1990201
1.1990155
1.1990107
1.1990061
1.1990017
1.1989974
1.1989934
1.1989896
1.1989861
1.198983
1.19898
1.1989772
1.1989747
1.1989724
1.1989703
1.1989684
1.1989666
1.1989649
1.1989634
1.1989621
1.1989608
1.1989597
1.1989587
1.1989577
1.1989569
1.1989562
1.1989556
1.198955
1.1989545
1.1989541
1.1989538
1.1989535
1.1989533
1.1989531
1.198953
1.1989529
1.1989529
1.1989528
1.1989528
1.1989526
1.1989524
1.1989518
1.1989507
1.1989487
1.198945
1.1989377
1.1989228
1.1988902
1.1988188
1.1986665
1.1984258
1.1981625
1.1979294
1.1977286
1.1975563
1.1974031
1.1972669
1.1971449
1.1970372
1.1969435
1.1968626
1.1967929
1.196733
1.1966817
1.1966371
1.1965989
1.1965658
1.1965368
1.196512
1.1964902
1.1964709
1.1964547
1.1964402
1.1964273
1.1964169
1.1964075
1.1963986
1.1963922
1.1963866
1.1963806
1.1963762
1.1963732
1.1963718
1.1963674
1.1963671
1.1963715
1.1963412
1.1990981
1.199091
1.1990774
1.1990592
1.1990426
1.1990319
1.1990272
1.1990254
1.1990234
1.1990199
1.1990154
1.1990106
1.1990061
1.1990017
1.1989975
1.1989935
1.1989898
1.1989863
1.1989831
1.1989801
1.1989774
1.1989749
1.1989725
1.1989704
1.1989685
1.1989667
1.198965
1.1989635
1.1989622
1.1989609
1.1989598
1.1989587
1.1989578
1.198957
1.1989563
1.1989556
1.198955
1.1989546
1.1989541
1.1989538
1.1989535
1.1989533
1.1989531
1.198953
1.198953
1.198953
1.198953
1.198953
1.198953
1.198953
1.1989529
1.1989527
1.1989522
1.1989511
1.198949
1.1989448
1.1989365
1.1989189
1.1988795
1.1987939
1.1986149
1.1983604
1.1981048
1.1978801
1.197691
1.1975241
1.1973778
1.1972453
1.197128
1.1970243
1.1969344
1.1968567
1.1967899
1.1967321
1.1966825
1.1966399
1.1966027
1.1965709
1.1965431
1.1965185
1.1964978
1.1964793
1.1964628
1.1964493
1.1964372
1.1964259
1.1964173
1.1964098
1.1964021
1.1963961
1.1963916
1.1963892
1.1963832
1.1963822
1.1963859
1.1963549
1.1990939
1.1990873
1.199075
1.1990586
1.1990432
1.1990328
1.1990277
1.1990254
1.1990232
1.1990197
1.1990152
1.1990106
1.1990061
1.1990018
1.1989976
1.1989936
1.1989899
1.1989864
1.1989832
1.1989803
1.1989775
1.198975
1.1989727
1.1989706
1.1989686
1.1989668
1.1989651
1.1989636
1.1989623
1.198961
1.1989599
1.1989588
1.1989579
1.1989571
1.1989563
1.1989557
1.1989551
1.1989546
1.1989542
1.1989539
1.1989536
1.1989533
1.1989532
1.1989531
1.198953
1.198953
1.198953
1.1989531
1.1989532
1.1989533
1.1989533
1.1989534
1.1989533
1.1989532
1.1989526
1.1989515
1.1989491
1.1989445
1.1989347
1.1989136
1.1988654
1.1987591
1.1985541
1.1982913
1.1980465
1.1978318
1.1976523
1.1974914
1.1973509
1.1972228
1.1971103
1.1970107
1.1969245
1.1968498
1.1967856
1.1967305
1.1966826
1.1966418
1.1966063
1.196575
1.1965486
1.1965251
1.1965043
1.196487
1.1964715
1.1964571
1.1964459
1.1964362
1.1964264
1.1964186
1.1964124
1.1964086
1.1964009
1.1963991
1.1964019
1.1963702
1.1990897
1.1990836
1.1990726
1.1990578
1.1990436
1.1990336
1.1990282
1.1990255
1.199023
1.1990194
1.1990151
1.1990105
1.1990061
1.1990018
1.1989977
1.1989937
1.19899
1.1989865
1.1989834
1.1989804
1.1989777
1.1989751
1.1989728
1.1989707
1.1989687
1.1989669
1.1989653
1.1989637
1.1989624
1.1989611
1.1989599
1.1989589
1.198958
1.1989571
1.1989564
1.1989557
1.1989552
1.1989547
1.1989542
1.1989539
1.1989536
1.1989534
1.1989532
1.1989531
1.1989531
1.198953
1.1989531
1.1989531
1.1989532
1.1989534
1.1989535
1.1989536
1.1989537
1.1989538
1.1989538
1.1989536
1.198953
1.1989518
1.1989492
1.1989438
1.1989321
1.1989059
1.1988461
1.1987139
1.1984842
1.198221
1.1979877
1.1977843
1.1976122
1.1974585
1.1973234
1.1972
1.1970916
1.1969961
1.1969135
1.1968425
1.1967807
1.1967282
1.1966827
1.1966428
1.1966091
1.1965794
1.196553
1.196531
1.1965114
1.1964934
1.1964789
1.1964664
1.196454
1.196444
1.1964359
1.1964306
1.1964208
1.1964181
1.1964196
1.196387
1.1990855
1.1990801
1.1990702
1.1990569
1.1990439
1.1990342
1.1990286
1.1990255
1.1990228
1.1990192
1.1990149
1.1990104
1.199006
1.1990018
1.1989977
1.1989938
1.1989901
1.1989867
1.1989835
1.1989805
1.1989778
1.1989753
1.1989729
1.1989708
1.1989689
1.198967
1.1989654
1.1989638
1.1989624
1.1989612
1.19896
1.198959
1.198958
1.1989572
1.1989565
1.1989558
1.1989552
1.1989547
1.1989543
1.198954
1.1989537
1.1989534
1.1989533
1.1989531
1.1989531
1.1989531
1.1989531
1.1989532
1.1989533
1.1989534
1.1989535
1.1989537
1.1989538
1.198954
1.1989542
1.1989543
1.1989542
1.198954
1.1989534
1.1989521
1.1989491
1.1989426
1.1989283
1.1988953
1.1988198
1.1986562
1.1984086
1.1981513
1.1979279
1.1977373
1.197572
1.1974255
1.1972944
1.1971763
1.197072
1.1969815
1.1969022
1.1968345
1.196776
1.196725
1.1966819
1.1966441
1.1966108
1.1965829
1.1965582
1.1965356
1.1965172
1.1965013
1.1964858
1.1964731
1.1964626
1.1964553
1.1964433
1.1964393
1.1964394
1.1964058
1.1990814
1.1990768
1.1990678
1.1990559
1.199044
1.1990347
1.199029
1.1990255
1.1990226
1.199019
1.1990147
1.1990103
1.199006
1.1990018
1.1989978
1.1989939
1.1989902
1.1989868
1.1989836
1.1989807
1.1989779
1.1989754
1.1989731
1.1989709
1.198969
1.1989672
1.1989655
1.1989639
1.1989625
1.1989613
1.1989601
1.1989591
1.1989581
1.1989573
1.1989565
1.1989559
1.1989553
1.1989548
1.1989544
1.198954
1.1989537
1.1989535
1.1989533
1.1989532
1.1989531
1.1989531
1.1989531
1.1989532
1.1989533
1.1989534
1.1989535
1.1989537
1.1989539
1.1989541
1.1989543
1.1989544
1.1989546
1.1989547
1.1989547
1.1989544
1.1989538
1.1989522
1.1989487
1.1989408
1.1989229
1.1988804
1.1987856
1.1985871
1.198328
1.1980829
1.1978691
1.1976904
1.1975317
1.1973918
1.1972649
1.1971528
1.1970526
1.1969661
1.1968912
1.1968258
1.1967705
1.1967224
1.1966802
1.1966447
1.1966136
1.1965853
1.196562
1.1965419
1.1965227
1.1965066
1.1964931
1.1964835
1.1964688
1.1964633
1.1964616
1.1964267
1.1990778
1.1990734
1.1990654
1.1990547
1.1990438
1.199035
1.1990292
1.1990255
1.1990223
1.1990187
1.1990146
1.1990102
1.1990059
1.1990018
1.1989978
1.198994
1.1989903
1.1989869
1.1989838
1.1989808
1.1989781
1.1989756
1.1989732
1.1989711
1.1989691
1.1989673
1.1989656
1.1989641
1.1989626
1.1989614
1.1989602
1.1989591
1.1989582
1.1989573
1.1989566
1.1989559
1.1989553
1.1989548
1.1989544
1.198954
1.1989537
1.1989535
1.1989533
1.1989532
1.1989532
1.1989532
1.1989532
1.1989532
1.1989533
1.1989534
1.1989536
1.1989537
1.1989539
1.1989541
1.1989543
1.1989545
1.1989547
1.1989549
1.198955
1.1989551
1.1989551
1.1989548
1.1989541
1.1989522
1.1989479
1.1989381
1.1989153
1.1988603
1.1987362
1.1985089
1.1982468
1.198015
1.1978135
1.1976435
1.1974919
1.1973586
1.197236
1.1971285
1.1970337
1.1969504
1.1968796
1.1968181
1.1967643
1.1967191
1.1966797
1.1966442
1.1966148
1.1965895
1.1965656
1.1965454
1.1965284
1.196516
1.196498
1.1964905
1.1964867
1.1964501
1.1990743
1.1990701
1.199063
1.1990535
1.1990435
1.1990352
1.1990294
1.1990255
1.1990221
1.1990185
1.1990144
1.1990101
1.1990059
1.1990018
1.1989978
1.198994
1.1989904
1.1989871
1.1989839
1.198981
1.1989782
1.1989757
1.1989734
1.1989712
1.1989692
1.1989674
1.1989657
1.1989642
1.1989628
1.1989615
1.1989603
1.1989592
1.1989583
1.1989574
1.1989567
1.198956
1.1989554
1.1989549
1.1989545
1.1989541
1.1989538
1.1989536
1.1989534
1.1989533
1.1989532
1.1989532
1.1989532
1.1989533
1.1989534
1.1989535
1.1989536
1.1989538
1.1989539
1.1989542
1.1989543
1.1989545
1.1989547
1.1989549
1.1989551
1.1989553
1.1989554
1.1989555
1.1989555
1.1989552
1.1989542
1.198952
1.1989467
1.1989342
1.1989041
1.198832
1.1986719
1.1984236
1.1981679
1.1979481
1.1977598
1.1975976
1.197453
1.1973241
1.1972078
1.1971039
1.1970143
1.196936
1.1968675
1.1968097
1.1967596
1.196715
1.1966777
1.1966457
1.1966161
1.1965909
1.1965694
1.1965535
1.1965317
1.1965217
1.1965151
1.1964764
1.1990708
1.199067
1.1990605
1.1990521
1.199043
1.1990352
1.1990295
1.1990254
1.1990219
1.1990182
1.1990141
1.1990099
1.1990058
1.1990018
1.1989979
1.1989941
1.1989905
1.1989872
1.198984
1.1989811
1.1989784
1.1989758
1.1989735
1.1989713
1.1989694
1.1989675
1.1989658
1.1989643
1.1989629
1.1989616
1.1989604
1.1989593
1.1989583
1.1989575
1.1989567
1.1989561
1.1989555
1.198955
1.1989545
1.1989541
1.1989538
1.1989536
1.1989534
1.1989533
1.1989532
1.1989532
1.1989532
1.1989533
1.1989534
1.1989535
1.1989536
1.1989538
1.198954
1.1989542
1.1989544
1.1989545
1.1989547
1.198955
1.1989552
1.1989553
1.1989555
1.1989557
1.1989558
1.1989559
1.1989558
1.1989554
1.1989543
1.1989515
1.1989448
1.1989285
1.198888
1.1987939
1.1985937
1.1983347
1.1980922
1.197883
1.1977071
1.197552
1.197415
1.1972897
1.1971795
1.1970812
1.1969948
1.196921
1.1968572
1.1968008
1.1967534
1.196713
1.196676
1.1966445
1.1966176
1.1965972
1.1965708
1.1965577
1.1965478
1.1965064
1.1990674
1.1990639
1.1990581
1.1990506
1.1990424
1.1990351
1.1990295
1.1990252
1.1990216
1.1990179
1.1990139
1.1990098
1.1990057
1.1990017
1.1989979
1.1989942
1.1989906
1.1989873
1.1989842
1.1989812
1.1989785
1.198976
1.1989736
1.1989715
1.1989695
1.1989677
1.1989659
1.1989644
1.198963
1.1989617
1.1989605
1.1989594
1.1989584
1.1989576
1.1989568
1.1989561
1.1989555
1.198955
1.1989546
1.1989542
1.1989539
1.1989536
1.1989535
1.1989533
1.1989533
1.1989533
1.1989533
1.1989533
1.1989534
1.1989535
1.1989537
1.1989538
1.198954
1.1989542
1.1989544
1.1989546
1.1989548
1.198955
1.1989552
1.1989554
1.1989556
1.1989557
1.1989559
1.198956
1.1989562
1.1989562
1.1989561
1.1989556
1.1989542
1.1989507
1.1989419
1.1989202
1.1988654
1.1987394
1.1985056
1.1982458
1.1980183
1.1978216
1.1976559
1.1975074
1.197377
1.1972575
1.1971509
1.1970581
1.1969773
1.1969059
1.1968456
1.1967942
1.1967479
1.1967084
1.1966744
1.1966485
1.1966166
1.1965995
1.1965856
1.1965407
1.1990642
1.1990609
1.1990558
1.199049
1.1990416
1.1990348
1.1990293
1.199025
1.1990213
1.1990176
1.1990137
1.1990096
1.1990056
1.1990017
1.1989979
1.1989942
1.1989907
1.1989874
1.1989843
1.1989814
1.1989787
1.1989761
1.1989738
1.1989716
1.1989696
1.1989678
1.1989661
1.1989645
1.1989631
1.1989618
1.1989606
1.1989595
1.1989585
1.1989577
1.1989569
1.1989562
1.1989556
1.1989551
1.1989546
1.1989543
1.1989539
1.1989537
1.1989535
1.1989534
1.1989533
1.1989533
1.1989533
1.1989534
1.1989535
1.1989536
1.1989537
1.1989538
1.198954
1.1989542
1.1989544
1.1989546
1.1989548
1.198955
1.1989552
1.1989554
1.1989556
1.1989558
1.1989559
1.1989561
1.1989563
1.1989564
1.1989565
1.1989565
1.1989563
1.1989557
1.1989539
1.1989493
1.1989376
1.1989079
1.1988333
1.1986655
1.1984125
1.1981607
1.1979467
1.1977634
1.1976054
1.1974653
1.1973384
1.1972251
1.1971246
1.1970353
1.1969588
1.1968935
1.1968351
1.1967852
1.1967424
1.1967095
1.1966706
1.1966484
1.1966297
1.1965803
1.199061
1.199058
1.1990534
1.1990474
1.1990407
1.1990344
1.1990291
1.1990248
1.199021
1.1990173
1.1990134
1.1990094
1.1990055
1.1990016
1.1989979
1.1989943
1.1989908
1.1989875
1.1989844
1.1989815
1.1989788
1.1989763
1.198974
1.1989718
1.1989698
1.1989679
1.1989662
1.1989647
1.1989632
1.1989619
1.1989607
1.1989596
1.1989586
1.1989577
1.198957
1.1989563
1.1989557
1.1989552
1.1989547
1.1989543
1.198954
1.1989538
1.1989536
1.1989534
1.1989534
1.1989533
1.1989534
1.1989534
1.1989535
1.1989536
1.1989537
1.1989539
1.198954
1.1989542
1.1989544
1.1989546
1.1989548
1.198955
1.1989552
1.1989554
1.1989556
1.1989558
1.198956
1.1989561
1.1989563
1.1989564
1.1989566
1.1989567
1.1989567
1.1989567
1.1989565
1.1989556
1.1989533
1.1989472
1.1989313
1.1988893
1.1987894
1.1985764
1.1983168
1.1980803
1.1978771
1.1977077
1.1975563
1.1974232
1.1973024
1.1971935
1.1970977
1.1970153
1.1969418
1.1968788
1.1968246
1.1967825
1.1967349
1.1967063
1.1966814
1.1966263
1.1990579
1.1990552
1.1990511
1.1990457
1.1990397
1.1990338
1.1990287
1.1990244
1.1990206
1.1990169
1.1990131
1.1990092
1.1990054
1.1990016
1.1989979
1.1989943
1.1989909
1.1989876
1.1989846
1.1989817
1.198979
1.1989765
1.1989741
1.198972
1.1989699
1.1989681
1.1989664
1.1989648
1.1989634
1.198962
1.1989608
1.1989597
1.1989587
1.1989579
1.1989571
1.1989564
1.1989558
1.1989552
1.1989548
1.1989544
1.1989541
1.1989538
1.1989536
1.1989535
1.1989534
1.1989534
1.1989534
1.1989535
1.1989535
1.1989536
1.1989537
1.1989539
1.1989541
1.1989543
1.1989544
1.1989546
1.1989548
1.198955
1.1989552
1.1989554
1.1989556
1.1989558
1.198956
1.1989561
1.1989563
1.1989564
1.1989566
1.1989567
1.1989568
1.1989569
1.198957
1.1989569
1.1989566
1.1989554
1.1989524
1.198944
1.1989219
1.1988627
1.1987243
1.1984796
1.1982222
1.1980033
1.1978132
1.1976526
1.1975104
1.1973821
1.1972659
1.1971643
1.1970728
1.1969935
1.1969249
1.196871
1.1968124
1.1967754
1.1967429
1.1966801
1.1990549
1.1990524
1.1990487
1.1990439
1.1990385
1.1990331
1.1990283
1.199024
1.1990202
1.1990165
1.1990128
1.199009
1.1990052
1.1990015
1.1989978
1.1989943
1.1989909
1.1989877
1.1989847
1.1989818
1.1989791
1.1989766
1.1989743
1.1989721
1.1989701
1.1989682
1.1989665
1.1989649
1.1989635
1.1989622
1.1989609
1.1989598
1.1989588
1.198958
1.1989572
1.1989565
1.1989558
1.1989553
1.1989549
1.1989545
1.1989542
1.1989539
1.1989537
1.1989535
1.1989535
1.1989534
1.1989534
1.1989535
1.1989536
1.1989537
1.1989538
1.1989539
1.1989541
1.1989543
1.1989545
1.1989547
1.1989549
1.1989551
1.1989553
1.1989554
1.1989556
1.1989558
1.198956
1.1989561
1.1989563
1.1989565
1.1989566
1.1989567
1.1989569
1.198957
1.1989571
1.1989572
1.1989572
1.1989571
1.1989566
1.1989551
1.1989509
1.1989392
1.1989071
1.1988243
1.1986378
1.1983802
1.1981347
1.1979278
1.1977538
1.1975997
1.1974639
1.197343
1.197232
1.1971339
1.1970479
1.1969793
1.1969068
1.1968588
1.1968168
1.1967439
1.199052
1.1990497
1.1990464
1.1990421
1.1990372
1.1990323
1.1990277
1.1990235
1.1990198
1.1990161
1.1990124
1.1990087
1.199005
1.1990013
1.1989978
1.1989943
1.198991
1.1989878
1.1989848
1.1989819
1.1989793
1.1989768
1.1989744
1.1989723
1.1989703
1.1989684
1.1989667
1.1989651
1.1989636
1.1989623
1.1989611
1.19896
1.198959
1.1989581
1.1989573
1.1989566
1.1989559
1.1989554
1.1989549
1.1989545
1.1989542
1.198954
1.1989538
1.1989536
1.1989535
1.1989535
1.1989535
1.1989535
1.1989536
1.1989537
1.1989538
1.198954
1.1989541
1.1989543
1.1989545
1.1989547
1.1989549
1.1989551
1.1989553
1.1989555
1.1989556
1.1989558
1.198956
1.1989562
1.1989563
1.1989565
1.1989566
1.1989567
1.1989569
1.198957
1.1989571
1.1989572
1.1989573
1.1989573
1.1989573
1.1989572
1.1989565
1.1989545
1.1989485
1.1989317
1.1988846
1.198772
1.1985372
1.1982785
1.1980531
1.197857
1.1976938
1.1975508
1.1974208
1.197303
1.1971979
1.1971117
1.1970224
1.1969605
1.1969066
1.1968203
1.1990491
1.199047
1.1990441
1.1990402
1.1990358
1.1990313
1.1990269
1.199023
1.1990193
1.1990157
1.199012
1.1990084
1.1990048
1.1990012
1.1989977
1.1989943
1.198991
1.1989879
1.1989849
1.1989821
1.1989794
1.1989769
1.1989746
1.1989724
1.1989704
1.1989685
1.1989668
1.1989652
1.1989638
1.1989624
1.1989612
1.1989601
1.1989591
1.1989582
1.1989574
1.1989567
1.198956
1.1989555
1.198955
1.1989546
1.1989543
1.198954
1.1989538
1.1989537
1.1989536
1.1989535
1.1989535
1.1989536
1.1989537
1.1989538
1.1989539
1.198954
1.1989542
1.1989544
1.1989545
1.1989547
1.1989549
1.1989551
1.1989553
1.1989555
1.1989557
1.1989558
1.198956
1.1989562
1.1989563
1.1989565
1.1989566
1.1989568
1.1989569
1.198957
1.1989571
1.1989572
1.1989573
1.1989574
1.1989575
1.1989575
1.1989575
1.1989572
1.1989563
1.1989534
1.1989448
1.1989202
1.1988514
1.1986897
1.1984344
1.1981825
1.1979723
1.1977945
1.1976382
1.1975011
1.1973768
1.197272
1.1971635
1.1970848
1.1970168
1.1969126
1.1990463
1.1990444
1.1990417
1.1990383
1.1990343
1.1990302
1.1990261
1.1990223
1.1990187
1.1990151
1.1990116
1.1990081
1.1990045
1.199001
1.1989976
1.1989942
1.198991
1.1989879
1.198985
1.1989822
1.1989795
1.198977
1.1989747
1.1989726
1.1989705
1.1989687
1.198967
1.1989654
1.1989639
1.1989625
1.1989613
1.1989602
1.1989592
1.1989583
1.1989575
1.1989567
1.1989561
1.1989556
1.1989551
1.1989547
1.1989544
1.1989541
1.1989539
1.1989537
1.1989536
1.1989536
1.1989536
1.1989536
1.1989537
1.1989538
1.1989539
1.198954
1.1989542
1.1989544
1.1989546
1.1989547
1.1989549
1.1989551
1.1989553
1.1989555
1.1989557
1.1989559
1.198956
1.1989562
1.1989564
1.1989565
1.1989566
1.1989568
1.1989569
1.198957
1.1989571
1.1989572
1.1989573
1.1989574
1.1989575
1.1989576
1.1989576
1.1989577
1.1989576
1.1989572
1.1989559
1.1989517
1.1989389
1.1989012
1.1988036
1.1985887
1.1983287
1.1980968
1.1978967
1.1977316
1.1975835
1.197461
1.1973327
1.1972356
1.1971518
1.197025
1.1990435
1.1990418
1.1990394
1.1990364
1.1990328
1.199029
1.1990252
1.1990215
1.199018
1.1990146
1.1990111
1.1990077
1.1990042
1.1990008
1.1989975
1.1989942
1.198991
1.1989879
1.198985
1.1989823
1.1989796
1.1989772
1.1989749
1.1989727
1.1989707
1.1989688
1.1989671
1.1989655
1.198964
1.1989627
1.1989614
1.1989603
1.1989593
1.1989584
1.1989576
1.1989568
1.1989562
1.1989557
1.1989552
1.1989548
1.1989544
1.1989542
1.1989539
1.1989538
1.1989537
1.1989537
1.1989536
1.1989537
1.1989537
1.1989538
1.1989539
1.1989541
1.1989542
1.1989544
1.1989546
1.1989548
1.198955
1.1989552
1.1989553
1.1989555
1.1989557
1.1989559
1.1989561
1.1989562
1.1989564
1.1989565
1.1989566
1.1989568
1.1989569
1.198957
1.1989571
1.1989572
1.1989573
1.1989574
1.1989575
1.1989576
1.1989577
1.1989577
1.1989578
1.1989578
1.1989576
1.1989571
1.1989551
1.1989488
1.1989294
1.1988721
1.1987333
1.1984814
1.198225
1.1980128
1.1978269
1.1976788
1.1975298
1.1974144
1.1973148
1.1971617
1.1990408
1.1990393
1.1990371
1.1990344
1.1990312
1.1990277
1.1990242
1.1990207
1.1990173
1.199014
1.1990106
1.1990073
1.1990039
1.1990006
1.1989973
1.1989941
1.198991
1.198988
1.1989851
1.1989823
1.1989797
1.1989773
1.198975
1.1989728
1.1989708
1.198969
1.1989672
1.1989656
1.1989642
1.1989628
1.1989616
1.1989604
1.1989594
1.1989585
1.1989577
1.198957
1.1989563
1.1989557
1.1989553
1.1989548
1.1989545
1.1989542
1.198954
1.1989539
1.1989538
1.1989537
1.1989537
1.1989537
1.1989538
1.1989539
1.198954
1.1989541
1.1989543
1.1989545
1.1989546
1.1989548
1.198955
1.1989552
1.1989554
1.1989555
1.1989557
1.1989559
1.1989561
1.1989562
1.1989564
1.1989565
1.1989567
1.1989568
1.1989569
1.198957
1.1989571
1.1989572
1.1989573
1.1989574
1.1989575
1.1989576
1.1989577
1.1989577
1.1989578
1.1989578
1.1989579
1.1989579
1.1989577
1.1989568
1.1989539
1.1989441
1.1989139
1.198829
1.1986323
1.1983732
1.198132
1.197939
1.1977599
1.1976205
1.1975058
1.1973257
1.1990382
1.1990368
1.1990348
1.1990324
1.1990295
1.1990263
1.199023
1.1990198
1.1990165
1.1990133
1.19901
1.1990068
1.1990035
1.1990003
1.1989971
1.198994
1.1989909
1.198988
1.1989851
1.1989824
1.1989798
1.1989774
1.1989751
1.198973
1.198971
1.1989691
1.1989674
1.1989658
1.1989643
1.198963
1.1989617
1.1989606
1.1989596
1.1989586
1.1989578
1.1989571
1.1989564
1.1989558
1.1989553
1.1989549
1.1989546
1.1989543
1.1989541
1.1989539
1.1989538
1.1989538
1.1989538
1.1989538
1.1989538
1.1989539
1.198954
1.1989542
1.1989543
1.1989545
1.1989547
1.1989548
1.198955
1.1989552
1.1989554
1.1989556
1.1989558
1.1989559
1.1989561
1.1989562
1.1989564
1.1989565
1.1989567
1.1989568
1.1989569
1.198957
1.1989571
1.1989572
1.1989573
1.1989574
1.1989575
1.1989576
1.1989577
1.1989577
1.1989578
1.1989578
1.1989579
1.198958
1.198958
1.1989579
1.1989576
1.1989563
1.1989517
1.1989363
1.1988882
1.1987684
1.1985221
1.1982695
1.1980433
1.197863
1.1977273
1.197518
1.1990356
1.1990343
1.1990326
1.1990303
1.1990277
1.1990248
1.1990218
1.1990187
1.1990156
1.1990125
1.1990094
1.1990063
1.1990031
1.199
1.1989969
1.1989938
1.1989908
1.1989879
1.1989851
1.1989825
1.1989799
1.1989775
1.1989753
1.1989731
1.1989711
1.1989693
1.1989675
1.1989659
1.1989645
1.1989631
1.1989619
1.1989607
1.1989597
1.1989588
1.1989579
1.1989572
1.1989565
1.1989559
1.1989554
1.198955
1.1989547
1.1989544
1.1989542
1.198954
1.1989539
1.1989539
1.1989538
1.1989538
1.1989539
1.198954
1.1989541
1.1989542
1.1989544
1.1989545
1.1989547
1.1989549
1.1989551
1.1989552
1.1989554
1.1989556
1.1989558
1.1989559
1.1989561
1.1989563
1.1989564
1.1989566
1.1989567
1.1989568
1.1989569
1.198957
1.1989571
1.1989572
1.1989573
1.1989574
1.1989575
1.1989576
1.1989577
1.1989577
1.1989578
1.1989578
1.1989579
1.198958
1.198958
1.1989581
1.1989581
1.198958
1.1989574
1.1989554
1.1989479
1.1989237
1.1988505
1.1986716
1.1984101
1.1981663
1.197996
1.197742
1.199033
1.1990318
1.1990303
1.1990283
1.1990259
1.1990233
1.1990205
1.1990176
1.1990147
1.1990117
1.1990087
1.1990057
1.1990027
1.1989996
1.1989966
1.1989936
1.1989907
1.1989879
1.1989851
1.1989825
1.19898
1.1989776
1.1989754
1.1989733
1.1989713
1.1989694
1.1989677
1.1989661
1.1989646
1.1989632
1.198962
1.1989609
1.1989598
1.1989589
1.198958
1.1989573
1.1989566
1.1989561
1.1989556
1.1989551
1.1989548
1.1989545
1.1989543
1.1989541
1.198954
1.1989539
1.1989539
1.1989539
1.198954
1.198954
1.1989541
1.1989543
1.1989544
1.1989546
1.1989547
1.1989549
1.1989551
1.1989553
1.1989555
1.1989556
1.1989558
1.198956
1.1989561
1.1989563
1.1989564
1.1989566
1.1989567
1.1989568
1.1989569
1.1989571
1.1989572
1.1989573
1.1989574
1.1989574
1.1989575
1.1989576
1.1989577
1.1989577
1.1989578
1.1989579
1.1989579
1.198958
1.198958
1.1989581
1.1989581
1.1989582
1.1989581
1.198958
1.1989571
1.1989538
1.1989416
1.1989009
1.1987944
1.1985474
1.1983426
1.1980148
1.1990305
1.1990294
1.199028
1.1990262
1.1990241
1.1990217
1.1990191
1.1990164
1.1990137
1.1990108
1.199008
1.1990051
1.1990021
1.1989992
1.1989963
1.1989934
1.1989906
1.1989878
1.1989851
1.1989825
1.1989801
1.1989777
1.1989755
1.1989734
1.1989714
1.1989696
1.1989678
1.1989662
1.1989648
1.1989634
1.1989621
1.198961
1.1989599
1.198959
1.1989582
1.1989574
1.1989567
1.1989562
1.1989557
1.1989552
1.1989549
1.1989546
1.1989543
1.1989542
1.1989541
1.198954
1.198954
1.198954
1.198954
1.1989541
1.1989542
1.1989543
1.1989545
1.1989546
1.1989548
1.1989549
1.1989551
1.1989553
1.1989555
1.1989557
1.1989558
1.198956
1.1989562
1.1989563
1.1989565
1.1989566
1.1989567
1.1989568
1.198957
1.1989571
1.1989572
1.1989573
1.1989574
1.1989574
1.1989575
1.1989576
1.1989577
1.1989577
1.1989578
1.1989579
1.1989579
1.198958
1.198958
1.1989581
1.1989581
1.1989582
1.1989582
1.1989583
1.1989582
1.1989579
1.1989565
1.1989508
1.1989308
1.1988641
1.1987318
1.1983623
1.199028
1.199027
1.1990257
1.1990241
1.1990222
1.19902
1.1990177
1.1990152
1.1990126
1.1990099
1.1990072
1.1990044
1.1990016
1.1989987
1.1989959
1.1989931
1.1989904
1.1989877
1.198985
1.1989825
1.1989801
1.1989778
1.1989756
1.1989735
1.1989715
1.1989697
1.198968
1.1989664
1.1989649
1.1989635
1.1989623
1.1989611
1.1989601
1.1989591
1.1989583
1.1989575
1.1989569
1.1989563
1.1989558
1.1989553
1.198955
1.1989547
1.1989544
1.1989542
1.1989541
1.1989541
1.198954
1.198954
1.1989541
1.1989542
1.1989542
1.1989544
1.1989545
1.1989547
1.1989548
1.198955
1.1989552
1.1989553
1.1989555
1.1989557
1.1989559
1.198956
1.1989562
1.1989563
1.1989565
1.1989566
1.1989567
1.1989569
1.198957
1.1989571
1.1989572
1.1989573
1.1989574
1.1989574
1.1989575
1.1989576
1.1989577
1.1989577
1.1989578
1.1989579
1.1989579
1.198958
1.198958
1.1989581
1.1989581
1.1989582
1.1989582
1.1989583
1.1989583
1.1989583
1.1989582
1.1989577
1.1989553
1.198946
1.1989172
1.1987135
1.1990255
1.1990246
1.1990235
1.199022
1.1990203
1.1990183
1.1990161
1.1990138
1.1990114
1.1990089
1.1990063
1.1990036
1.1990009
1.1989982
1.1989955
1.1989928
1.1989901
1.1989875
1.1989849
1.1989825
1.1989801
1.1989778
1.1989756
1.1989736
1.1989716
1.1989698
1.1989681
1.1989665
1.198965
1.1989637
1.1989624
1.1989612
1.1989602
1.1989593
1.1989584
1.1989576
1.198957
1.1989564
1.1989559
1.1989554
1.1989551
1.1989547
1.1989545
1.1989543
1.1989542
1.1989541
1.1989541
1.1989541
1.1989542
1.1989542
1.1989543
1.1989544
1.1989546
1.1989547
1.1989549
1.198955
1.1989552
1.1989554
1.1989555
1.1989557
1.1989559
1.198956
1.1989562
1.1989563
1.1989565
1.1989566
1.1989568
1.1989569
1.198957
1.1989571
1.1989572
1.1989573
1.1989574
1.1989575
1.1989575
1.1989576
1.1989577
1.1989577
1.1989578
1.1989579
1.1989579
1.198958
1.198958
1.1989581
1.1989581
1.1989582
1.1989582
1.1989583
1.1989583
1.1989584
1.1989584
1.1989584
1.1989582
1.198957
1.1989578
1.1988933
1.1990231
1.1990223
1.1990212
1.1990199
1.1990183
1.1990165
1.1990145
1.1990124
1.1990101
1.1990078
1.1990053
1.1990028
1.1990002
1.1989977
1.198995
1.1989924
1.1989898
1.1989873
1.1989848
1.1989824
1.1989801
1.1989778
1.1989757
1.1989737
1.1989717
1.1989699
1.1989682
1.1989666
1.1989652
1.1989638
1.1989625
1.1989614
1.1989603
1.1989594
1.1989585
1.1989578
1.1989571
1.1989565
1.198956
1.1989555
1.1989552
1.1989548
1.1989546
1.1989544
1.1989543
1.1989542
1.1989542
1.1989542
1.1989542
1.1989543
1.1989544
1.1989545
1.1989546
1.1989548
1.1989549
1.1989551
1.1989552
1.1989554
1.1989556
1.1989557
1.1989559
1.1989561
1.1989562
1.1989564
1.1989565
1.1989566
1.1989568
1.1989569
1.198957
1.1989571
1.1989572
1.1989573
1.1989574
1.1989575
1.1989575
1.1989576
1.1989577
1.1989577
1.1989578
1.1989579
1.1989579
1.198958
1.198958
1.1989581
1.1989581
1.1989582
1.1989582
1.1989583
1.1989583
1.1989583
1.1989584
1.1989585
1.1989586
1.1989579
1.1989634
1.1989383
1.1990207
1.1990199
1.199019
1.1990178
1.1990164
1.1990147
1.1990129
1.1990109
1.1990088
1.1990066
1.1990043
1.1990019
1.1989995
1.198997
1.1989945
1.198992
1.1989895
1.1989871
1.1989846
1.1989823
1.19898
1.1989778
1.1989757
1.1989737
1.1989718
1.19897
1.1989683
1.1989668
1.1989653
1.1989639
1.1989627
1.1989615
1.1989605
1.1989595
1.1989586
1.1989579
1.1989572
1.1989566
1.1989561
1.1989556
1.1989553
1.1989549
1.1989547
1.1989545
1.1989544
1.1989543
1.1989543
1.1989542
1.1989543
1.1989543
1.1989544
1.1989545
1.1989547
1.1989548
1.198955
1.1989551
1.1989553
1.1989554
1.1989556
1.1989558
1.1989559
1.1989561
1.1989562
1.1989564
1.1989565
1.1989567
1.1989568
1.1989569
1.198957
1.1989571
1.1989572
1.1989573
1.1989574
1.1989575
1.1989575
1.1989576
1.1989577
1.1989577
1.1989578
1.1989578
1.1989579
1.198958
1.198958
1.1989581
1.1989581
1.1989582
1.1989582
1.1989583
1.1989583
1.1989583
1.1989584
1.1989585
1.1989586
1.1989579
1.1989638
1.1989451
1.1990183
1.1990176
1.1990167
1.1990157
1.1990144
1.1990129
1.1990112
1.1990094
1.1990075
1.1990054
1.1990032
1.199001
1.1989987
1.1989963
1.1989939
1.1989915
1.1989891
1.1989868
1.1989844
1.1989821
1.1989799
1.1989778
1.1989757
1.1989737
1.1989719
1.1989701
1.1989684
1.1989669
1.1989654
1.198964
1.1989628
1.1989616
1.1989606
1.1989596
1.1989588
1.198958
1.1989573
1.1989567
1.1989562
1.1989557
1.1989554
1.198955
1.1989548
1.1989546
1.1989545
1.1989544
1.1989543
1.1989543
1.1989543
1.1989544
1.1989545
1.1989546
1.1989547
1.1989549
1.198955
1.1989552
1.1989553
1.1989555
1.1989556
1.1989558
1.198956
1.1989561
1.1989563
1.1989564
1.1989565
1.1989567
1.1989568
1.1989569
1.198957
1.1989571
1.1989572
1.1989573
1.1989574
1.1989575
1.1989575
1.1989576
1.1989577
1.1989577
1.1989578
1.1989578
1.1989579
1.198958
1.198958
1.1989581
1.1989581
1.1989581
1.1989582
1.1989583
1.1989583
1.1989583
1.1989584
1.1989585
1.1989586
1.1989579
1.1989636
1.1989462
1.1990159
1.1990153
1.1990145
1.1990135
1.1990123
1.199011
1.1990095
1.1990078
1.199006
1.1990041
1.1990021
1.199
1.1989978
1.1989956
1.1989933
1.198991
1.1989887
1.1989864
1.1989842
1.1989819
1.1989798
1.1989777
1.1989757
1.1989737
1.1989719
1.1989701
1.1989685
1.1989669
1.1989655
1.1989642
1.1989629
1.1989618
1.1989607
1.1989598
1.1989589
1.1989581
1.1989574
1.1989568
1.1989563
1.1989558
1.1989555
1.1989551
1.1989549
1.1989547
1.1989545
1.1989545
1.1989544
1.1989544
1.1989544
1.1989545
1.1989545
1.1989546
1.1989548
1.1989549
1.1989551
1.1989552
1.1989554
1.1989555
1.1989557
1.1989558
1.198956
1.1989561
1.1989563
1.1989564
1.1989566
1.1989567
1.1989568
1.1989569
1.198957
1.1989571
1.1989572
1.1989573
1.1989574
1.1989575
1.1989575
1.1989576
1.1989577
1.1989577
1.1989578
1.1989578
1.1989579
1.198958
1.198958
1.198958
1.1989581
1.1989581
1.1989582
1.1989582
1.1989583
1.1989583
1.1989584
1.1989584
1.1989586
1.1989579
1.1989634
1.1989467
1.1990135
1.199013
1.1990123
1.1990114
1.1990103
1.1990091
1.1990077
1.1990062
1.1990045
1.1990028
1.1990009
1.1989989
1.1989969
1.1989948
1.1989926
1.1989904
1.1989882
1.198986
1.1989839
1.1989817
1.1989796
1.1989776
1.1989756
1.1989737
1.1989719
1.1989702
1.1989686
1.198967
1.1989656
1.1989643
1.198963
1.1989619
1.1989608
1.1989599
1.198959
1.1989582
1.1989576
1.1989569
1.1989564
1.198956
1.1989556
1.1989552
1.198955
1.1989548
1.1989546
1.1989545
1.1989545
1.1989545
1.1989545
1.1989545
1.1989546
1.1989547
1.1989548
1.198955
1.1989551
1.1989552
1.1989554
1.1989556
1.1989557
1.1989559
1.198956
1.1989562
1.1989563
1.1989564
1.1989566
1.1989567
1.1989568
1.1989569
1.198957
1.1989571
1.1989572
1.1989573
1.1989574
1.1989575
1.1989575
1.1989576
1.1989577
1.1989577
1.1989578
1.1989578
1.1989579
1.1989579
1.198958
1.198958
1.1989581
1.1989581
1.1989582
1.1989582
1.1989583
1.1989583
1.1989583
1.1989584
1.1989586
1.1989579
1.1989631
1.1989471
1.1990112
1.1990107
1.19901
1.1990092
1.1990083
1.1990072
1.1990059
1.1990045
1.199003
1.1990014
1.1989996
1.1989978
1.1989959
1.1989939
1.1989918
1.1989898
1.1989877
1.1989856
1.1989835
1.1989814
1.1989794
1.1989774
1.1989755
1.1989737
1.1989719
1.1989702
1.1989686
1.1989671
1.1989657
1.1989643
1.1989631
1.198962
1.1989609
1.19896
1.1989591
1.1989584
1.1989577
1.1989571
1.1989565
1.1989561
1.1989557
1.1989553
1.1989551
1.1989549
1.1989547
1.1989546
1.1989546
1.1989546
1.1989546
1.1989546
1.1989547
1.1989548
1.1989549
1.198955
1.1989552
1.1989553
1.1989554
1.1989556
1.1989558
1.1989559
1.1989561
1.1989562
1.1989563
1.1989565
1.1989566
1.1989567
1.1989568
1.1989569
1.198957
1.1989571
1.1989572
1.1989573
1.1989574
1.1989575
1.1989575
1.1989576
1.1989577
1.1989577
1.1989578
1.1989578
1.1989579
1.1989579
1.198958
1.198958
1.1989581
1.1989581
1.1989582
1.1989582
1.1989583
1.1989583
1.1989583
1.1989584
1.1989586
1.1989579
1.1989629
1.1989475
1.1990089
1.1990084
1.1990078
1.1990071
1.1990062
1.1990052
1.1990041
1.1990028
1.1990014
1.1989999
1.1989983
1.1989966
1.1989948
1.1989929
1.198991
1.1989891
1.1989871
1.1989851
1.1989831
1.1989811
1.1989791
1.1989772
1.1989754
1.1989736
1.1989718
1.1989702
1.1989686
1.1989671
1.1989657
1.1989644
1.1989632
1.1989621
1.198961
1.1989601
1.1989592
1.1989585
1.1989578
1.1989572
1.1989566
1.1989562
1.1989558
1.1989555
1.1989552
1.198955
1.1989548
1.1989547
1.1989547
1.1989546
1.1989546
1.1989547
1.1989548
1.1989548
1.198955
1.1989551
1.1989552
1.1989553
1.1989555
1.1989556
1.1989558
1.1989559
1.1989561
1.1989562
1.1989564
1.1989565
1.1989566
1.1989567
1.1989568
1.198957
1.198957
1.1989571
1.1989572
1.1989573
1.1989574
1.1989575
1.1989575
1.1989576
1.1989577
1.1989577
1.1989578
1.1989578
1.1989579
1.1989579
1.198958
1.198958
1.1989581
1.1989581
1.1989581
1.1989582
1.1989582
1.1989583
1.1989583
1.1989584
1.1989585
1.1989579
1.1989626
1.198948
1.1990066
1.1990061
1.1990056
1.1990049
1.1990041
1.1990032
1.1990022
1.1990011
1.1989998
1.1989984
1.1989969
1.1989953
1.1989937
1.1989919
1.1989901
1.1989883
1.1989864
1.1989845
1.1989826
1.1989807
1.1989788
1.198977
1.1989752
1.1989734
1.1989718
1.1989701
1.1989686
1.1989671
1.1989658
1.1989645
1.1989633
1.1989622
1.1989611
1.1989602
1.1989593
1.1989586
1.1989579
1.1989573
1.1989567
1.1989563
1.1989559
1.1989556
1.1989553
1.1989551
1.1989549
1.1989548
1.1989548
1.1989547
1.1989547
1.1989548
1.1989548
1.1989549
1.198955
1.1989551
1.1989553
1.1989554
1.1989555
1.1989557
1.1989558
1.198956
1.1989561
1.1989562
1.1989564
1.1989565
1.1989566
1.1989567
1.1989569
1.198957
1.1989571
1.1989571
1.1989572
1.1989573
1.1989574
1.1989575
1.1989575
1.1989576
1.1989577
1.1989577
1.1989578
1.1989578
1.1989579
1.1989579
1.1989579
1.198958
1.198958
1.1989581
1.1989581
1.1989582
1.1989582
1.1989582
1.1989583
1.1989584
1.1989585
1.1989579
1.1989624
1.1989484
1.1990043
1.1990039
1.1990034
1.1990028
1.1990021
1.1990012
1.1990003
1.1989993
1.1989981
1.1989968
1.1989955
1.198994
1.1989925
1.1989908
1.1989892
1.1989874
1.1989857
1.1989839
1.1989821
1.1989802
1.1989785
1.1989767
1.1989749
1.1989733
1.1989716
1.1989701
1.1989686
1.1989671
1.1989658
1.1989645
1.1989633
1.1989622
1.1989612
1.1989603
1.1989594
1.1989587
1.198958
1.1989574
1.1989569
1.1989564
1.198956
1.1989557
1.1989554
1.1989552
1.198955
1.1989549
1.1989548
1.1989548
1.1989548
1.1989548
1.1989549
1.198955
1.1989551
1.1989552
1.1989553
1.1989554
1.1989556
1.1989557
1.1989559
1.198956
1.1989561
1.1989563
1.1989564
1.1989565
1.1989566
1.1989568
1.1989569
1.198957
1.1989571
1.1989572
1.1989572
1.1989573
1.1989574
1.1989575
1.1989575
1.1989576
1.1989576
1.1989577
1.1989578
1.1989578
1.1989578
1.1989579
1.1989579
1.198958
1.198958
1.1989581
1.1989581
1.1989582
1.1989582
1.1989582
1.1989583
1.1989583
1.1989585
1.1989579
1.1989621
1.1989489
1.199002
1.1990016
1.1990012
1.1990006
1.199
1.1989992
1.1989984
1.1989974
1.1989964
1.1989952
1.198994
1.1989926
1.1989912
1.1989897
1.1989881
1.1989865
1.1989849
1.1989832
1.1989815
1.1989797
1.198978
1.1989763
1.1989747
1.198973
1.1989715
1.1989699
1.1989685
1.1989671
1.1989658
1.1989645
1.1989634
1.1989623
1.1989613
1.1989604
1.1989595
1.1989588
1.1989581
1.1989575
1.198957
1.1989565
1.1989561
1.1989558
1.1989555
1.1989553
1.1989551
1.198955
1.1989549
1.1989549
1.1989549
1.1989549
1.198955
1.1989551
1.1989552
1.1989553
1.1989554
1.1989555
1.1989556
1.1989558
1.1989559
1.198956
1.1989562
1.1989563
1.1989564
1.1989565
1.1989567
1.1989568
1.1989569
1.198957
1.1989571
1.1989572
1.1989572
1.1989573
1.1989574
1.1989574
1.1989575
1.1989576
1.1989576
1.1989577
1.1989577
1.1989578
1.1989578
1.1989579
1.1989579
1.198958
1.198958
1.198958
1.1989581
1.1989581
1.1989582
1.1989582
1.1989582
1.1989583
1.1989585
1.1989579
1.1989618
1.1989493
1.1989997
1.1989994
1.1989989
1.1989985
1.1989979
1.1989972
1.1989964
1.1989956
1.1989946
1.1989936
1.1989924
1.1989912
1.1989899
1.1989885
1.198987
1.1989855
1.198984
1.1989824
1.1989808
1.1989792
1.1989775
1.1989759
1.1989743
1.1989728
1.1989712
1.1989698
1.1989684
1.198967
1.1989657
1.1989645
1.1989634
1.1989623
1.1989613
1.1989604
1.1989596
1.1989589
1.1989582
1.1989576
1.1989571
1.1989566
1.1989562
1.1989559
1.1989556
1.1989554
1.1989552
1.1989551
1.198955
1.198955
1.198955
1.198955
1.1989551
1.1989551
1.1989552
1.1989553
1.1989554
1.1989556
1.1989557
1.1989558
1.1989559
1.1989561
1.1989562
1.1989563
1.1989564
1.1989566
1.1989567
1.1989568
1.1989569
1.198957
1.1989571
1.1989571
1.1989572
1.1989573
1.1989574
1.1989574
1.1989575
1.1989576
1.1989576
1.1989577
1.1989577
1.1989578
1.1989578
1.1989578
1.1989579
1.1989579
1.198958
1.198958
1.198958
1.1989581
1.1989581
1.1989582
1.1989582
1.1989583
1.1989584
1.1989579
1.1989616
1.1989497
1.1989974
1.1989971
1.1989967
1.1989963
1.1989958
1.1989951
1.1989945
1.1989937
1.1989928
1.1989918
1.1989908
1.1989897
1.1989885
1.1989872
1.1989859
1.1989845
1.198983
1.1989816
1.19898
1.1989785
1.198977
1.1989755
1.1989739
1.1989724
1.198971
1.1989696
1.1989682
1.1989669
1.1989656
1.1989645
1.1989634
1.1989623
1.1989614
1.1989605
1.1989597
1.1989589
1.1989583
1.1989577
1.1989571
1.1989567
1.1989563
1.198956
1.1989557
1.1989555
1.1989553
1.1989552
1.1989551
1.1989551
1.1989551
1.1989551
1.1989551
1.1989552
1.1989553
1.1989554
1.1989555
1.1989556
1.1989557
1.1989559
1.198956
1.1989561
1.1989562
1.1989563
1.1989565
1.1989566
1.1989567
1.1989568
1.1989569
1.198957
1.1989571
1.1989571
1.1989572
1.1989573
1.1989574
1.1989574
1.1989575
1.1989575
1.1989576
1.1989576
1.1989577
1.1989577
1.1989578
1.1989578
1.1989579
1.1989579
1.1989579
1.198958
1.198958
1.1989581
1.1989581
1.1989581
1.1989582
1.1989582
1.1989584
1.1989579
1.1989613
1.1989502
1.1989951
1.1989949
1.1989945
1.1989941
1.1989936
1.1989931
1.1989925
1.1989917
1.198991
1.1989901
1.1989892
1.1989881
1.198987
1.1989859
1.1989846
1.1989834
1.198982
1.1989806
1.1989792
1.1989778
1.1989764
1.1989749
1.1989735
1.1989721
1.1989707
1.1989693
1.198968
1.1989667
1.1989655
1.1989644
1.1989633
1.1989623
1.1989614
1.1989605
1.1989597
1.198959
1.1989583
1.1989577
1.1989572
1.1989568
1.1989564
1.1989561
1.1989558
1.1989556
1.1989554
1.1989553
1.1989552
1.1989552
1.1989552
1.1989552
1.1989552
1.1989553
1.1989554
1.1989554
1.1989555
1.1989557
1.1989558
1.1989559
1.198956
1.1989561
1.1989563
1.1989564
1.1989565
1.1989566
1.1989567
1.1989568
1.1989569
1.198957
1.1989571
1.1989571
1.1989572
1.1989573
1.1989573
1.1989574
1.1989575
1.1989575
1.1989576
1.1989576
1.1989577
1.1989577
1.1989577
1.1989578
1.1989578
1.1989579
1.1989579
1.1989579
1.198958
1.198958
1.1989581
1.1989581
1.1989581
1.1989582
1.1989583
1.1989579
1.198961
1.1989506
1.1989928
1.1989926
1.1989923
1.1989919
1.1989915
1.198991
1.1989904
1.1989898
1.1989891
1.1989883
1.1989875
1.1989865
1.1989855
1.1989845
1.1989833
1.1989822
1.1989809
1.1989797
1.1989783
1.198977
1.1989757
1.1989743
1.198973
1.1989716
1.1989703
1.198969
1.1989677
1.1989665
1.1989654
1.1989643
1.1989632
1.1989623
1.1989613
1.1989605
1.1989597
1.198959
1.1989584
1.1989578
1.1989573
1.1989569
1.1989565
1.1989562
1.1989559
1.1989557
1.1989555
1.1989554
1.1989553
1.1989553
1.1989552
1.1989553
1.1989553
1.1989554
1.1989554
1.1989555
1.1989556
1.1989557
1.1989558
1.1989559
1.1989561
1.1989562
1.1989563
1.1989564
1.1989565
1.1989566
1.1989567
1.1989568
1.1989569
1.198957
1.1989571
1.1989571
1.1989572
1.1989573
1.1989573
1.1989574
1.1989574
1.1989575
1.1989575
1.1989576
1.1989576
1.1989577
1.1989577
1.1989578
1.1989578
1.1989578
1.1989579
1.1989579
1.1989579
1.198958
1.198958
1.198958
1.1989581
1.1989581
1.1989583
1.1989579
1.1989607
1.1989511
1.1989906
1.1989903
1.19899
1.1989897
1.1989893
1.1989889
1.1989884
1.1989878
1.1989872
1.1989865
1.1989857
1.1989849
1.198984
1.198983
1.198982
1.1989809
1.1989798
1.1989786
1.1989774
1.1989762
1.1989749
1.1989736
1.1989724
1.1989711
1.1989699
1.1989686
1.1989674
1.1989663
1.1989652
1.1989641
1.1989631
1.1989622
1.1989613
1.1989605
1.1989597
1.198959
1.1989584
1.1989579
1.1989574
1.1989569
1.1989566
1.1989563
1.198956
1.1989558
1.1989556
1.1989555
1.1989554
1.1989554
1.1989553
1.1989553
1.1989554
1.1989554
1.1989555
1.1989556
1.1989557
1.1989558
1.1989559
1.198956
1.1989561
1.1989562
1.1989563
1.1989564
1.1989565
1.1989566
1.1989567
1.1989568
1.1989569
1.198957
1.198957
1.1989571
1.1989572
1.1989572
1.1989573
1.1989574
1.1989574
1.1989575
1.1989575
1.1989576
1.1989576
1.1989576
1.1989577
1.1989577
1.1989577
1.1989578
1.1989578
1.1989579
1.1989579
1.1989579
1.198958
1.198958
1.198958
1.1989581
1.1989582
1.1989578
1.1989605
1.1989515
1.1989883
1.198988
1.1989878
1.1989875
1.1989872
1.1989868
1.1989863
1.1989858
1.1989852
1.1989846
1.1989839
1.1989832
1.1989823
1.1989815
1.1989805
1.1989796
1.1989785
1.1989775
1.1989764
1.1989752
1.1989741
1.1989729
1.1989717
1.1989705
1.1989693
1.1989682
1.1989671
1.198966
1.1989649
1.1989639
1.198963
1.1989621
1.1989612
1.1989604
1.1989597
1.198959
1.1989584
1.1989579
1.1989574
1.198957
1.1989566
1.1989563
1.1989561
1.1989559
1.1989557
1.1989556
1.1989555
1.1989554
1.1989554
1.1989554
1.1989555
1.1989555
1.1989556
1.1989556
1.1989557
1.1989558
1.1989559
1.198956
1.1989561
1.1989562
1.1989563
1.1989564
1.1989565
1.1989566
1.1989567
1.1989568
1.1989569
1.198957
1.198957
1.1989571
1.1989572
1.1989572
1.1989573
1.1989573
1.1989574
1.1989574
1.1989575
1.1989575
1.1989576
1.1989576
1.1989576
1.1989577
1.1989577
1.1989577
1.1989578
1.1989578
1.1989578
1.1989579
1.1989579
1.1989579
1.198958
1.198958
1.1989582
1.1989578
1.1989602
1.1989519
1.1989859
1.1989858
1.1989855
1.1989853
1.198985
1.1989846
1.1989842
1.1989837
1.1989832
1.1989827
1.1989821
1.1989814
1.1989807
1.1989799
1.198979
1.1989782
1.1989772
1.1989763
1.1989752
1.1989742
1.1989731
1.198972
1.198971
1.1989699
1.1989688
1.1989677
1.1989666
1.1989656
1.1989646
1.1989637
1.1989628
1.1989619
1.1989611
1.1989603
1.1989597
1.198959
1.1989584
1.1989579
1.1989575
1.1989571
1.1989567
1.1989564
1.1989562
1.198956
1.1989558
1.1989557
1.1989556
1.1989555
1.1989555
1.1989555
1.1989555
1.1989556
1.1989556
1.1989557
1.1989558
1.1989559
1.198956
1.1989561
1.1989562
1.1989563
1.1989564
1.1989564
1.1989565
1.1989566
1.1989567
1.1989568
1.1989569
1.1989569
1.198957
1.1989571
1.1989571
1.1989572
1.1989572
1.1989573
1.1989573
1.1989574
1.1989574
1.1989575
1.1989575
1.1989575
1.1989576
1.1989576
1.1989576
1.1989577
1.1989577
1.1989577
1.1989578
1.1989578
1.1989578
1.1989579
1.1989579
1.1989579
1.1989581
1.1989577
1.1989599
1.1989524
1.1989836
1.1989834
1.1989832
1.198983
1.1989827
1.1989824
1.1989821
1.1989817
1.1989812
1.1989807
1.1989802
1.1989796
1.1989789
1.1989782
1.1989775
1.1989767
1.1989758
1.198975
1.198974
1.1989731
1.1989721
1.1989711
1.1989701
1.1989691
1.1989681
1.1989671
1.1989661
1.1989652
1.1989643
1.1989634
1.1989625
1.1989617
1.1989609
1.1989602
1.1989596
1.198959
1.1989584
1.1989579
1.1989575
1.1989571
1.1989568
1.1989565
1.1989562
1.198956
1.1989559
1.1989558
1.1989557
1.1989556
1.1989556
1.1989556
1.1989556
1.1989556
1.1989557
1.1989558
1.1989558
1.1989559
1.198956
1.1989561
1.1989562
1.1989563
1.1989564
1.1989565
1.1989565
1.1989566
1.1989567
1.1989568
1.1989569
1.1989569
1.198957
1.198957
1.1989571
1.1989572
1.1989572
1.1989573
1.1989573
1.1989573
1.1989574
1.1989574
1.1989575
1.1989575
1.1989575
1.1989576
1.1989576
1.1989576
1.1989576
1.1989577
1.1989577
1.1989577
1.1989578
1.1989578
1.1989578
1.1989579
1.198958
1.1989577
1.1989596
1.1989528
1.1989813
1.1989811
1.1989809
1.1989807
1.1989805
1.1989802
1.1989799
1.1989795
1.1989791
1.1989787
1.1989782
1.1989777
1.1989771
1.1989765
1.1989758
1.1989751
1.1989744
1.1989736
1.1989728
1.1989719
1.198971
1.1989702
1.1989692
1.1989683
1.1989674
1.1989665
1.1989656
1.1989647
1.1989638
1.198963
1.1989622
1.1989615
1.1989607
1.1989601
1.1989595
1.1989589
1.1989584
1.1989579
1.1989575
1.1989571
1.1989568
1.1989565
1.1989563
1.1989561
1.198956
1.1989558
1.1989558
1.1989557
1.1989557
1.1989557
1.1989557
1.1989557
1.1989558
1.1989558
1.1989559
1.198956
1.198956
1.1989561
1.1989562
1.1989563
1.1989564
1.1989565
1.1989565
1.1989566
1.1989567
1.1989568
1.1989568
1.1989569
1.198957
1.198957
1.1989571
1.1989571
1.1989572
1.1989572
1.1989573
1.1989573
1.1989573
1.1989574
1.1989574
1.1989574
1.1989574
1.1989575
1.1989575
1.1989575
1.1989576
1.1989576
1.1989576
1.1989577
1.1989577
1.1989577
1.1989577
1.1989578
1.1989579
1.1989576
1.1989593
1.1989532
1.1989789
1.1989788
1.1989786
1.1989784
1.1989782
1.198978
1.1989777
1.1989774
1.198977
1.1989766
1.1989762
1.1989758
1.1989753
1.1989747
1.1989741
1.1989735
1.1989729
1.1989722
1.1989714
1.1989707
1.1989699
1.1989691
1.1989683
1.1989674
1.1989666
1.1989658
1.1989649
1.1989641
1.1989634
1.1989626
1.1989619
1.1989612
1.1989605
1.1989599
1.1989593
1.1989588
1.1989583
1.1989579
1.1989575
1.1989571
1.1989568
1.1989566
1.1989563
1.1989562
1.198956
1.1989559
1.1989558
1.1989558
1.1989558
1.1989557
1.1989558
1.1989558
1.1989558
1.1989559
1.1989559
1.198956
1.1989561
1.1989562
1.1989562
1.1989563
1.1989564
1.1989565
1.1989565
1.1989566
1.1989567
1.1989567
1.1989568
1.1989569
1.1989569
1.198957
1.198957
1.1989571
1.1989571
1.1989572
1.1989572
1.1989572
1.1989573
1.1989573
1.1989573
1.1989573
1.1989574
1.1989574
1.1989574
1.1989575
1.1989575
1.1989575
1.1989575
1.1989576
1.1989576
1.1989576
1.1989576
1.1989577
1.1989578
1.1989575
1.198959
1.1989536
1.1989765
1.1989764
1.1989762
1.1989761
1.1989759
1.1989757
1.1989754
1.1989752
1.1989749
1.1989745
1.1989742
1.1989738
1.1989733
1.1989729
1.1989724
1.1989718
1.1989712
1.1989706
1.19897
1.1989693
1.1989686
1.1989679
1.1989672
1.1989665
1.1989657
1.198965
1.1989642
1.1989635
1.1989628
1.1989621
1.1989614
1.1989608
1.1989602
1.1989596
1.1989591
1.1989586
1.1989582
1.1989578
1.1989574
1.1989571
1.1989568
1.1989566
1.1989564
1.1989562
1.1989561
1.198956
1.1989559
1.1989559
1.1989558
1.1989558
1.1989558
1.1989559
1.1989559
1.1989559
1.198956
1.1989561
1.1989561
1.1989562
1.1989563
1.1989563
1.1989564
1.1989565
1.1989565
1.1989566
1.1989567
1.1989567
1.1989568
1.1989568
1.1989569
1.1989569
1.198957
1.198957
1.1989571
1.1989571
1.1989571
1.1989572
1.1989572
1.1989572
1.1989572
1.1989573
1.1989573
1.1989573
1.1989573
1.1989574
1.1989574
1.1989574
1.1989574
1.1989575
1.1989575
1.1989575
1.1989575
1.1989576
1.1989577
1.1989575
1.1989587
1.1989539
1.198974
1.1989739
1.1989738
1.1989737
1.1989735
1.1989733
1.1989731
1.1989729
1.1989727
1.1989724
1.1989721
1.1989717
1.1989713
1.1989709
1.1989705
1.19897
1.1989695
1.198969
1.1989685
1.1989679
1.1989673
1.1989667
1.198966
1.1989654
1.1989647
1.1989641
1.1989634
1.1989628
1.1989622
1.1989616
1.198961
1.1989604
1.1989599
1.1989594
1.1989589
1.1989584
1.198958
1.1989577
1.1989574
1.1989571
1.1989568
1.1989566
1.1989564
1.1989563
1.1989561
1.198956
1.198956
1.1989559
1.1989559
1.1989559
1.1989559
1.1989559
1.198956
1.198956
1.198956
1.1989561
1.1989562
1.1989562
1.1989563
1.1989563
1.1989564
1.1989565
1.1989565
1.1989566
1.1989566
1.1989567
1.1989567
1.1989568
1.1989568
1.1989569
1.1989569
1.1989569
1.198957
1.198957
1.1989571
1.1989571
1.1989571
1.1989571
1.1989572
1.1989572
1.1989572
1.1989572
1.1989573
1.1989573
1.1989573
1.1989573
1.1989573
1.1989574
1.1989574
1.1989574
1.1989574
1.1989575
1.1989576
1.1989574
1.1989585
1.1989543
1.1989715
1.1989714
1.1989713
1.1989712
1.1989711
1.1989709
1.1989708
1.1989706
1.1989704
1.1989701
1.1989699
1.1989696
1.1989693
1.1989689
1.1989686
1.1989682
1.1989678
1.1989673
1.1989669
1.1989664
1.1989659
1.1989653
1.1989648
1.1989642
1.1989637
1.1989631
1.1989626
1.198962
1.1989615
1.1989609
1.1989604
1.1989599
1.1989595
1.198959
1.1989586
1.1989582
1.1989579
1.1989576
1.1989573
1.198957
1.1989568
1.1989566
1.1989564
1.1989563
1.1989562
1.1989561
1.198956
1.198956
1.198956
1.198956
1.198956
1.198956
1.198956
1.1989561
1.1989561
1.1989561
1.1989562
1.1989562
1.1989563
1.1989563
1.1989564
1.1989565
1.1989565
1.1989566
1.1989566
1.1989567
1.1989567
1.1989567
1.1989568
1.1989568
1.1989568
1.1989569
1.1989569
1.1989569
1.198957
1.198957
1.198957
1.198957
1.1989571
1.1989571
1.1989571
1.1989571
1.1989571
1.1989572
1.1989572
1.1989572
1.1989572
1.1989572
1.1989573
1.1989573
1.1989573
1.1989573
1.1989574
1.1989572
1.1989582
1.1989546
1.198969
1.1989689
1.1989688
1.1989687
1.1989686
1.1989685
1.1989684
1.1989682
1.198968
1.1989678
1.1989676
1.1989674
1.1989671
1.1989669
1.1989666
1.1989662
1.1989659
1.1989655
1.1989652
1.1989648
1.1989643
1.1989639
1.1989635
1.198963
1.1989625
1.1989621
1.1989616
1.1989612
1.1989607
1.1989603
1.1989598
1.1989594
1.198959
1.1989586
1.1989583
1.198958
1.1989577
1.1989574
1.1989571
1.1989569
1.1989567
1.1989566
1.1989564
1.1989563
1.1989562
1.1989562
1.1989561
1.1989561
1.198956
1.198956
1.198956
1.1989561
1.1989561
1.1989561
1.1989561
1.1989562
1.1989562
1.1989563
1.1989563
1.1989564
1.1989564
1.1989564
1.1989565
1.1989565
1.1989566
1.1989566
1.1989566
1.1989567
1.1989567
1.1989567
1.1989568
1.1989568
1.1989568
1.1989569
1.1989569
1.1989569
1.1989569
1.1989569
1.198957
1.198957
1.198957
1.198957
1.198957
1.198957
1.1989571
1.1989571
1.1989571
1.1989571
1.1989571
1.1989571
1.1989572
1.1989572
1.1989573
1.1989571
1.1989579
1.198955
1.1989663
1.1989663
1.1989662
1.1989661
1.1989661
1.198966
1.1989659
1.1989657
1.1989656
1.1989654
1.1989653
1.1989651
1.1989649
1.1989647
1.1989645
1.1989642
1.198964
1.1989637
1.1989634
1.1989631
1.1989627
1.1989624
1.198962
1.1989617
1.1989613
1.1989609
1.1989606
1.1989602
1.1989599
1.1989595
1.1989592
1.1989588
1.1989585
1.1989582
1.1989579
1.1989577
1.1989574
1.1989572
1.198957
1.1989568
1.1989567
1.1989565
1.1989564
1.1989563
1.1989563
1.1989562
1.1989562
1.1989561
1.1989561
1.1989561
1.1989561
1.1989561
1.1989561
1.1989562
1.1989562
1.1989562
1.1989562
1.1989563
1.1989563
1.1989564
1.1989564
1.1989564
1.1989565
1.1989565
1.1989565
1.1989566
1.1989566
1.1989566
1.1989566
1.1989567
1.1989567
1.1989567
1.1989567
1.1989568
1.1989568
1.1989568
1.1989568
1.1989568
1.1989568
1.1989569
1.1989569
1.1989569
1.1989569
1.1989569
1.1989569
1.1989569
1.198957
1.198957
1.198957
1.198957
1.198957
1.198957
1.1989571
1.198957
1.1989576
1.1989553
1.1989636
1.1989636
1.1989635
1.1989635
1.1989634
1.1989633
1.1989633
1.1989632
1.1989631
1.198963
1.1989629
1.1989627
1.1989626
1.1989624
1.1989623
1.1989621
1.1989619
1.1989617
1.1989615
1.1989613
1.198961
1.1989608
1.1989605
1.1989603
1.19896
1.1989597
1.1989595
1.1989592
1.1989589
1.1989587
1.1989584
1.1989582
1.1989579
1.1989577
1.1989575
1.1989573
1.1989571
1.198957
1.1989568
1.1989567
1.1989566
1.1989565
1.1989564
1.1989563
1.1989563
1.1989562
1.1989562
1.1989562
1.1989562
1.1989562
1.1989562
1.1989562
1.1989562
1.1989562
1.1989562
1.1989562
1.1989563
1.1989563
1.1989563
1.1989564
1.1989564
1.1989564
1.1989564
1.1989565
1.1989565
1.1989565
1.1989565
1.1989565
1.1989566
1.1989566
1.1989566
1.1989566
1.1989566
1.1989567
1.1989567
1.1989567
1.1989567
1.1989567
1.1989567
1.1989567
1.1989567
1.1989567
1.1989568
1.1989568
1.1989568
1.1989568
1.1989568
1.1989568
1.1989568
1.1989568
1.1989568
1.1989569
1.1989569
1.1989568
1.1989572
1.1989556
1.1989608
1.1989607
1.1989607
1.1989607
1.1989607
1.1989606
1.1989606
1.1989605
1.1989605
1.1989604
1.1989603
1.1989602
1.1989602
1.1989601
1.19896
1.1989599
1.1989597
1.1989596
1.1989595
1.1989594
1.1989592
1.1989591
1.1989589
1.1989587
1.1989586
1.1989584
1.1989583
1.1989581
1.1989579
1.1989578
1.1989576
1.1989575
1.1989573
1.1989572
1.1989571
1.1989569
1.1989568
1.1989567
1.1989566
1.1989566
1.1989565
1.1989564
1.1989564
1.1989563
1.1989563
1.1989563
1.1989563
1.1989562
1.1989562
1.1989562
1.1989562
1.1989562
1.1989562
1.1989563
1.1989563
1.1989563
1.1989563
1.1989563
1.1989563
1.1989563
1.1989564
1.1989564
1.1989564
1.1989564
1.1989564
1.1989564
1.1989565
1.1989565
1.1989565
1.1989565
1.1989565
1.1989565
1.1989565
1.1989565
1.1989565
1.1989566
1.1989566
1.1989566
1.1989566
1.1989566
1.1989566
1.1989566
1.1989566
1.1989566
1.1989566
1.1989566
1.1989566
1.1989566
1.1989567
1.1989567
1.1989567
1.1989567
1.1989567
1.1989567
1.1989569
1.1989559
1.1989578
1.1989578
1.1989578
1.1989578
1.1989578
1.1989577
1.1989577
1.1989577
1.1989577
1.1989577
1.1989577
1.1989576
1.1989576
1.1989576
1.1989575
1.1989575
1.1989575
1.1989574
1.1989574
1.1989573
1.1989573
1.1989572
1.1989572
1.1989571
1.1989571
1.198957
1.198957
1.1989569
1.1989568
1.1989568
1.1989567
1.1989567
1.1989566
1.1989566
1.1989566
1.1989565
1.1989565
1.1989564
1.1989564
1.1989564
1.1989564
1.1989563
1.1989563
1.1989563
1.1989563
1.1989563
1.1989563
1.1989563
1.1989563
1.1989563
1.1989563
1.1989563
1.1989563
1.1989563
1.1989563
1.1989563
1.1989563
1.1989563
1.1989563
1.1989563
1.1989563
1.1989563
1.1989563
1.1989564
1.1989564
1.1989564
1.1989564
1.1989564
1.1989564
1.1989564
1.1989564
1.1989564
1.1989564
1.1989564
1.1989564
1.1989564
1.1989564
1.1989564
1.1989564
1.1989564
1.1989564
1.1989564
1.1989565
1.1989565
1.1989565
1.1989565
1.1989565
1.1989565
1.1989565
1.1989565
1.1989565
1.1989565
1.1989565
1.1989565
1.1989566
1.1989563
)
;

boundaryField
{
    inlet
    {
        type            calculated;
        value           nonuniform List<scalar> 
80
(
1.1989662
1.1989662
1.1989662
1.1989662
1.1989662
1.1989662
1.1989662
1.1989662
1.1989662
1.1989662
1.1989662
1.1989662
1.1989662
1.1989662
1.1989662
1.1989662
1.1989662
1.1989662
1.1989662
1.1989662
1.1989662
1.1989662
1.1989662
1.1989662
1.1989662
1.1989662
1.1989662
1.1989662
1.1989662
1.1989661
1.1989661
1.1989661
1.1989661
1.1989661
1.1989661
1.1989661
1.1989661
1.1989661
1.1989661
1.1989661
1.198966
1.198966
1.198966
1.198966
1.198966
1.1989659
1.1989659
1.1989659
1.1989658
1.1989658
1.1989657
1.1989657
1.1989656
1.1989655
1.1989655
1.1989654
1.1989653
1.1989652
1.1989651
1.1989649
1.1989648
1.1989646
1.1989644
1.1989642
1.198964
1.1989638
1.1989635
1.1989632
1.1989629
1.1989626
1.1989622
1.1989617
1.1989613
1.1989608
1.1989602
1.1989596
1.198959
1.1989583
1.1989575
1.1989567
)
;
    }
    outlet
    {
        type            calculated;
        value           nonuniform List<scalar> 
80
(
1.1962205
1.1962221
1.1962237
1.1962254
1.1962273
1.1962293
1.1962315
1.1962339
1.1962365
1.1962394
1.1962424
1.1962457
1.1962492
1.196253
1.1962572
1.1962617
1.1962666
1.1962718
1.1962775
1.1962837
1.1962905
1.1962978
1.1963058
1.1963145
1.196324
1.1963343
1.1963457
1.1963582
1.196372
1.1963872
1.196404
1.1964227
1.1964436
1.1964669
1.1964933
1.1965232
1.1965575
1.196597
1.1966429
1.1966967
1.1967604
1.1968366
1.1969288
1.1970411
1.1971777
1.1973415
1.1975336
1.1977574
1.1980298
1.1983771
1.1987279
1.1989073
1.1989519
1.1989583
1.198959
1.198959
1.198959
1.1989589
1.1989589
1.1989589
1.1989588
1.1989588
1.1989587
1.1989587
1.1989586
1.1989585
1.1989584
1.1989584
1.1989583
1.1989582
1.1989581
1.1989579
1.1989578
1.1989577
1.1989575
1.1989573
1.1989571
1.198957
1.1989567
1.1989565
)
;
    }
    top
    {
        type            calculated;
        value           nonuniform List<scalar> 
110
(
1.1989563
1.1989562
1.1989561
1.198956
1.1989559
1.1989559
1.1989559
1.1989558
1.1989558
1.1989558
1.1989558
1.1989558
1.1989558
1.1989558
1.1989559
1.1989559
1.1989559
1.1989559
1.1989559
1.1989559
1.1989559
1.1989559
1.1989559
1.1989559
1.1989559
1.1989559
1.1989559
1.1989559
1.198956
1.198956
1.198956
1.198956
1.198956
1.198956
1.1989561
1.1989561
1.1989561
1.1989561
1.1989561
1.1989562
1.1989562
1.1989562
1.1989562
1.1989563
1.1989563
1.1989563
1.1989563
1.1989563
1.1989564
1.1989564
1.1989564
1.1989564
1.1989564
1.1989564
1.1989564
1.1989564
1.1989565
1.1989565
1.1989565
1.1989565
1.1989565
1.1989565
1.1989565
1.1989565
1.1989565
1.1989565
1.1989565
1.1989565
1.1989565
1.1989565
1.1989565
1.1989565
1.1989565
1.1989565
1.1989565
1.1989565
1.1989565
1.1989565
1.1989565
1.1989565
1.1989565
1.1989565
1.1989565
1.1989565
1.1989565
1.1989565
1.1989565
1.1989565
1.1989565
1.1989565
1.1989565
1.1989565
1.1989565
1.1989565
1.1989565
1.1989565
1.1989565
1.1989565
1.1989565
1.1989565
1.1989565
1.1989565
1.1989565
1.1989565
1.1989565
1.1989565
1.1989565
1.1989565
1.1989566
1.1989565
)
;
    }
    upstreamWall
    {
        type            symmetryPlane;
    }
    plate
    {
        type            calculated;
        value           nonuniform List<scalar> 
96
(
1.1985492
1.1970569
1.1959057
1.1953845
1.1953771
1.1955323
1.1957956
1.1959656
1.1960443
1.1960316
1.1960048
1.1959653
1.1959348
1.1959037
1.1958774
1.1958531
1.1958346
1.1958195
1.1958074
1.1957964
1.1957888
1.1957819
1.1957787
1.1957764
1.1957751
1.1957749
1.1957754
1.195777
1.1957797
1.1957828
1.1957867
1.1957905
1.1957955
1.1958005
1.1958064
1.1958119
1.1958183
1.1958246
1.1958316
1.1958383
1.1958456
1.1958529
1.1958605
1.1958679
1.1958757
1.1958835
1.1958914
1.1958994
1.1959075
1.1959156
1.1959237
1.1959319
1.19594
1.1959482
1.1959562
1.1959644
1.1959724
1.1959805
1.1959884
1.1959964
1.1960042
1.1960121
1.1960198
1.1960275
1.1960352
1.1960427
1.1960503
1.1960577
1.1960652
1.1960726
1.1960798
1.1960872
1.1960943
1.1961014
1.1961086
1.1961156
1.1961226
1.1961296
1.1961364
1.1961433
1.1961501
1.1961568
1.1961636
1.1961703
1.1961767
1.1961835
1.1961903
1.1961965
1.1962027
1.1962093
1.1962159
1.1962233
1.196229
1.196232
1.1962387
1.1962033
)
;
    }
    frontAndBack
    {
        type            empty;
    }
}


// ************************************************************************* //
