/*--------------------------------*- C++ -*----------------------------------*\
| =========                 |                                                 |
| \\      /  F ield         | OpenFOAM: The Open Source CFD Toolbox           |
|  \\    /   O peration     | Version:  2512                                  |
|   \\  /    A nd           | Website:  www.openfoam.com                      |
|    \\/     M anipulation  |                                                 |
\*---------------------------------------------------------------------------*/
FoamFile
{
    version     2.0;
    format      ascii;
    arch        "LSB;label=32;scalar=64";
    class       volScalarField;
    location    "0.0999872";
    object      T;
}
// * * * * * * * * * * * * * * * * * * * * * * * * * * * * * * * * * * * * * //

dimensions      [0 0 0 1 0 0 0];

internalField   nonuniform List<scalar> 
8800
(
294.44009
294.4405
294.44112
294.44213
294.44301
294.44439
294.44546
294.44715
294.44844
294.45073
294.45208
294.45779
294.44932
294.48828
294.44009
294.4405
294.44112
294.44213
294.44301
294.44439
294.44546
294.44715
294.44844
294.45067
294.4522
294.45553
294.4622
294.44945
294.44009
294.4405
294.44112
294.44213
294.44301
294.44439
294.44546
294.44714
294.44844
294.45057
294.45232
294.45486
294.46122
294.46208
294.44009
294.4405
294.44112
294.44213
294.44301
294.44439
294.44546
294.44714
294.44845
294.45047
294.45243
294.4547
294.45922
294.46382
294.44009
294.4405
294.44112
294.44213
294.44301
294.44439
294.44546
294.44714
294.44845
294.45041
294.45247
294.45466
294.45839
294.46347
294.44009
294.4405
294.44112
294.44213
294.44301
294.44439
294.44546
294.44714
294.44844
294.45039
294.45242
294.45475
294.45809
294.46285
294.44009
294.4405
294.44112
294.44213
294.44301
294.44439
294.44546
294.44713
294.44844
294.45041
294.45233
294.45481
294.45792
294.46234
294.44009
294.4405
294.44112
294.44213
294.44301
294.44439
294.44546
294.44713
294.44844
294.45043
294.45226
294.45482
294.45775
294.46189
294.44009
294.4405
294.44112
294.44213
294.44301
294.44439
294.44546
294.44713
294.44844
294.45044
294.45222
294.45481
294.45756
294.46144
294.44009
294.4405
294.44112
294.44213
294.44301
294.44439
294.44546
294.44713
294.44843
294.45044
294.45221
294.45479
294.45736
294.46099
294.44009
294.4405
294.44112
294.44213
294.44301
294.44439
294.44546
294.44712
294.44843
294.45043
294.45219
294.45477
294.45716
294.46054
294.44009
294.4405
294.44112
294.44213
294.44301
294.44439
294.44546
294.44712
294.44843
294.45042
294.45217
294.45474
294.45696
294.46009
294.44009
294.4405
294.44112
294.44213
294.44301
294.44439
294.44546
294.44712
294.44842
294.45041
294.45214
294.45469
294.45674
294.45964
294.44009
294.4405
294.44112
294.44213
294.44301
294.44439
294.44546
294.44712
294.44841
294.45041
294.45209
294.45463
294.45652
294.45919
294.44009
294.4405
294.44112
294.44213
294.44301
294.44439
294.44545
294.44711
294.4484
294.4504
294.45204
294.45457
294.45628
294.45874
294.44009
294.4405
294.44112
294.44213
294.44301
294.44439
294.44545
294.44711
294.44839
294.45039
294.45199
294.45448
294.45604
294.45829
294.44009
294.4405
294.44112
294.44213
294.44301
294.44439
294.44545
294.44711
294.44838
294.45038
294.45193
294.45438
294.45579
294.45784
294.44009
294.4405
294.44112
294.44213
294.44301
294.44438
294.44545
294.4471
294.44837
294.45036
294.45186
294.45427
294.45553
294.45739
294.44009
294.4405
294.44112
294.44213
294.44301
294.44438
294.44544
294.4471
294.44836
294.45034
294.45179
294.45411
294.4553
294.45695
294.44009
294.4405
294.44112
294.44213
294.44301
294.44438
294.44544
294.44709
294.44834
294.45031
294.45171
294.45391
294.45507
294.45651
294.44009
294.4405
294.44112
294.44213
294.443
294.44438
294.44543
294.44708
294.44832
294.45028
294.45163
294.4537
294.45484
294.45607
294.44009
294.4405
294.44112
294.44212
294.443
294.44437
294.44543
294.44707
294.4483
294.45023
294.45154
294.45348
294.4546
294.45564
294.44009
294.4405
294.44112
294.44212
294.443
294.44437
294.44542
294.44706
294.44827
294.45014
294.4515
294.45326
294.45435
294.45522
294.44009
294.4405
294.44113
294.4421
294.443
294.44436
294.44542
294.44703
294.44827
294.45003
294.45146
294.45304
294.45409
294.45481
294.44009
294.4405
294.44113
294.44206
294.44305
294.44429
294.44548
294.44694
294.44833
294.44991
294.4514
294.45281
294.45382
294.4544
294.44009
294.4405
294.44116
294.442
294.44312
294.44419
294.44558
294.44682
294.44838
294.44979
294.45132
294.45257
294.45353
294.45399
294.44009
294.4405
294.44118
294.44197
294.44317
294.44414
294.44563
294.44674
294.4484
294.44966
294.45122
294.45232
294.45324
294.45358
294.44009
294.4405
294.44119
294.44196
294.44318
294.44413
294.44563
294.44671
294.4484
294.44954
294.45111
294.45207
294.45293
294.45318
294.44009
294.4405
294.4412
294.44197
294.44318
294.44413
294.44562
294.44669
294.44839
294.44943
294.45098
294.45182
294.45263
294.45279
294.44009
294.4405
294.4412
294.44197
294.44318
294.44412
294.44561
294.44667
294.44835
294.44934
294.45085
294.45157
294.45233
294.45242
294.44009
294.4405
294.4412
294.44197
294.44318
294.44412
294.4456
294.44664
294.4483
294.44925
294.4507
294.45132
294.45202
294.45205
294.44009
294.4405
294.4412
294.44196
294.44317
294.44411
294.44559
294.44661
294.44824
294.44915
294.45052
294.45108
294.4517
294.45169
294.44009
294.4405
294.4412
294.44196
294.44317
294.4441
294.44557
294.44658
294.44817
294.44903
294.45035
294.4508
294.45139
294.45133
294.44009
294.44049
294.4412
294.44196
294.44316
294.44409
294.44555
294.44654
294.44804
294.44896
294.45009
294.45061
294.45103
294.45099
294.44009
294.44049
294.4412
294.44195
294.44316
294.44408
294.44551
294.4465
294.44791
294.44888
294.44986
294.45037
294.4507
294.45066
294.44009
294.44049
294.44118
294.44195
294.44314
294.44406
294.44543
294.44652
294.44779
294.44878
294.44965
294.45013
294.45038
294.45033
294.44009
294.44049
294.44115
294.44198
294.44306
294.44414
294.44534
294.44652
294.44768
294.44867
294.44942
294.44988
294.45007
294.45002
294.44009
294.44049
294.44111
294.44207
294.44296
294.44419
294.44526
294.44651
294.44755
294.44854
294.4492
294.44963
294.44976
294.4497
294.44009
294.44049
294.44111
294.44209
294.44293
294.44422
294.44518
294.44647
294.44743
294.44839
294.44896
294.44936
294.44945
294.4494
294.44009
294.44049
294.4411
294.4421
294.44292
294.44424
294.44512
294.44643
294.4473
294.44824
294.44873
294.4491
294.44915
294.4491
294.44009
294.44049
294.4411
294.44209
294.44291
294.44422
294.44508
294.44637
294.44717
294.44808
294.4485
294.44884
294.44885
294.44881
294.44009
294.44049
294.4411
294.44209
294.4429
294.4442
294.44504
294.44629
294.44706
294.4479
294.44828
294.44857
294.44857
294.44853
294.44009
294.44049
294.44109
294.44208
294.44289
294.44414
294.44502
294.44618
294.44696
294.4477
294.44806
294.4483
294.44829
294.44824
294.44009
294.44049
294.44109
294.44207
294.44287
294.44407
294.445
294.44607
294.44684
294.4475
294.44784
294.44803
294.44801
294.44799
294.44009
294.44048
294.44109
294.44202
294.44289
294.444
294.44498
294.44596
294.44672
294.4473
294.44762
294.44776
294.44774
294.44771
294.44009
294.44048
294.44111
294.44195
294.44292
294.44394
294.44494
294.44585
294.44659
294.4471
294.44739
294.4475
294.44748
294.44745
294.44009
294.44048
294.44115
294.44189
294.44293
294.44387
294.4449
294.44573
294.44644
294.44689
294.44716
294.44724
294.44721
294.44718
294.44009
294.44048
294.44116
294.44187
294.44293
294.44381
294.44484
294.4456
294.44629
294.44668
294.44693
294.44698
294.44696
294.44692
294.44009
294.44048
294.44116
294.44186
294.44293
294.44375
294.44478
294.44548
294.44614
294.44647
294.4467
294.44673
294.4467
294.44667
294.44009
294.44047
294.44116
294.44184
294.44292
294.44369
294.4447
294.44535
294.44597
294.44626
294.44647
294.44648
294.44646
294.44642
294.44009
294.44047
294.44115
294.44183
294.4429
294.44363
294.44462
294.44522
294.4458
294.44605
294.44623
294.44623
294.44621
294.44618
294.44009
294.44047
294.44114
294.44181
294.44284
294.4436
294.44451
294.4451
294.44562
294.44585
294.446
294.44599
294.44598
294.44594
294.44009
294.44046
294.44113
294.44179
294.44277
294.44356
294.4444
294.44497
294.44543
294.44564
294.44576
294.44575
294.44574
294.4457
294.44009
294.44046
294.44109
294.44179
294.44271
294.44351
294.44428
294.44484
294.44524
294.44543
294.44553
294.44552
294.4455
294.44547
294.44009
294.44046
294.44105
294.4418
294.44265
294.44345
294.44417
294.44469
294.44505
294.44523
294.4453
294.44529
294.44527
294.44523
294.44008
294.44045
294.44101
294.44179
294.44259
294.44339
294.44404
294.44455
294.44485
294.44502
294.44507
294.44506
294.44504
294.44501
294.44008
294.44045
294.44098
294.44178
294.44253
294.44332
294.44392
294.44439
294.44466
294.44481
294.44484
294.44483
294.44481
294.44478
294.44008
294.44044
294.44097
294.44176
294.44246
294.44324
294.44379
294.44423
294.44446
294.4446
294.44462
294.44461
294.44459
294.44456
294.44008
294.44044
294.44095
294.44174
294.4424
294.44315
294.44365
294.44407
294.44427
294.44439
294.4444
294.44439
294.44437
294.44434
294.44008
294.44043
294.44093
294.44171
294.44233
294.44306
294.44351
294.4439
294.44407
294.44418
294.44418
294.44417
294.44415
294.44412
294.44008
294.44042
294.44091
294.44166
294.44227
294.44295
294.44338
294.44373
294.44387
294.44396
294.44396
294.44395
294.44393
294.44391
294.44008
294.44041
294.44089
294.4416
294.44221
294.44283
294.44324
294.44355
294.44368
294.44375
294.44375
294.44374
294.44372
294.4437
294.44008
294.4404
294.44087
294.44154
294.44215
294.44271
294.4431
294.44337
294.44349
294.44354
294.44354
294.44353
294.44351
294.44349
294.44007
294.44039
294.44086
294.44148
294.44207
294.44259
294.44295
294.44318
294.44329
294.44334
294.44333
294.44332
294.4433
294.44328
294.44007
294.44037
294.44084
294.44142
294.44199
294.44246
294.4428
294.443
294.4431
294.44313
294.44312
294.44311
294.44309
294.44308
294.44007
294.44036
294.44082
294.44135
294.44191
294.44233
294.44264
294.44281
294.4429
294.44292
294.44292
294.44291
294.44289
294.44287
294.44007
294.44034
294.4408
294.44128
294.44181
294.4422
294.44249
294.44263
294.44271
294.44272
294.44272
294.4427
294.44269
294.44267
294.44006
294.44033
294.44077
294.44121
294.44171
294.44206
294.44232
294.44244
294.44251
294.44252
294.44251
294.4425
294.44249
294.44247
294.44006
294.44031
294.44073
294.44114
294.44161
294.44192
294.44216
294.44226
294.44232
294.44232
294.44231
294.4423
294.44229
294.44228
294.44006
294.44029
294.44068
294.44107
294.4415
294.44177
294.44198
294.44207
294.44212
294.44212
294.44212
294.44211
294.44209
294.44208
294.44005
294.44027
294.44063
294.44099
294.44138
294.44163
294.44181
294.44189
294.44193
294.44193
294.44192
294.44191
294.4419
294.44189
294.44005
294.44025
294.44057
294.44091
294.44125
294.44148
294.44163
294.4417
294.44173
294.44173
294.44172
294.44172
294.4417
294.4417
294.44004
294.44023
294.44052
294.44083
294.44112
294.44133
294.44145
294.44151
294.44154
294.44153
294.44153
294.44152
294.44151
294.4415
294.44004
294.4402
294.44046
294.44074
294.44099
294.44117
294.44127
294.44132
294.44134
294.44134
294.44133
294.44133
294.44132
294.44131
294.44003
294.44018
294.4404
294.44064
294.44085
294.441
294.44109
294.44113
294.44114
294.44114
294.44114
294.44113
294.44112
294.44112
294.44003
294.44015
294.44033
294.44054
294.44071
294.44084
294.4409
294.44094
294.44095
294.44094
294.44094
294.44093
294.44093
294.44092
294.44002
294.44012
294.44026
294.44043
294.44056
294.44066
294.44071
294.44074
294.44074
294.44074
294.44074
294.44074
294.44073
294.44073
294.44002
294.44009
294.44019
294.44032
294.44041
294.44048
294.44052
294.44054
294.44054
294.44054
294.44054
294.44053
294.44053
294.44053
294.44001
294.44005
294.44012
294.44019
294.44025
294.44029
294.44032
294.44033
294.44033
294.44033
294.44033
294.44032
294.44032
294.44032
294.44
294.44002
294.44004
294.44007
294.44009
294.4401
294.44011
294.44011
294.44011
294.44011
294.44011
294.44011
294.44011
294.44011
294.64017
294.99076
295.24324
295.3434
295.33089
295.29302
295.23564
295.19942
295.18096
295.1822
295.18617
295.19364
295.19932
295.20531
295.2102
295.21469
295.21795
295.22051
295.2224
295.22411
295.22505
295.22592
295.22598
295.22587
295.22559
295.22505
295.22439
295.22354
295.22244
295.22128
295.21996
295.21869
295.21717
295.21567
295.21399
295.21243
295.21068
295.20897
295.20712
295.20537
295.20348
295.20164
295.19973
295.19786
295.19593
295.19402
295.19209
295.19016
295.18821
295.18626
295.18432
295.18237
295.18044
295.1785
295.17658
295.17465
295.17274
295.17084
295.16895
295.16707
295.1652
295.16334
295.16151
295.15967
295.15785
295.15604
295.15423
295.15244
295.15066
295.14888
295.14714
295.14537
295.14364
295.14192
295.14018
295.1385
295.13679
295.1351
295.13345
295.13176
295.13011
295.1285
295.12683
295.12521
295.12365
295.12201
295.12035
295.11884
295.11734
295.1157
295.11408
295.11228
295.11099
295.11
295.11026
295.11339
294.36882
294.37592
294.44911
294.61769
294.81664
294.99384
295.09936
295.14926
295.16678
295.17816
295.18042
295.18462
295.18827
295.19366
295.1979
295.20209
295.20534
295.20832
295.21093
295.21323
295.2148
295.21627
295.21691
295.21743
295.21771
295.2177
295.21754
295.21712
295.21644
295.21566
295.21473
295.21378
295.21255
295.21134
295.20994
295.20864
295.2071
295.2056
295.20396
295.20239
295.20067
295.19899
295.19723
295.19551
295.19371
295.19193
295.19012
295.18829
295.18644
295.1846
295.18275
295.18088
295.17903
295.17717
295.17532
295.17345
295.17161
295.16977
295.16793
295.16611
295.1643
295.16248
295.16069
295.15889
295.15711
295.15534
295.15357
295.15182
295.15007
295.14831
295.1466
295.14486
295.14316
295.14146
295.13975
295.13809
295.1364
295.13473
295.1331
295.13143
295.12979
295.1282
295.12654
295.12493
295.12339
295.12176
295.12011
295.11861
295.11712
295.1155
295.11389
295.1121
295.11081
295.10976
295.11001
295.113
294.4547
294.42936
294.38355
294.38698
294.41999
294.49751
294.64941
294.82174
294.96458
295.05344
295.09712
295.12497
295.14096
295.15433
295.16362
295.17193
295.17838
295.18423
295.18935
295.19362
295.19702
295.20007
295.20207
295.20399
295.2054
295.20643
295.20718
295.20752
295.20761
295.20752
295.20721
295.2068
295.20605
295.20531
295.20434
295.20341
295.20221
295.20103
295.19969
295.1984
295.19693
295.19548
295.19394
295.19242
295.1908
295.1892
295.18754
295.18586
295.18416
295.18245
295.18072
295.17896
295.17722
295.17546
295.1737
295.17193
295.17017
295.16841
295.16665
295.16489
295.16314
295.16139
295.15966
295.15792
295.15619
295.15447
295.15274
295.15103
295.14932
295.1476
295.14593
295.14422
295.14255
295.14089
295.1392
295.13757
295.13591
295.13426
295.13266
295.13101
295.12939
295.12782
295.12618
295.12458
295.12306
295.12145
295.11981
295.11832
295.11686
295.11525
295.11365
295.11187
295.11059
295.1095
295.10974
295.11262
294.46281
294.45529
294.4417
294.42482
294.41353
294.4158
294.43459
294.4714
294.55892
294.68931
294.83336
294.95187
295.01921
295.06264
295.09091
295.11324
295.12912
295.1421
295.15282
295.1614
295.1686
295.17473
295.17935
295.1837
295.18705
295.18984
295.1921
295.19373
295.19507
295.19603
295.19666
295.19709
295.19709
295.19704
295.1967
295.19633
295.19562
295.19491
295.19399
295.1931
295.19197
295.19086
295.18962
295.18838
295.18701
295.18564
295.1842
295.18273
295.18121
295.17967
295.1781
295.17651
295.17491
295.17328
295.17165
295.16999
295.16834
295.16668
295.16502
295.16335
295.16169
295.16001
295.15836
295.15669
295.15502
295.15336
295.15169
295.15004
295.14838
295.14671
295.14509
295.14342
295.14179
295.14017
295.13852
295.13692
295.1353
295.13368
295.1321
295.13048
295.12889
295.12734
295.12573
295.12415
295.12265
295.12107
295.11945
295.11797
295.11652
295.11493
295.11335
295.11158
295.11032
295.10919
295.10942
295.11219
294.46318
294.45898
294.45142
294.44247
294.43535
294.43143
294.43197
294.43272
294.44315
294.45972
294.50942
294.60038
294.72891
294.85201
294.93825
294.9974
295.03744
295.06821
295.09169
295.10958
295.12448
295.13645
295.14587
295.15426
295.16077
295.16643
295.17107
295.17475
295.17795
295.18048
295.18252
295.18417
295.18525
295.18622
295.18672
295.18715
295.18711
295.18706
295.18672
295.18635
295.18569
295.18503
295.18418
295.18331
295.18227
295.18121
295.18005
295.17884
295.17756
295.17626
295.17489
295.17349
295.17207
295.17061
295.16914
295.16762
295.16612
295.16458
295.16304
295.16148
295.15992
295.15835
295.15678
295.1552
295.15361
295.15203
295.15043
295.14884
295.14725
295.14564
295.14407
295.14247
295.14089
295.13931
295.1377
295.13615
295.13456
295.13298
295.13144
295.12986
295.12829
295.12678
295.1252
295.12364
295.12216
295.12061
295.11901
295.11755
295.11613
295.11456
295.11299
295.11124
295.10999
295.10883
295.10906
295.11172
294.46272
294.45945
294.45325
294.44624
294.44163
294.43972
294.43968
294.43928
294.43954
294.4398
294.4452
294.45442
294.48736
294.54891
294.65263
294.76724
294.86343
294.93332
294.9844
295.02267
295.05348
295.07674
295.09538
295.11104
295.12309
295.13356
295.14204
295.14897
295.15499
295.15981
295.16391
295.1673
295.16994
295.17231
295.17397
295.1755
295.17639
295.17724
295.17764
295.17798
295.17793
295.17785
295.17752
295.17711
295.1765
295.17584
295.17503
295.17415
295.17318
295.17216
295.17105
295.16989
295.1687
295.16744
295.16616
295.16482
295.16348
295.1621
295.1607
295.15928
295.15785
295.15639
295.15494
295.15346
295.15197
295.15048
295.14896
295.14745
295.14594
295.1444
295.1429
295.14135
295.13983
295.13831
295.13675
295.13525
295.13371
295.13217
295.13067
295.12913
295.1276
295.12612
295.12458
295.12305
295.1216
295.12009
295.1185
295.11706
295.11567
295.11413
295.11258
295.11084
295.10962
295.10843
295.10865
295.11122
294.46221
294.45928
294.45362
294.44751
294.44345
294.44257
294.44286
294.44286
294.44257
294.44163
294.44162
294.44197
294.44553
294.45234
294.47452
294.51729
294.59956
294.70083
294.79823
294.87465
294.9342
294.97848
295.01503
295.04436
295.06663
295.08569
295.10069
295.11306
295.12359
295.132
295.13925
295.14524
295.15016
295.15447
295.15777
295.16079
295.16295
295.16499
295.16638
295.16767
295.16842
295.1691
295.16941
295.16962
295.16954
295.16939
295.16903
295.16856
295.16797
295.1673
295.16651
295.16564
295.16472
295.16371
295.16266
295.16155
295.16041
295.15921
295.15798
295.15673
295.15544
295.15413
295.1528
295.15144
295.15007
295.14868
295.14727
295.14585
295.14443
295.14297
295.14154
295.14007
295.13862
295.13716
295.13567
295.13422
295.13274
295.13125
295.1298
295.12831
295.12681
295.12538
295.12387
295.12238
295.12096
295.11948
295.11793
295.11652
295.11515
295.11363
295.11211
295.1104
295.1092
295.10798
295.10819
295.11067
294.46175
294.45898
294.45358
294.44805
294.44414
294.44377
294.44414
294.44446
294.44422
294.44352
294.44278
294.44201
294.44214
294.44255
294.44539
294.45068
294.46653
294.49806
294.56056
294.64884
294.74274
294.82256
294.88703
294.93843
294.97871
295.0129
295.03899
295.06076
295.07886
295.09326
295.10559
295.11563
295.12405
295.13123
295.13693
295.14208
295.14604
295.1497
295.15241
295.15495
295.15675
295.15843
295.15957
295.16057
295.16118
295.16167
295.16186
295.16192
295.1618
295.16156
295.16115
295.16065
295.16006
295.15936
295.15859
295.15773
295.15684
295.15586
295.15484
295.15378
295.15266
295.15152
295.15034
295.14913
295.14789
295.14663
295.14533
295.14402
295.1427
295.14134
295.14
295.13862
295.13724
295.13586
295.13444
295.13305
295.13163
295.1302
295.1288
295.12737
295.12592
295.12453
295.12308
295.12162
295.12024
295.1188
295.11728
295.1159
295.11457
295.11308
295.11159
295.1099
295.10872
295.10749
295.10769
295.11008
294.4613
294.45866
294.45347
294.44832
294.44446
294.44432
294.4447
294.44525
294.44507
294.44455
294.44378
294.4429
294.44238
294.44197
294.44217
294.44266
294.44501
294.44935
294.46117
294.48536
294.53189
294.60957
294.697
294.77868
294.84555
294.90178
294.94503
294.98261
295.01298
295.03728
295.05792
295.07442
295.08835
295.1
295.10942
295.11775
295.12434
295.13031
295.1349
295.13915
295.14239
295.14538
295.1476
295.14963
295.1511
295.15241
295.1533
295.15403
295.15449
295.15478
295.15486
295.15481
295.15462
295.15429
295.15386
295.15331
295.15271
295.15199
295.15122
295.15038
295.14948
295.14853
295.14753
295.14649
295.1454
295.14429
295.14312
295.14194
295.14074
295.13949
295.13826
295.13697
295.13568
295.13439
295.13304
295.13173
295.13039
295.12902
295.12769
295.12631
295.12492
295.12358
295.12218
295.12076
295.11943
295.11804
295.11656
295.1152
295.11391
295.11246
295.111
295.10933
295.10819
295.10694
295.10714
295.10944
294.46082
294.4584
294.45338
294.44848
294.44467
294.44458
294.44492
294.44563
294.44549
294.44512
294.44438
294.4436
294.44293
294.44234
294.44195
294.44177
294.44201
294.44257
294.44455
294.44827
294.45728
294.47602
294.51324
294.57781
294.65974
294.74143
294.80971
294.86827
294.91561
294.95519
294.9888
295.01541
295.03812
295.05674
295.07197
295.08514
295.09568
295.10507
295.11244
295.11915
295.12441
295.12919
295.1329
295.13629
295.13891
295.14127
295.14306
295.14463
295.14581
295.14678
295.14745
295.14795
295.14825
295.14837
295.14835
295.14819
295.14793
295.14752
295.14706
295.14648
295.14583
295.14511
295.14432
295.14347
295.14257
295.14162
295.14062
295.13959
295.13852
295.13739
295.13628
295.13511
295.13393
295.13273
295.13148
295.13025
295.12899
295.1277
295.12644
295.12513
295.1238
295.12252
295.12118
295.11981
295.11853
295.11719
295.11575
295.11443
295.11318
295.11177
295.11034
295.10871
295.1076
295.10633
295.10653
295.10874
294.46028
294.45841
294.45325
294.44857
294.44485
294.44471
294.44503
294.44577
294.44566
294.4454
294.4447
294.44404
294.44336
294.44279
294.44223
294.44183
294.44155
294.44154
294.44178
294.4424
294.44406
294.44734
294.45446
294.46916
294.50008
294.55319
294.63062
294.7102
294.77985
294.8394
294.88966
294.93056
294.96651
294.99547
295.01972
295.04027
295.05684
295.07136
295.08286
295.09317
295.10135
295.1087
295.11452
295.1198
295.12398
295.12773
295.13071
295.13336
295.13546
295.13728
295.1387
295.13988
295.14079
295.14147
295.14195
295.14224
295.14241
295.14238
295.14226
295.142
295.14164
295.1412
295.14066
295.14004
295.13935
295.1386
295.13778
295.13692
295.13601
295.13503
295.13406
295.13301
295.13195
295.13087
295.12972
295.12859
295.12743
295.12622
295.12504
295.12381
295.12254
295.12134
295.12006
295.11875
295.11752
295.11624
295.11484
295.11357
295.11237
295.111
295.10961
295.10801
295.10695
295.10567
295.10586
295.108
294.4597
294.45846
294.45312
294.44863
294.44505
294.4448
294.4451
294.4458
294.44571
294.44551
294.44486
294.44428
294.44363
294.44311
294.44253
294.44207
294.44165
294.44137
294.44122
294.44125
294.44152
294.44217
294.44366
294.44649
294.45252
294.4645
294.49003
294.53596
294.60632
294.68435
294.75495
294.8149
294.86689
294.90919
294.94643
294.9776
295.00317
295.02533
295.04302
295.05864
295.07108
295.08217
295.091
295.09894
295.1053
295.111
295.1156
295.11971
295.12302
295.12594
295.12832
295.13035
295.13201
295.13338
295.13448
295.13532
295.136
295.13642
295.13673
295.13686
295.13685
295.13673
295.13648
295.13613
295.13569
295.13518
295.13457
295.1339
295.13318
295.13237
295.13156
295.13066
295.12973
295.12878
295.12775
295.12674
295.12568
295.12456
295.12347
295.12234
295.12115
295.12002
295.11882
295.11757
295.1164
295.11519
295.11384
295.11262
295.11147
295.11015
295.1088
295.10725
295.10622
295.10494
295.10513
295.10719
294.45919
294.45817
294.4531
294.44873
294.44528
294.4449
294.44517
294.4458
294.44572
294.44554
294.44491
294.44439
294.44378
294.4433
294.44275
294.4423
294.44184
294.44148
294.44118
294.44097
294.4409
294.44098
294.44127
294.44193
294.44334
294.44582
294.45103
294.46124
294.48263
294.52334
294.58721
294.66395
294.73455
294.7948
294.84728
294.89128
294.9291
294.96188
294.98847
295.01186
295.03054
295.04707
295.06028
295.07203
295.08149
295.08991
295.09674
295.10284
295.10781
295.11222
295.11585
295.11899
295.12162
295.12385
295.12572
295.12724
295.12854
295.12952
295.13034
295.13092
295.13134
295.1316
295.1317
295.13168
295.13153
295.13129
295.13093
295.13049
295.12998
295.12937
295.12874
295.12801
295.12724
295.12644
295.12555
295.12466
295.12372
295.12272
295.12173
295.1207
295.1196
295.11855
295.11743
295.11625
295.11516
295.11402
295.11273
295.11156
295.11048
295.10921
295.1079
295.1064
295.10542
295.10414
295.10433
295.10631
294.45874
294.45777
294.45305
294.44882
294.44552
294.44501
294.44524
294.4458
294.44571
294.44553
294.44493
294.44443
294.44385
294.4434
294.44288
294.44245
294.44201
294.44163
294.44128
294.44099
294.44077
294.44062
294.44062
294.44073
294.44104
294.4417
294.44299
294.44536
294.44979
294.45913
294.47714
294.51417
294.57298
294.64813
294.71814
294.77875
294.83115
294.87624
294.9143
294.94822
294.97557
294.99991
295.01938
295.03663
295.05052
295.0628
295.07278
295.08164
295.08889
295.0953
295.10063
295.10526
295.10917
295.11252
295.11537
295.11776
295.11983
295.12149
295.12293
295.12407
295.12499
295.1257
295.12622
295.12659
295.12678
295.12686
295.1268
295.12663
295.12637
295.12599
295.12557
295.12504
295.12445
295.12381
295.12308
295.12234
295.12154
295.12066
295.11979
295.11887
295.11787
295.11692
295.1159
295.1148
295.11378
295.11272
295.11151
295.1104
295.10938
295.10817
295.10692
295.10546
295.10454
295.10327
295.10346
295.10537
294.4583
294.45736
294.45297
294.44889
294.44575
294.44512
294.44532
294.44579
294.4457
294.44552
294.44493
294.44444
294.44388
294.44344
294.44294
294.44253
294.4421
294.44175
294.44139
294.44108
294.4408
294.44057
294.44042
294.44034
294.44036
294.44049
294.44082
294.44154
294.44266
294.445
294.44895
294.45741
294.47358
294.50749
294.56306
294.63576
294.70536
294.76612
294.81814
294.86387
294.90185
294.93651
294.96442
294.98942
295.00956
295.02734
295.04178
295.05451
295.06494
295.07412
295.08174
295.08838
295.094
295.09884
295.10298
295.1065
295.10955
295.11208
295.11429
295.1161
295.11764
295.11891
295.11993
295.12075
295.12136
295.12181
295.1221
295.12224
295.12228
295.12216
295.12199
295.12169
295.12131
295.12087
295.12032
295.11974
295.1191
295.11836
295.11763
295.11683
295.11595
295.11511
295.11419
295.11319
295.11226
295.11129
295.11015
295.10911
295.10816
295.10703
295.10583
295.10443
295.10357
295.10231
295.10251
295.10434
294.45786
294.45694
294.45289
294.44895
294.44597
294.44523
294.44539
294.44579
294.44569
294.4455
294.44493
294.44445
294.44389
294.44346
294.44297
294.44257
294.44216
294.44182
294.44147
294.44116
294.44087
294.44062
294.4404
294.44024
294.44011
294.44008
294.44012
294.44029
294.44063
294.44136
294.44243
294.44465
294.44833
294.45616
294.47127
294.50292
294.55618
294.62697
294.69603
294.75663
294.80799
294.85388
294.89169
294.92669
294.95499
294.98041
295.00104
295.01923
295.0341
295.04714
295.05793
295.06732
295.07524
295.08207
295.08793
295.09293
295.09728
295.10092
295.10413
295.10679
295.1091
295.11104
295.11267
295.11404
295.11514
295.11605
295.11674
295.11726
295.11764
295.11783
295.11795
295.11791
295.11777
295.11756
295.11722
295.11683
295.11637
295.1158
295.11521
295.11457
295.11381
295.1131
295.1123
295.1114
295.11057
295.1097
295.10865
295.10769
295.10682
295.10576
295.10462
295.10329
295.1025
295.10126
295.10146
295.10323
294.45742
294.45653
294.4528
294.449
294.44618
294.44533
294.44546
294.44578
294.44568
294.44548
294.44493
294.44444
294.4439
294.44346
294.44298
294.44259
294.44218
294.44185
294.44151
294.44122
294.44093
294.44068
294.44044
294.44025
294.44007
294.43995
294.43985
294.43986
294.43991
294.44011
294.44045
294.44119
294.44223
294.44438
294.44789
294.45533
294.46981
294.50001
294.55205
294.62144
294.68987
294.74989
294.80047
294.84612
294.88365
294.91869
294.94724
294.97287
294.99382
295.01223
295.02742
295.04062
295.05169
295.06123
295.06939
295.07635
295.08241
295.08751
295.09201
295.09578
295.09907
295.10186
295.10424
295.10629
295.10797
295.10943
295.11061
295.11157
295.11236
295.11292
295.11338
295.11365
295.11379
295.11384
295.11373
295.11357
295.11331
295.11293
295.11252
295.11204
295.11144
295.11086
295.1102
295.10942
295.1087
295.10794
295.10699
295.10611
295.10534
295.10437
295.1033
295.10203
295.10132
295.10011
295.10032
295.10203
294.45698
294.45612
294.45269
294.44904
294.44639
294.44544
294.44553
294.44577
294.44567
294.44546
294.44492
294.44444
294.4439
294.44347
294.44299
294.4426
294.4422
294.44187
294.44153
294.44125
294.44096
294.44072
294.44048
294.44028
294.44009
294.43993
294.43978
294.43969
294.43964
294.43966
294.43973
294.43995
294.4403
294.44104
294.44206
294.44416
294.4476
294.45478
294.46913
294.49858
294.55041
294.61888
294.68651
294.7456
294.79529
294.84038
294.87765
294.91245
294.94105
294.96668
294.9878
295.00626
295.02165
295.03493
295.04621
295.05582
295.06415
295.07118
295.07736
295.08257
295.08713
295.09101
295.09436
295.09726
295.09968
295.10181
295.10357
295.10506
295.10633
295.10732
295.10819
295.10882
295.10929
295.10964
295.10982
295.1099
295.10989
295.10972
295.10951
295.10922
295.10879
295.10837
295.10787
295.10722
295.10663
295.106
295.10516
295.10438
295.1037
295.10283
295.10184
295.10065
295.10002
295.09886
295.09907
295.10073
294.45655
294.4557
294.45258
294.44908
294.44659
294.44554
294.44559
294.44576
294.44566
294.44544
294.44491
294.44443
294.44391
294.44347
294.443
294.44261
294.44221
294.44188
294.44155
294.44126
294.44098
294.44074
294.44051
294.44031
294.44012
294.43994
294.43979
294.43965
294.43955
294.43947
294.43945
294.43948
294.43957
294.43982
294.44017
294.4409
294.44197
294.44396
294.44752
294.45452
294.4691
294.49861
294.55102
294.61895
294.68555
294.74346
294.79221
294.83653
294.87338
294.90778
294.93624
294.96168
294.98288
295.00125
295.01678
295.03002
295.04141
295.05104
295.05944
295.06654
295.07275
295.07805
295.08263
295.08661
295.08998
295.09294
295.09543
295.09757
295.09942
295.10094
295.10227
295.10333
295.10418
295.1049
295.1054
295.10578
295.10604
295.10613
295.10615
295.10608
295.10583
295.1056
295.10527
295.10477
295.10433
295.10384
295.10312
295.10245
295.10189
295.10113
295.10023
295.09913
295.09859
295.09748
295.09771
295.09932
294.45612
294.4553
294.45245
294.44911
294.44677
294.44564
294.44566
294.44575
294.44566
294.44542
294.44491
294.44443
294.44391
294.44347
294.44301
294.44262
294.44222
294.44189
294.44156
294.44128
294.441
294.44076
294.44053
294.44033
294.44014
294.43996
294.43981
294.43966
294.43954
294.43943
294.43935
294.43929
294.43929
294.43933
294.43944
294.43968
294.44008
294.44076
294.44191
294.44388
294.44751
294.45467
294.46968
294.50006
294.55369
294.62136
294.68657
294.7432
294.79092
294.83434
294.87063
294.90444
294.93274
294.95781
294.979
294.99714
295.0127
295.02582
295.03722
295.04684
295.05522
295.06236
295.06855
295.07392
295.07849
295.08251
295.08592
295.08889
295.09146
295.0936
295.0955
295.09707
295.09839
295.09952
295.1004
295.10113
295.10171
295.10208
295.10237
295.10255
295.10253
295.10251
295.10238
295.10206
295.10177
295.10145
295.10087
295.10033
295.0999
295.09925
295.09846
295.09745
295.09702
295.09597
295.09621
295.09779
294.4557
294.4549
294.4523
294.44915
294.44693
294.44576
294.44572
294.44575
294.44565
294.4454
294.4449
294.44442
294.44392
294.44348
294.44302
294.44263
294.44223
294.4419
294.44157
294.44129
294.44101
294.44077
294.44054
294.44034
294.44015
294.43998
294.43982
294.43967
294.43955
294.43943
294.43933
294.43924
294.43918
294.43915
294.43916
294.43921
294.43933
294.43958
294.44
294.4407
294.44185
294.44389
294.44763
294.45512
294.4709
294.50295
294.55827
294.62572
294.6894
294.74459
294.7912
294.83352
294.86934
294.90235
294.93043
294.95496
294.976
294.99384
295.00928
295.02228
295.03357
295.04316
295.05144
295.05861
295.06473
295.07011
295.0747
295.07869
295.08217
295.08511
295.08771
295.0899
295.09177
295.0934
295.09473
295.09586
295.09683
295.09753
295.09813
295.0986
295.09884
295.09905
295.09915
295.09903
295.09893
295.09879
295.09838
295.09798
295.09769
295.09718
295.0965
295.09561
295.09528
295.09431
295.09458
295.09613
294.45529
294.45453
294.45213
294.44919
294.44706
294.44591
294.44576
294.44575
294.44565
294.44538
294.44489
294.44442
294.44392
294.44348
294.44303
294.44263
294.44225
294.44191
294.44158
294.4413
294.44102
294.44078
294.44056
294.44035
294.44016
294.43999
294.43983
294.43969
294.43956
294.43944
294.43933
294.43923
294.43915
294.43909
294.43904
294.43903
294.43904
294.4391
294.43924
294.43951
294.43993
294.44067
294.44184
294.44398
294.44788
294.45591
294.47287
294.50725
294.5647
294.6318
294.69387
294.74739
294.7929
294.83394
294.86932
294.90135
294.92908
294.953
294.97376
294.99127
295.00647
295.01931
295.0304
295.03994
295.04808
295.05521
295.0613
295.06661
295.07123
295.07517
295.07865
295.08162
295.08416
295.08641
295.08827
295.08989
295.09129
295.09239
295.09335
295.09416
295.09469
295.09518
295.09554
295.09565
295.09577
295.09583
295.09561
295.09536
295.09524
295.09488
295.09434
295.09356
295.09337
295.09249
295.09278
295.09433
294.45488
294.45417
294.45195
294.44923
294.44718
294.44605
294.44582
294.44577
294.44567
294.44536
294.44488
294.44441
294.44392
294.44348
294.44304
294.44264
294.44226
294.44192
294.4416
294.44131
294.44103
294.44079
294.44057
294.44036
294.44017
294.44
294.43984
294.4397
294.43957
294.43945
294.43934
294.43924
294.43915
294.43908
294.43901
294.43896
294.43893
294.43893
294.43896
294.43903
294.43918
294.43947
294.43989
294.44066
294.44187
294.44413
294.44831
294.45708
294.47569
294.51308
294.5729
294.63942
294.6996
294.75132
294.79582
294.8354
294.87028
294.90128
294.92853
294.95183
294.97215
294.98934
295.00416
295.01685
295.02768
295.0371
295.04514
295.05213
295.05821
295.06342
295.06801
295.07194
295.07533
295.07834
295.08086
295.08306
295.085
295.08656
295.08795
295.08915
295.09003
295.09084
295.0915
295.09187
295.09223
295.09254
295.09252
295.09247
295.09252
295.09234
295.09195
295.09131
295.09127
295.09048
295.09081
295.09236
294.45448
294.45381
294.45176
294.44926
294.44729
294.44619
294.44587
294.4458
294.44566
294.44534
294.44488
294.44441
294.44393
294.44349
294.44305
294.44265
294.44227
294.44193
294.44161
294.44132
294.44105
294.4408
294.44058
294.44037
294.44018
294.44001
294.43985
294.43971
294.43958
294.43946
294.43935
294.43925
294.43916
294.43908
294.43901
294.43895
294.4389
294.43886
294.43885
294.43886
294.4389
294.43899
294.43914
294.43944
294.43987
294.44067
294.44195
294.44436
294.44896
294.45869
294.47948
294.52066
294.5827
294.64822
294.70649
294.75616
294.79967
294.83776
294.87205
294.90203
294.92866
294.95136
294.9711
294.98795
295.00234
295.0148
295.02541
295.0346
295.04256
295.04939
295.05538
295.06053
295.06499
295.06893
295.07228
295.07521
295.07779
295.07992
295.08181
295.08347
295.08476
295.08595
295.08696
295.08764
295.08828
295.08886
295.08908
295.08924
295.08951
295.08951
295.08929
295.08882
295.08894
295.08826
295.08865
295.09021
294.45408
294.45346
294.45157
294.44928
294.44738
294.44631
294.44592
294.44583
294.44565
294.44533
294.44487
294.44441
294.44393
294.4435
294.44306
294.44266
294.44228
294.44195
294.44162
294.44133
294.44106
294.44081
294.44059
294.44038
294.44019
294.44002
294.43986
294.43972
294.43958
294.43946
294.43935
294.43925
294.43916
294.43908
294.43901
294.43895
294.43889
294.43885
294.43882
294.4388
294.4388
294.43882
294.43886
294.43896
294.43912
294.43942
294.43988
294.4407
294.44209
294.44469
294.44985
294.46086
294.48451
294.52997
294.59396
294.65785
294.71422
294.76183
294.80426
294.84093
294.87446
294.90351
294.92933
294.95147
294.97052
294.98699
295.00101
295.0131
295.02353
295.03245
295.04025
295.04696
295.05276
295.05788
295.06226
295.06608
295.06947
295.07229
295.0748
295.07702
295.07879
295.08042
295.08184
295.08288
295.08385
295.08475
295.08523
295.08564
295.08616
295.08638
295.08635
295.08605
295.08638
295.08581
295.08626
295.08787
294.45369
294.4531
294.45137
294.44926
294.44747
294.44642
294.44598
294.44584
294.44564
294.44531
294.44486
294.4444
294.44394
294.4435
294.44307
294.44267
294.4423
294.44196
294.44164
294.44134
294.44107
294.44083
294.4406
294.44039
294.4402
294.44003
294.43987
294.43972
294.43959
294.43947
294.43936
294.43926
294.43917
294.43909
294.43902
294.43895
294.4389
294.43885
294.43881
294.43878
294.43876
294.43876
294.43877
294.43879
294.43884
294.43895
294.43912
294.43941
294.43991
294.44076
294.4423
294.44514
294.45103
294.46368
294.49094
294.54125
294.60642
294.66827
294.72262
294.76826
294.80942
294.84482
294.87739
294.9056
294.93047
294.95204
294.97049
294.98641
295.00008
295.01177
295.02191
295.03063
295.03815
295.04476
295.05043
295.05538
295.05976
295.06345
295.06673
295.06963
295.07199
295.07415
295.07605
295.07751
295.07886
295.08012
295.08092
295.08162
295.08242
295.08288
295.08308
295.08298
295.08354
295.0831
295.08363
295.08531
294.4533
294.45274
294.45116
294.44923
294.44755
294.44651
294.44604
294.44585
294.44563
294.44529
294.44485
294.44439
294.44393
294.4435
294.44308
294.44268
294.44231
294.44197
294.44165
294.44136
294.44108
294.44084
294.44061
294.4404
294.44021
294.44004
294.43988
294.43973
294.4396
294.43948
294.43937
294.43927
294.43918
294.43909
294.43902
294.43896
294.4389
294.43885
294.43881
294.43878
294.43876
294.43874
294.43873
294.43874
294.43875
294.43878
294.43884
294.43894
294.43913
294.43943
294.43997
294.44087
294.44254
294.44576
294.45259
294.46742
294.49926
294.55432
294.6198
294.67939
294.7315
294.77541
294.81501
294.84934
294.88071
294.90821
294.93217
294.95298
294.97087
294.98619
294.99941
295.01075
295.02051
295.02903
295.03636
295.04272
295.04834
295.05311
295.05733
295.06108
295.06417
295.06698
295.06946
295.07142
295.07322
295.07492
295.07609
295.07711
295.07823
295.07898
295.07944
295.07955
295.0804
295.08008
295.08073
295.08251
294.45292
294.45238
294.45095
294.44919
294.44761
294.44659
294.44608
294.44585
294.44561
294.44527
294.44483
294.44438
294.44393
294.4435
294.44308
294.44269
294.44232
294.44198
294.44166
294.44137
294.44109
294.44085
294.44062
294.44041
294.44022
294.44005
294.43989
294.43974
294.43961
294.43948
294.43937
294.43927
294.43918
294.4391
294.43903
294.43896
294.4389
294.43886
294.43881
294.43878
294.43876
294.43874
294.43873
294.43872
294.43872
294.43873
294.43875
294.43878
294.43885
294.43896
294.43916
294.43948
294.44003
294.44101
294.44287
294.4466
294.45468
294.4723
294.50978
294.569
294.6338
294.6912
294.74068
294.78313
294.8209
294.85449
294.88459
294.91117
294.93429
294.95427
294.97149
294.98627
294.99896
295.00997
295.01943
295.0276
295.03479
295.04092
295.04631
295.0511
295.0551
295.0587
295.0619
295.06448
295.06683
295.06903
295.07063
295.07204
295.07353
295.07462
295.07537
295.07572
295.07691
295.07674
295.07753
295.07942
294.45254
294.45203
294.45074
294.44913
294.44766
294.44666
294.44613
294.44586
294.44559
294.44525
294.44482
294.44437
294.44393
294.4435
294.44309
294.44269
294.44232
294.44199
294.44167
294.44138
294.4411
294.44086
294.44063
294.44042
294.44023
294.44006
294.43989
294.43975
294.43961
294.43949
294.43938
294.43928
294.43919
294.4391
294.43903
294.43897
294.43891
294.43886
294.43882
294.43878
294.43876
294.43874
294.43873
294.43872
294.43871
294.43871
294.43872
294.43873
294.43876
294.4388
294.43888
294.43899
294.43918
294.43952
294.44011
294.4412
294.44331
294.44771
294.45745
294.47857
294.52261
294.58522
294.64813
294.70346
294.75004
294.79118
294.82724
294.85992
294.88886
294.91443
294.93661
294.95581
294.97231
294.98658
294.99881
295.00934
295.01855
295.0264
295.03328
295.03937
295.04449
295.04907
295.05315
295.05649
295.05951
295.06232
295.06445
295.06632
295.06824
295.06971
295.07082
295.07144
295.07302
295.07301
295.07398
295.07603
294.45218
294.4517
294.45053
294.44906
294.44769
294.44673
294.44618
294.44587
294.44558
294.44523
294.44481
294.44437
294.44393
294.4435
294.44309
294.4427
294.44234
294.442
294.44168
294.44139
294.44112
294.44087
294.44064
294.44043
294.44024
294.44006
294.4399
294.43976
294.43962
294.4395
294.43939
294.43928
294.43919
294.43911
294.43904
294.43897
294.43891
294.43886
294.43882
294.43879
294.43876
294.43874
294.43873
294.43872
294.43871
294.43871
294.43871
294.43872
294.43873
294.43876
294.43879
294.43884
294.43891
294.43902
294.43922
294.43957
294.44023
294.44143
294.44391
294.44917
294.46108
294.48726
294.53767
294.60235
294.6626
294.71545
294.75967
294.79932
294.83397
294.86554
294.89329
294.91786
294.93913
294.95758
294.97343
294.98702
294.99885
295.00893
295.0177
295.02545
295.03197
295.03778
295.04294
295.04722
295.05106
295.05462
295.05739
295.05982
295.06225
295.06419
295.0657
295.06664
295.06866
295.06885
295.07005
295.07228
294.45183
294.45137
294.45032
294.44898
294.44772
294.44678
294.44622
294.44588
294.44557
294.44521
294.4448
294.44436
294.44393
294.44351
294.4431
294.44271
294.44235
294.44201
294.44169
294.4414
294.44113
294.44088
294.44065
294.44045
294.44025
294.44008
294.43991
294.43976
294.43963
294.43951
294.43939
294.43929
294.4392
294.43912
294.43904
294.43898
294.43892
294.43887
294.43883
294.43879
294.43877
294.43875
294.43873
294.43872
294.43871
294.43871
294.43871
294.43872
294.43873
294.43874
294.43877
294.43879
294.43883
294.43886
294.43894
294.43906
294.43928
294.43964
294.44036
294.44174
294.44469
294.45118
294.46595
294.49849
294.55499
294.61973
294.67717
294.72726
294.76964
294.80752
294.84081
294.87124
294.89798
294.92152
294.94192
294.95944
294.97468
294.98765
294.99889
295.00875
295.01707
295.02442
295.03094
295.03638
295.04122
295.04569
295.04926
295.05237
295.05544
295.05792
295.05992
295.06124
295.06375
295.06419
295.06568
295.06813
294.45154
294.45105
294.4501
294.44889
294.44772
294.44682
294.44625
294.44588
294.44556
294.4452
294.44478
294.44435
294.44392
294.44351
294.44311
294.44272
294.44236
294.44202
294.44171
294.44142
294.44115
294.4409
294.44067
294.44046
294.44027
294.44009
294.43992
294.43978
294.43964
294.43952
294.4394
294.4393
294.43921
294.43912
294.43905
294.43898
294.43892
294.43887
294.43883
294.4388
294.43877
294.43875
294.43874
294.43873
294.43872
294.43872
294.43872
294.43872
294.43873
294.43874
294.43876
294.43878
294.4388
294.43882
294.43886
294.43891
294.43899
294.4391
294.43932
294.43973
294.44052
294.44217
294.44575
294.45393
294.47252
294.51276
294.57368
294.63699
294.69196
294.73891
294.77963
294.81573
294.84804
294.87716
294.90287
294.9252
294.94476
294.96147
294.97589
294.9885
294.99913
295.00846
295.01669
295.02359
295.02969
295.03529
295.03982
295.04378
295.0476
295.05076
295.05335
295.05514
295.05822
295.05896
295.0608
295.06352
294.45126
294.4507
294.44987
294.44879
294.44771
294.44685
294.44627
294.44588
294.44554
294.44518
294.44477
294.44434
294.44392
294.44351
294.44311
294.44273
294.44237
294.44204
294.44172
294.44143
294.44116
294.44091
294.44068
294.44047
294.44028
294.4401
294.43994
294.43979
294.43965
294.43953
294.43941
294.43931
294.43921
294.43913
294.43906
294.43899
294.43893
294.43888
294.43884
294.4388
294.43878
294.43876
294.43874
294.43873
294.43872
294.43872
294.43872
294.43872
294.43873
294.43875
294.43877
294.43878
294.4388
294.43881
294.43884
294.43887
294.4389
294.43895
294.43902
294.43915
294.43938
294.43982
294.44075
294.44275
294.44721
294.4577
294.48104
294.52985
294.59358
294.65388
294.70653
294.75053
294.78961
294.82409
294.85538
294.88301
294.90772
294.92903
294.94752
294.96366
294.97729
294.98917
294.9996
295.00836
295.01606
295.02305
295.02879
295.03377
295.03852
295.0425
295.04582
295.04819
295.05194
295.05305
295.05533
295.05837
294.45091
294.45041
294.44966
294.44868
294.44768
294.44687
294.44629
294.44588
294.44553
294.44516
294.44475
294.44433
294.44392
294.44351
294.44312
294.44274
294.44238
294.44205
294.44174
294.44145
294.44118
294.44093
294.4407
294.44049
294.44029
294.44011
294.43995
294.4398
294.43966
294.43954
294.43942
294.43932
294.43922
294.43914
294.43906
294.439
294.43894
294.43889
294.43884
294.43881
294.43878
294.43876
294.43875
294.43874
294.43873
294.43872
294.43872
294.43873
294.43874
294.43875
294.43877
294.43878
294.4388
294.43881
294.43884
294.43886
294.43888
294.43891
294.43894
294.43899
294.43906
294.43919
294.43944
294.43996
294.44106
294.44354
294.44919
294.46274
294.49326
294.54917
294.61363
294.67066
294.72027
294.76213
294.79948
294.83233
294.86255
294.88905
294.91243
294.93297
294.95042
294.9656
294.97886
294.99003
294.99977
295.00852
295.01578
295.02205
295.02794
295.03292
295.03713
295.0402
295.04474
295.04634
295.04916
295.05261
294.45055
294.45013
294.44943
294.44855
294.44764
294.44687
294.4463
294.44588
294.44551
294.44514
294.44474
294.44432
294.44391
294.44351
294.44312
294.44275
294.4424
294.44206
294.44175
294.44146
294.44119
294.44094
294.44071
294.4405
294.44031
294.44013
294.43996
294.43981
294.43968
294.43955
294.43943
294.43933
294.43923
294.43915
294.43907
294.439
294.43895
294.43889
294.43885
294.43882
294.43879
294.43877
294.43875
294.43874
294.43873
294.43873
294.43873
294.43873
294.43874
294.43875
294.43877
294.43879
294.4388
294.43881
294.43884
294.43886
294.43888
294.4389
294.43892
294.43895
294.43898
294.43903
294.4391
294.43924
294.43952
294.44013
294.44148
294.44459
294.45203
294.46978
294.50916
294.57021
294.63311
294.68721
294.73356
294.7735
294.80913
294.84087
294.86953
294.89515
294.91723
294.93656
294.95344
294.96771
294.98008
294.99109
295.00029
295.00818
295.0155
295.02172
295.02702
295.03096
295.03645
295.03866
295.04214
295.04612
294.45023
294.44984
294.44922
294.44842
294.44759
294.44687
294.4463
294.44587
294.4455
294.44512
294.44472
294.44432
294.44391
294.44352
294.44313
294.44276
294.44241
294.44208
294.44177
294.44148
294.44121
294.44096
294.44073
294.44052
294.44032
294.44014
294.43998
294.43983
294.43969
294.43956
294.43945
294.43934
294.43925
294.43916
294.43908
294.43901
294.43895
294.4389
294.43886
294.43882
294.4388
294.43878
294.43876
294.43875
294.43874
294.43873
294.43873
294.43874
294.43875
294.43876
294.43878
294.43879
294.43881
294.43882
294.43884
294.43887
294.43888
294.4389
294.43892
294.43894
294.43897
294.43899
294.43902
294.43907
294.43914
294.43929
294.43962
294.44035
294.44205
294.44608
294.45608
294.47923
294.52846
294.59214
294.65179
294.70327
294.74658
294.78478
294.81853
294.84941
294.87654
294.90078
294.9221
294.94028
294.95603
294.96995
294.98163
294.99162
295.00074
295.00852
295.01516
295.02019
295.02681
295.02979
295.03409
295.03874
294.44991
294.44955
294.44899
294.44828
294.44753
294.44684
294.44629
294.44586
294.44548
294.4451
294.44471
294.4443
294.44391
294.44352
294.44314
294.44277
294.44242
294.44209
294.44179
294.4415
294.44123
294.44098
294.44075
294.44054
294.44034
294.44016
294.43999
294.43984
294.4397
294.43958
294.43946
294.43936
294.43926
294.43917
294.43909
294.43902
294.43896
294.43891
294.43887
294.43883
294.4388
294.43878
294.43877
294.43876
294.43875
294.43874
294.43874
294.43874
294.43875
294.43876
294.43878
294.4388
294.43881
294.43882
294.43884
294.43887
294.43889
294.4389
294.43892
294.43895
294.43896
294.43898
294.439
294.43903
294.43906
294.4391
294.43918
294.43935
294.43974
294.44065
294.44285
294.44819
294.4617
294.49268
294.55015
294.61406
294.67002
294.71842
294.75922
294.79579
294.82792
294.85736
294.88364
294.90651
294.92645
294.94404
294.95892
294.9716
294.98303
294.99279
295.00115
295.00754
295.01553
295.0195
295.02477
295.03029
294.4496
294.44927
294.44877
294.44813
294.44744
294.44681
294.44627
294.44584
294.44545
294.44507
294.44468
294.44429
294.4439
294.44351
294.44314
294.44278
294.44243
294.44211
294.4418
294.44151
294.44124
294.44099
294.44077
294.44055
294.44036
294.44018
294.44001
294.43986
294.43972
294.43959
294.43947
294.43937
294.43927
294.43918
294.4391
294.43903
294.43897
294.43892
294.43888
294.43884
294.43881
294.43879
294.43877
294.43876
294.43875
294.43875
294.43875
294.43875
294.43876
294.43877
294.43879
294.4388
294.43882
294.43883
294.43885
294.43887
294.43889
294.43891
294.43893
294.43895
294.43897
294.43899
294.439
294.43902
294.43904
294.43906
294.43909
294.43913
294.43922
294.43942
294.4399
294.44106
294.44396
294.4513
294.46965
294.5109
294.57311
294.63504
294.68768
294.7328
294.77171
294.80621
294.83747
294.86538
294.89015
294.91217
294.93104
294.94715
294.96155
294.97385
294.98439
294.99253
295.00222
295.00744
295.01392
295.02055
294.44929
294.44899
294.44854
294.44797
294.44735
294.44675
294.44624
294.4458
294.44542
294.44504
294.44466
294.44427
294.44388
294.4435
294.44314
294.44278
294.44244
294.44212
294.44181
294.44152
294.44126
294.44101
294.44078
294.44057
294.44037
294.44019
294.44002
294.43987
294.43973
294.4396
294.43948
294.43938
294.43928
294.43919
294.43911
294.43904
294.43898
294.43893
294.43888
294.43885
294.43882
294.4388
294.43878
294.43877
294.43876
294.43875
294.43875
294.43875
294.43876
294.43877
294.43879
294.43881
294.43882
294.43883
294.43885
294.43888
294.43889
294.43891
294.43893
294.43895
294.43897
294.43899
294.43901
294.43902
294.43904
294.43906
294.43907
294.43909
294.43912
294.43916
294.43927
294.43951
294.44011
294.44164
294.44557
294.45591
294.48049
294.53284
294.59668
294.65485
294.70486
294.74655
294.78383
294.81662
294.84639
294.87322
294.89682
294.91714
294.93526
294.9508
294.96415
294.97453
294.98637
294.99319
295.00115
295.00923
294.44899
294.44872
294.44832
294.4478
294.44724
294.44669
294.44619
294.44577
294.44538
294.44501
294.44463
294.44425
294.44387
294.4435
294.44313
294.44278
294.44245
294.44212
294.44182
294.44154
294.44127
294.44102
294.44079
294.44058
294.44038
294.4402
294.44003
294.43988
294.43974
294.43961
294.43949
294.43939
294.43929
294.4392
294.43912
294.43905
294.43899
294.43893
294.43889
294.43885
294.43882
294.4388
294.43878
294.43877
294.43876
294.43876
294.43876
294.43876
294.43877
294.43878
294.43879
294.43881
294.43882
294.43883
294.43886
294.43888
294.4389
294.43891
294.43893
294.43895
294.43897
294.43899
294.43901
294.43903
294.43904
294.43906
294.43907
294.43909
294.4391
294.43912
294.43914
294.4392
294.43932
294.43962
294.44041
294.44249
294.44795
294.46252
294.49653
294.55669
294.61998
294.67383
294.72061
294.76016
294.79517
294.82677
294.8554
294.88044
294.903
294.92254
294.93944
294.95272
294.96726
294.97616
294.986
294.99597
294.4487
294.44845
294.44809
294.44763
294.44712
294.44661
294.44614
294.44572
294.44534
294.44497
294.4446
294.44422
294.44385
294.44349
294.44313
294.44278
294.44245
294.44213
294.44184
294.44155
294.44129
294.44104
294.44081
294.4406
294.4404
294.44022
294.44005
294.4399
294.43975
294.43963
294.43951
294.4394
294.4393
294.43921
294.43913
294.43906
294.439
294.43894
294.4389
294.43886
294.43883
294.43881
294.43879
294.43878
294.43877
294.43876
294.43876
294.43876
294.43877
294.43878
294.4388
294.43882
294.43883
294.43884
294.43886
294.43888
294.4389
294.43892
294.43894
294.43896
294.43898
294.43899
294.43901
294.43903
294.43904
294.43906
294.43907
294.43909
294.4391
294.43911
294.43913
294.43914
294.43917
294.43923
294.43938
294.43977
294.44082
294.44373
294.45164
294.472
294.51784
294.58116
294.64154
294.69244
294.73528
294.77322
294.80665
294.83645
294.86378
294.88796
294.90914
294.92606
294.94402
294.9556
294.96778
294.98027
294.44842
294.44819
294.44787
294.44746
294.44699
294.44652
294.44608
294.44567
294.4453
294.44493
294.44457
294.4442
294.44384
294.44348
294.44313
294.44279
294.44246
294.44214
294.44185
294.44157
294.4413
294.44106
294.44083
294.44061
294.44042
294.44023
294.44007
294.43991
294.43977
294.43964
294.43952
294.43941
294.43931
294.43922
294.43914
294.43907
294.43901
294.43895
294.43891
294.43887
294.43884
294.43882
294.4388
294.43879
294.43878
294.43877
294.43877
294.43877
294.43878
294.43879
294.4388
294.43882
294.43883
294.43884
294.43887
294.43889
294.43891
294.43892
294.43894
294.43896
294.43898
294.439
294.43901
294.43903
294.43905
294.43906
294.43908
294.43909
294.4391
294.43911
294.43913
294.43914
294.43915
294.43916
294.43919
294.43927
294.43945
294.43998
294.44146
294.44561
294.45722
294.48489
294.5426
294.6062
294.66165
294.7099
294.75007
294.7853
294.81732
294.84631
294.87221
294.89343
294.91555
294.93056
294.94564
294.96147
294.44815
294.44794
294.44765
294.44728
294.44686
294.44642
294.44601
294.44561
294.44525
294.44489
294.44453
294.44417
294.44382
294.44346
294.44312
294.44279
294.44246
294.44215
294.44186
294.44158
294.44132
294.44107
294.44085
294.44063
294.44044
294.44025
294.44008
294.43993
294.43978
294.43965
294.43953
294.43943
294.43933
294.43924
294.43916
294.43908
294.43902
294.43896
294.43892
294.43888
294.43885
294.43883
294.43881
294.43879
294.43878
294.43878
294.43878
294.43878
294.43878
294.43879
294.43881
294.43883
294.43884
294.43885
294.43887
294.43889
294.43891
294.43893
294.43895
294.43897
294.43898
294.439
294.43902
294.43903
294.43905
294.43907
294.43908
294.43909
294.43911
294.43912
294.43913
294.43914
294.43915
294.43916
294.43917
294.43918
294.43922
294.43931
294.43956
294.44029
294.44243
294.44848
294.4654
294.50514
294.56791
294.62985
294.68156
294.72531
294.7638
294.79755
294.82816
294.85396
294.8808
294.89995
294.9185
294.93875
294.44788
294.44769
294.44743
294.44709
294.44671
294.44632
294.44592
294.44555
294.44519
294.44484
294.44449
294.44414
294.44379
294.44345
294.44311
294.44278
294.44247
294.44216
294.44187
294.4416
294.44134
294.44109
294.44086
294.44065
294.44045
294.44027
294.4401
294.43995
294.4398
294.43967
294.43955
294.43944
294.43934
294.43925
294.43917
294.4391
294.43903
294.43898
294.43893
294.43889
294.43886
294.43884
294.43882
294.4388
294.43879
294.43878
294.43878
294.43879
294.43879
294.4388
294.43882
294.43883
294.43884
294.43886
294.43888
294.4389
294.43891
294.43893
294.43895
294.43897
294.43899
294.43901
294.43902
294.43904
294.43905
294.43907
294.43908
294.4391
294.43911
294.43912
294.43913
294.43914
294.43915
294.43916
294.43917
294.43918
294.43918
294.4392
294.43924
294.43936
294.43971
294.44075
294.44391
294.4532
294.47718
294.53001
294.59392
294.65096
294.7002
294.74082
294.77727
294.80744
294.83912
294.86282
294.88524
294.91108
294.44761
294.44744
294.4472
294.44691
294.44656
294.4462
294.44583
294.44547
294.44513
294.44479
294.44445
294.44411
294.44377
294.44343
294.4431
294.44278
294.44247
294.44217
294.44188
294.44161
294.44135
294.44111
294.44088
294.44067
294.44047
294.44029
294.44012
294.43996
294.43982
294.43969
294.43957
294.43945
294.43935
294.43926
294.43918
294.43911
294.43905
294.43899
294.43894
294.4389
294.43887
294.43885
294.43883
294.43881
294.4388
294.43879
294.43879
294.43879
294.4388
294.43881
294.43882
294.43884
294.43885
294.43886
294.43888
294.4389
294.43892
294.43894
294.43896
294.43898
294.43899
294.43901
294.43903
294.43904
294.43906
294.43907
294.43909
294.4391
294.43911
294.43912
294.43914
294.43915
294.43915
294.43916
294.43917
294.43918
294.43918
294.43919
294.4392
294.43922
294.43928
294.43944
294.43993
294.4415
294.44628
294.46039
294.49449
294.55641
294.61945
294.67165
294.71739
294.75382
294.79061
294.81878
294.84507
294.87745
294.44735
294.4472
294.44698
294.44672
294.44641
294.44607
294.44573
294.44539
294.44506
294.44473
294.4444
294.44407
294.44374
294.44341
294.44309
294.44278
294.44247
294.44217
294.44189
294.44162
294.44137
294.44113
294.4409
294.44069
294.44049
294.44031
294.44014
294.43998
294.43984
294.4397
294.43958
294.43947
294.43937
294.43928
294.4392
294.43912
294.43906
294.439
294.43896
294.43892
294.43888
294.43886
294.43884
294.43882
294.43881
294.4388
294.4388
294.4388
294.43881
294.43882
294.43883
294.43884
294.43886
294.43887
294.43889
294.43891
294.43893
294.43894
294.43896
294.43898
294.439
294.43902
294.43903
294.43905
294.43906
294.43908
294.43909
294.4391
294.43912
294.43913
294.43914
294.43915
294.43916
294.43917
294.43917
294.43918
294.43919
294.43919
294.4392
294.43921
294.43922
294.43925
294.43932
294.43954
294.44028
294.4427
294.45014
294.471
294.51936
294.58304
294.64234
294.68982
294.73399
294.76807
294.79802
294.8371
294.44709
294.44695
294.44676
294.44652
294.44624
294.44594
294.44562
294.4453
294.44498
294.44466
294.44434
294.44402
294.4437
294.44339
294.44307
294.44276
294.44247
294.44218
294.4419
294.44163
294.44138
294.44114
294.44092
294.44071
294.44051
294.44033
294.44016
294.44
294.43985
294.43972
294.4396
294.43948
294.43938
294.43929
294.43921
294.43914
294.43907
294.43902
294.43897
294.43893
294.43889
294.43887
294.43885
294.43883
294.43882
294.43881
294.43881
294.43881
294.43882
294.43883
294.43884
294.43885
294.43886
294.43888
294.4389
294.43891
294.43893
294.43895
294.43897
294.43899
294.439
294.43902
294.43904
294.43905
294.43907
294.43908
294.4391
294.43911
294.43912
294.43913
294.43914
294.43915
294.43916
294.43917
294.43918
294.43918
294.43919
294.4392
294.4392
294.43921
294.43922
294.43922
294.43924
294.43927
294.43937
294.4397
294.44085
294.44465
294.45648
294.48591
294.54644
294.60855
294.66428
294.7084
294.74349
294.7898
294.44684
294.44671
294.44654
294.44632
294.44607
294.44579
294.4455
294.4452
294.44489
294.44459
294.44428
294.44397
294.44366
294.44336
294.44305
294.44275
294.44246
294.44217
294.4419
294.44164
294.44139
294.44115
294.44093
294.44072
294.44053
294.44034
294.44017
294.44002
294.43987
294.43974
294.43961
294.4395
294.4394
294.43931
294.43922
294.43915
294.43908
294.43903
294.43898
294.43894
294.43891
294.43888
294.43886
294.43884
294.43883
294.43882
294.43882
294.43882
294.43883
294.43883
294.43884
294.43886
294.43887
294.43888
294.4389
294.43892
294.43894
294.43895
294.43897
294.43899
294.43901
294.43903
294.43904
294.43906
294.43907
294.43909
294.4391
294.43911
294.43913
294.43914
294.43915
294.43916
294.43917
294.43917
294.43918
294.43919
294.43919
294.4392
294.43921
294.43922
294.43922
294.43923
294.43923
294.43924
294.43926
294.4393
294.43944
294.43997
294.44182
294.44778
294.46577
294.50972
294.57408
294.63382
294.67736
294.73473
294.4466
294.44648
294.44632
294.44613
294.4459
294.44564
294.44537
294.44509
294.4448
294.44451
294.44422
294.44392
294.44362
294.44332
294.44303
294.44274
294.44245
294.44217
294.4419
294.44165
294.4414
294.44117
294.44095
294.44074
294.44054
294.44036
294.44019
294.44003
294.43989
294.43975
294.43963
294.43952
294.43941
294.43932
294.43924
294.43916
294.4391
294.43904
294.43899
294.43895
294.43892
294.43889
294.43887
294.43885
294.43884
294.43883
294.43883
294.43883
294.43883
294.43884
294.43885
294.43887
294.43888
294.43889
294.43891
294.43893
294.43894
294.43896
294.43898
294.439
294.43901
294.43903
294.43905
294.43906
294.43908
294.43909
294.43911
294.43912
294.43913
294.43914
294.43915
294.43916
294.43917
294.43918
294.43919
294.43919
294.4392
294.4392
294.43921
294.43922
294.43922
294.43923
294.43924
294.43924
294.43925
294.43926
294.43928
294.43934
294.43956
294.44038
294.44338
294.45339
294.47965
294.54012
294.59209
294.6677
294.44635
294.44625
294.44611
294.44593
294.44572
294.44549
294.44524
294.44498
294.44471
294.44443
294.44415
294.44386
294.44358
294.44329
294.443
294.44272
294.44244
294.44217
294.4419
294.44165
294.44141
294.44118
294.44096
294.44075
294.44056
294.44038
294.44021
294.44005
294.43991
294.43977
294.43965
294.43954
294.43943
294.43934
294.43925
294.43918
294.43911
294.43906
294.43901
294.43896
294.43893
294.4389
294.43888
294.43886
294.43885
294.43884
294.43884
294.43884
294.43884
294.43885
294.43886
294.43888
294.43889
294.4389
294.43892
294.43894
294.43895
294.43897
294.43899
294.439
294.43902
294.43904
294.43905
294.43907
294.43908
294.4391
294.43911
294.43912
294.43914
294.43915
294.43916
294.43917
294.43917
294.43918
294.43919
294.43919
294.4392
294.43921
294.43921
294.43922
294.43923
294.43923
294.43924
294.43924
294.43925
294.43926
294.43926
294.43927
294.4393
294.43938
294.43975
294.44113
294.44616
294.46233
294.49641
294.58231
294.44611
294.44602
294.44589
294.44573
294.44555
294.44533
294.4451
294.44486
294.44461
294.44434
294.44407
294.4438
294.44353
294.44325
294.44297
294.44269
294.44242
294.44216
294.4419
294.44165
294.44141
294.44119
294.44097
294.44077
294.44057
294.4404
294.44023
294.44007
294.43993
294.43979
294.43967
294.43955
294.43945
294.43936
294.43927
294.4392
294.43913
294.43907
294.43902
294.43898
294.43894
294.43892
294.43889
294.43888
294.43886
294.43885
294.43885
294.43885
294.43885
294.43886
294.43887
294.43889
294.4389
294.43891
294.43893
294.43895
294.43896
294.43898
294.43899
294.43901
294.43903
294.43904
294.43906
294.43908
294.43909
294.4391
294.43912
294.43913
294.43914
294.43915
294.43916
294.43917
294.43918
294.43919
294.43919
294.4392
294.43921
294.43921
294.43922
294.43923
294.43923
294.43924
294.43924
294.43925
294.43925
294.43926
294.43927
294.43927
294.43927
294.43928
294.43932
294.43944
294.44014
294.4422
294.45083
294.49611
294.44588
294.44579
294.44568
294.44553
294.44536
294.44517
294.44496
294.44473
294.4445
294.44425
294.44399
294.44373
294.44347
294.4432
294.44294
294.44267
294.44241
294.44215
294.4419
294.44165
294.44142
294.4412
294.44098
294.44078
294.44059
294.44041
294.44024
294.44009
294.43994
294.43981
294.43969
294.43957
294.43947
294.43938
294.43929
294.43921
294.43915
294.43909
294.43904
294.43899
294.43896
294.43893
294.43891
294.43889
294.43888
294.43887
294.43886
294.43886
294.43887
294.43887
294.43889
294.4389
294.43891
294.43892
294.43894
294.43895
294.43897
294.43899
294.439
294.43902
294.43904
294.43905
294.43907
294.43908
294.4391
294.43911
294.43912
294.43913
294.43915
294.43916
294.43917
294.43918
294.43918
294.43919
294.4392
294.4392
294.43921
294.43922
294.43922
294.43923
294.43924
294.43924
294.43925
294.43925
294.43926
294.43927
294.43927
294.43927
294.43927
294.43928
294.43928
294.43927
294.43942
294.43952
294.4408
294.45202
294.44565
294.44557
294.44546
294.44533
294.44518
294.445
294.44481
294.4446
294.44438
294.44415
294.44391
294.44366
294.44341
294.44315
294.4429
294.44264
294.44239
294.44214
294.44189
294.44165
294.44142
294.4412
294.44099
294.44079
294.44061
294.44043
294.44026
294.44011
294.43996
294.43983
294.43971
294.43959
294.43949
294.43939
294.43931
294.43923
294.43916
294.4391
294.43905
294.43901
294.43897
294.43895
294.43892
294.4389
294.43889
294.43888
294.43887
294.43888
294.43888
294.43889
294.4389
294.43891
294.43892
294.43893
294.43895
294.43897
294.43898
294.439
294.43901
294.43903
294.43904
294.43906
294.43908
294.43909
294.4391
294.43912
294.43913
294.43914
294.43915
294.43916
294.43917
294.43919
294.43919
294.4392
294.43921
294.43921
294.43922
294.43922
294.43923
294.43924
294.43924
294.43925
294.43925
294.43926
294.43926
294.43927
294.43928
294.43928
294.43928
294.43928
294.43928
294.43926
294.43935
294.4393
294.43939
294.44108
294.44541
294.44534
294.44525
294.44513
294.44499
294.44483
294.44465
294.44446
294.44426
294.44404
294.44381
294.44358
294.44334
294.4431
294.44285
294.44261
294.44236
294.44212
294.44188
294.44165
294.44143
294.44121
294.441
294.44081
294.44062
294.44045
294.44028
294.44013
294.43998
294.43985
294.43972
294.43961
294.43951
294.43941
294.43933
294.43925
294.43918
294.43912
294.43907
294.43903
294.43899
294.43896
294.43894
294.43892
294.43891
294.4389
294.43889
294.43889
294.43889
294.4389
294.43891
294.43892
294.43893
294.43894
294.43896
294.43898
294.43899
294.43901
294.43902
294.43904
294.43905
294.43907
294.43908
294.4391
294.43911
294.43913
294.43914
294.43915
294.43916
294.43917
294.43918
294.43919
294.4392
294.43921
294.43921
294.43922
294.43923
294.43923
294.43924
294.43925
294.43925
294.43925
294.43926
294.43926
294.43927
294.43928
294.43928
294.43928
294.43929
294.43929
294.43929
294.43926
294.43934
294.43931
294.43924
294.4395
294.44519
294.44512
294.44503
294.44493
294.4448
294.44466
294.4445
294.44432
294.44413
294.44393
294.44371
294.44349
294.44327
294.44304
294.4428
294.44257
294.44233
294.4421
294.44187
294.44164
294.44143
294.44122
294.44101
294.44082
294.44063
294.44046
294.4403
294.44014
294.44
294.43987
294.43974
294.43963
294.43953
294.43943
294.43935
294.43927
294.4392
294.43914
294.43909
294.43905
294.43901
294.43898
294.43895
294.43894
294.43892
294.43891
294.43891
294.43891
294.43891
294.43891
294.43892
294.43893
294.43894
294.43896
294.43897
294.43899
294.439
294.43902
294.43903
294.43905
294.43907
294.43908
294.43909
294.43911
294.43912
294.43914
294.43915
294.43916
294.43917
294.43918
294.43919
294.4392
294.43921
294.43922
294.43922
294.43923
294.43923
294.43924
294.43924
294.43925
294.43926
294.43926
294.43927
294.43927
294.43928
294.43928
294.43929
294.43929
294.43929
294.43929
294.43929
294.43927
294.43934
294.43932
294.43923
294.43934
294.44496
294.4449
294.44482
294.44473
294.44461
294.44448
294.44433
294.44417
294.444
294.44381
294.44361
294.4434
294.44319
294.44297
294.44275
294.44252
294.4423
294.44207
294.44185
294.44163
294.44142
294.44122
294.44102
294.44083
294.44065
294.44048
294.44031
294.44016
294.44002
294.43989
294.43976
294.43965
294.43955
294.43945
294.43937
294.43929
294.43922
294.43916
294.43911
294.43907
294.43903
294.439
294.43897
294.43895
294.43894
294.43893
294.43892
294.43892
294.43892
294.43893
294.43894
294.43895
294.43896
294.43897
294.43898
294.439
294.43902
294.43903
294.43905
294.43906
294.43908
294.43909
294.43911
294.43912
294.43913
294.43915
294.43916
294.43917
294.43918
294.43919
294.4392
294.43921
294.43922
294.43922
294.43923
294.43923
294.43924
294.43925
294.43925
294.43926
294.43926
294.43927
294.43927
294.43928
294.43928
294.43929
294.4393
294.4393
294.4393
294.4393
294.4393
294.43928
294.43935
294.43932
294.43924
294.43933
294.44474
294.44469
294.44462
294.44453
294.44442
294.44431
294.44417
294.44402
294.44386
294.44369
294.4435
294.44331
294.44311
294.4429
294.44269
294.44247
294.44226
294.44204
294.44183
294.44162
294.44141
294.44121
294.44102
294.44083
294.44066
294.44049
294.44033
294.44018
294.44004
294.43991
294.43978
294.43967
294.43957
294.43948
294.43939
294.43931
294.43924
294.43918
294.43913
294.43909
294.43905
294.43902
294.43899
294.43897
294.43896
294.43895
294.43894
294.43894
294.43894
294.43895
294.43895
294.43896
294.43897
294.43898
294.439
294.43901
294.43903
294.43904
294.43906
294.43907
294.43909
294.4391
294.43912
294.43913
294.43914
294.43916
294.43917
294.43918
294.43919
294.4392
294.43921
294.43922
294.43923
294.43923
294.43924
294.43924
294.43925
294.43926
294.43926
294.43927
294.43927
294.43928
294.43928
294.43929
294.43929
294.4393
294.4393
294.4393
294.43931
294.43931
294.43931
294.43929
294.43935
294.43933
294.43925
294.43934
294.44452
294.44447
294.44441
294.44433
294.44423
294.44413
294.444
294.44387
294.44372
294.44356
294.44339
294.44321
294.44302
294.44282
294.44262
294.44242
294.44221
294.44201
294.4418
294.4416
294.4414
294.44121
294.44102
294.44084
294.44066
294.4405
294.44034
294.44019
294.44006
294.43993
294.4398
294.43969
294.43959
294.4395
294.43941
294.43933
294.43926
294.43921
294.43915
294.43911
294.43907
294.43904
294.43901
294.43899
294.43898
294.43897
294.43896
294.43896
294.43896
294.43896
294.43897
294.43898
294.43899
294.439
294.43901
294.43903
294.43904
294.43906
294.43907
294.43909
294.4391
294.43912
294.43913
294.43914
294.43916
294.43917
294.43918
294.43919
294.4392
294.43921
294.43922
294.43923
294.43924
294.43924
294.43925
294.43925
294.43926
294.43927
294.43927
294.43928
294.43928
294.43929
294.43929
294.43929
294.4393
294.43931
294.43931
294.43931
294.43931
294.43931
294.43932
294.4393
294.43936
294.43934
294.43926
294.43935
294.44431
294.44426
294.4442
294.44413
294.44404
294.44394
294.44383
294.44371
294.44357
294.44342
294.44327
294.4431
294.44292
294.44274
294.44255
294.44236
294.44217
294.44197
294.44177
294.44158
294.44139
294.4412
294.44102
294.44084
294.44067
294.44051
294.44036
294.44021
294.44007
294.43994
294.43982
294.43971
294.43961
294.43952
294.43943
294.43936
294.43929
294.43923
294.43917
294.43913
294.43909
294.43906
294.43903
294.43901
294.439
294.43899
294.43898
294.43898
294.43898
294.43898
294.43899
294.439
294.43901
294.43902
294.43903
294.43905
294.43906
294.43907
294.43909
294.4391
294.43912
294.43913
294.43914
294.43916
294.43917
294.43918
294.43919
294.4392
294.43921
294.43922
294.43923
294.43924
294.43925
294.43925
294.43926
294.43926
294.43927
294.43928
294.43928
294.43929
294.43929
294.4393
294.4393
294.4393
294.43931
294.43932
294.43932
294.43932
294.43932
294.43932
294.43933
294.43931
294.43937
294.43934
294.43927
294.43936
294.44409
294.44405
294.444
294.44393
294.44385
294.44376
294.44366
294.44355
294.44342
294.44329
294.44314
294.44299
294.44282
294.44265
294.44248
294.4423
294.44211
294.44193
294.44174
294.44155
294.44137
294.44119
294.44101
294.44084
294.44068
294.44052
294.44037
294.44022
294.44009
294.43996
294.43984
294.43973
294.43963
294.43954
294.43946
294.43938
294.43931
294.43925
294.4392
294.43915
294.43911
294.43908
294.43906
294.43904
294.43902
294.43901
294.439
294.439
294.439
294.439
294.43901
294.43902
294.43902
294.43903
294.43905
294.43906
294.43908
294.43909
294.4391
294.43912
294.43913
294.43915
294.43916
294.43917
294.43918
294.43919
294.43921
294.43922
294.43923
294.43924
294.43924
294.43925
294.43926
294.43927
294.43927
294.43928
294.43928
294.43929
294.43929
294.4393
294.4393
294.43931
294.43931
294.43931
294.43932
294.43933
294.43933
294.43933
294.43933
294.43933
294.43934
294.43932
294.43937
294.43935
294.43928
294.43937
294.44388
294.44384
294.44379
294.44373
294.44366
294.44358
294.44349
294.44339
294.44327
294.44315
294.44301
294.44287
294.44272
294.44256
294.4424
294.44223
294.44205
294.44188
294.4417
294.44152
294.44135
294.44117
294.441
294.44084
294.44068
294.44052
294.44038
294.44024
294.4401
294.43998
294.43986
294.43975
294.43965
294.43956
294.43948
294.4394
294.43934
294.43928
294.43922
294.43918
294.43914
294.43911
294.43908
294.43906
294.43904
294.43903
294.43902
294.43902
294.43902
294.43902
294.43903
294.43904
294.43904
294.43906
294.43907
294.43908
294.43909
294.43911
294.43912
294.43914
294.43915
294.43916
294.43917
294.43919
294.4392
294.43921
294.43922
294.43923
294.43924
294.43925
294.43926
294.43927
294.43927
294.43928
294.43928
294.43929
294.43929
294.4393
294.4393
294.43931
294.43931
294.43932
294.43932
294.43933
294.43933
294.43934
294.43934
294.43934
294.43934
294.43934
294.43935
294.43933
294.43938
294.43936
294.43929
294.43938
294.44367
294.44363
294.44359
294.44354
294.44347
294.4434
294.44332
294.44322
294.44312
294.443
294.44288
294.44275
294.44261
294.44246
294.44231
294.44215
294.44199
294.44182
294.44166
294.44149
294.44132
294.44115
294.44099
294.44083
294.44068
294.44053
294.44038
294.44025
294.44012
294.43999
294.43988
294.43977
294.43968
294.43958
294.4395
294.43943
294.43936
294.4393
294.43925
294.4392
294.43917
294.43913
294.43911
294.43908
294.43907
294.43906
294.43905
294.43905
294.43905
294.43905
294.43905
294.43906
294.43907
294.43908
294.43909
294.4391
294.43911
294.43913
294.43914
294.43915
294.43917
294.43918
294.43919
294.4392
294.43922
294.43923
294.43924
294.43925
294.43926
294.43926
294.43927
294.43928
294.43929
294.43929
294.4393
294.4393
294.43931
294.43931
294.43932
294.43932
294.43933
294.43933
294.43934
294.43934
294.43934
294.43935
294.43935
294.43935
294.43936
294.43936
294.43936
294.43934
294.43939
294.43937
294.43931
294.43939
294.44346
294.44343
294.44339
294.44334
294.44328
294.44322
294.44314
294.44306
294.44296
294.44286
294.44275
294.44263
294.4425
294.44236
294.44222
294.44207
294.44192
294.44177
294.44161
294.44145
294.44129
294.44113
294.44098
294.44082
294.44067
294.44053
294.44039
294.44026
294.44013
294.44001
294.4399
294.43979
294.4397
294.43961
294.43953
294.43945
294.43939
294.43933
294.43928
294.43923
294.43919
294.43916
294.43913
294.43911
294.4391
294.43908
294.43908
294.43907
294.43907
294.43907
294.43908
294.43908
294.43909
294.4391
294.43911
294.43912
294.43914
294.43915
294.43916
294.43917
294.43919
294.4392
294.43921
294.43922
294.43923
294.43924
294.43925
294.43926
294.43927
294.43928
294.43929
294.4393
294.4393
294.43931
294.43931
294.43932
294.43932
294.43933
294.43933
294.43934
294.43934
294.43935
294.43935
294.43935
294.43936
294.43936
294.43937
294.43937
294.43937
294.43937
294.43937
294.43936
294.4394
294.43938
294.43932
294.43941
294.44326
294.44323
294.44319
294.44315
294.4431
294.44303
294.44297
294.44289
294.44281
294.44271
294.44261
294.4425
294.44238
294.44226
294.44213
294.44199
294.44185
294.4417
294.44155
294.4414
294.44125
294.4411
294.44095
294.44081
294.44067
294.44053
294.44039
294.44026
294.44014
294.44003
294.43992
294.43981
294.43972
294.43963
294.43955
294.43948
294.43941
294.43936
294.4393
294.43926
294.43922
294.43919
294.43916
294.43914
294.43912
294.43911
294.4391
294.4391
294.4391
294.4391
294.4391
294.43911
294.43912
294.43913
294.43914
294.43915
294.43916
294.43917
294.43918
294.4392
294.43921
294.43922
294.43923
294.43924
294.43925
294.43926
294.43927
294.43928
294.43929
294.4393
294.43931
294.43931
294.43932
294.43933
294.43933
294.43934
294.43934
294.43934
294.43935
294.43936
294.43936
294.43936
294.43937
294.43937
294.43937
294.43938
294.43938
294.43938
294.43939
294.43939
294.43939
294.43937
294.43942
294.4394
294.43934
294.43942
294.44306
294.44303
294.44299
294.44295
294.44291
294.44285
294.44279
294.44272
294.44265
294.44256
294.44247
294.44237
294.44226
294.44215
294.44203
294.4419
294.44177
294.44163
294.44149
294.44135
294.44121
294.44107
294.44093
294.44079
294.44066
294.44052
294.44039
294.44027
294.44015
294.44004
294.43993
294.43983
294.43974
294.43966
294.43958
294.43951
294.43944
294.43938
294.43933
294.43929
294.43925
294.43922
294.43919
294.43917
294.43915
294.43914
294.43913
294.43913
294.43913
294.43913
294.43913
294.43914
294.43914
294.43915
294.43916
294.43917
294.43919
294.4392
294.43921
294.43922
294.43923
294.43924
294.43925
294.43927
294.43928
294.43929
294.4393
294.4393
294.43931
294.43932
294.43933
294.43933
294.43934
294.43935
294.43935
294.43935
294.43936
294.43936
294.43937
294.43937
294.43938
294.43938
294.43938
294.43939
294.43939
294.4394
294.4394
294.4394
294.4394
294.4394
294.4394
294.43939
294.43943
294.43941
294.43936
294.43944
294.44286
294.44283
294.4428
294.44276
294.44272
294.44267
294.44262
294.44255
294.44248
294.44241
294.44232
294.44223
294.44214
294.44203
294.44192
294.4418
294.44168
294.44156
294.44143
294.4413
294.44117
294.44103
294.4409
294.44077
294.44064
294.44051
294.44039
294.44027
294.44016
294.44005
294.43995
294.43985
294.43976
294.43968
294.4396
294.43953
294.43947
294.43941
294.43936
294.43932
294.43928
294.43925
294.43922
294.4392
294.43919
294.43917
294.43917
294.43916
294.43916
294.43916
294.43916
294.43917
294.43917
294.43918
294.43919
294.4392
294.43921
294.43922
294.43924
294.43925
294.43926
294.43927
294.43928
294.43929
294.4393
294.43931
294.43932
294.43933
294.43933
294.43934
294.43935
294.43936
294.43936
294.43937
294.43937
294.43937
294.43938
294.43938
294.43939
294.43939
294.4394
294.4394
294.4394
294.43941
294.43941
294.43941
294.43942
294.43942
294.43942
294.43942
294.43942
294.43941
294.43945
294.43943
294.43938
294.43945
294.44266
294.44263
294.44261
294.44257
294.44253
294.44249
294.44244
294.44239
294.44232
294.44225
294.44218
294.4421
294.44201
294.44191
294.44181
294.44171
294.4416
294.44148
294.44136
294.44124
294.44112
294.44099
294.44087
294.44075
294.44062
294.4405
294.44039
294.44027
294.44017
294.44006
294.43996
294.43987
294.43978
294.4397
294.43963
294.43956
294.4395
294.43945
294.4394
294.43935
294.43932
294.43928
294.43926
294.43924
294.43922
294.43921
294.4392
294.4392
294.43919
294.43919
294.4392
294.4392
294.43921
294.43922
294.43922
294.43923
294.43924
294.43925
294.43926
294.43928
294.43929
294.4393
294.43931
294.43932
294.43933
294.43933
294.43934
294.43935
294.43936
294.43937
294.43937
294.43938
294.43938
294.43939
294.43939
294.4394
294.4394
294.43941
294.43941
294.43941
294.43942
294.43942
294.43942
294.43943
294.43943
294.43943
294.43944
294.43944
294.43944
294.43944
294.43944
294.43943
294.43946
294.43945
294.4394
294.43947
294.44246
294.44244
294.44241
294.44238
294.44235
294.44231
294.44227
294.44222
294.44216
294.4421
294.44203
294.44196
294.44188
294.44179
294.4417
294.4416
294.4415
294.4414
294.44129
294.44118
294.44106
294.44095
294.44083
294.44072
294.4406
294.44049
294.44038
294.44027
294.44017
294.44007
294.43998
294.43989
294.4398
294.43973
294.43965
294.43959
294.43953
294.43948
294.43943
294.43939
294.43935
294.43932
294.4393
294.43927
294.43926
294.43925
294.43924
294.43923
294.43923
294.43923
294.43923
294.43924
294.43924
294.43925
294.43926
294.43927
294.43928
294.43929
294.4393
294.43931
294.43932
294.43933
294.43934
294.43935
294.43935
294.43936
294.43937
294.43938
294.43939
294.43939
294.4394
294.4394
294.43941
294.43941
294.43942
294.43942
294.43943
294.43943
294.43943
294.43944
294.43944
294.43944
294.43945
294.43945
294.43945
294.43946
294.43946
294.43946
294.43946
294.43946
294.43946
294.43945
294.43948
294.43947
294.43942
294.43949
294.44226
294.44224
294.44222
294.4422
294.44217
294.44213
294.44209
294.44205
294.442
294.44194
294.44188
294.44181
294.44174
294.44167
294.44158
294.4415
294.44141
294.44131
294.44121
294.44111
294.441
294.4409
294.44079
294.44068
294.44058
294.44047
294.44037
294.44027
294.44017
294.44008
294.43999
294.4399
294.43982
294.43975
294.43968
294.43962
294.43956
294.43951
294.43946
294.43943
294.43939
294.43936
294.43934
294.43931
294.4393
294.43929
294.43928
294.43927
294.43927
294.43927
294.43927
294.43928
294.43928
294.43929
294.4393
294.4393
294.43931
294.43932
294.43933
294.43934
294.43935
294.43936
294.43937
294.43938
294.43939
294.43939
294.4394
294.43941
294.43941
294.43942
294.43943
294.43943
294.43944
294.43944
294.43945
294.43945
294.43945
294.43946
294.43946
294.43946
294.43947
294.43947
294.43947
294.43947
294.43948
294.43948
294.43948
294.43948
294.43949
294.43949
294.43949
294.43948
294.43951
294.43949
294.43945
294.43952
294.44207
294.44205
294.44203
294.44201
294.44198
294.44195
294.44192
294.44188
294.44183
294.44178
294.44173
294.44167
294.44161
294.44154
294.44146
294.44139
294.4413
294.44122
294.44113
294.44104
294.44094
294.44084
294.44075
294.44065
294.44055
294.44045
294.44035
294.44026
294.44017
294.44008
294.44
294.43992
294.43984
294.43977
294.43971
294.43965
294.43959
294.43954
294.4395
294.43946
294.43943
294.4394
294.43938
294.43936
294.43934
294.43933
294.43932
294.43932
294.43931
294.43931
294.43931
294.43932
294.43932
294.43933
294.43934
294.43934
294.43935
294.43936
294.43937
294.43938
294.43939
294.43939
294.4394
294.43941
294.43942
294.43943
294.43943
294.43944
294.43945
294.43945
294.43946
294.43946
294.43947
294.43947
294.43947
294.43948
294.43948
294.43948
294.43949
294.43949
294.43949
294.4395
294.4395
294.4395
294.4395
294.43951
294.43951
294.43951
294.43951
294.43951
294.43951
294.4395
294.43953
294.43951
294.43948
294.43954
294.44188
294.44186
294.44184
294.44182
294.4418
294.44177
294.44174
294.44171
294.44167
294.44162
294.44158
294.44152
294.44147
294.44141
294.44134
294.44127
294.4412
294.44112
294.44104
294.44096
294.44087
294.44078
294.44069
294.4406
294.44051
294.44043
294.44034
294.44025
294.44017
294.44008
294.44001
294.43993
294.43986
294.4398
294.43973
294.43968
294.43963
294.43958
294.43954
294.4395
294.43947
294.43944
294.43942
294.4394
294.43939
294.43938
294.43937
294.43936
294.43936
294.43936
294.43936
294.43936
294.43937
294.43937
294.43938
294.43939
294.43939
294.4394
294.43941
294.43942
294.43943
294.43943
294.43944
294.43945
294.43946
294.43946
294.43947
294.43948
294.43948
294.43949
294.43949
294.4395
294.4395
294.4395
294.43951
294.43951
294.43951
294.43952
294.43952
294.43952
294.43953
294.43953
294.43953
294.43953
294.43953
294.43954
294.43954
294.43954
294.43954
294.43954
294.43954
294.43953
294.43956
294.43954
294.43951
294.43957
294.44169
294.44167
294.44166
294.44164
294.44162
294.44159
294.44157
294.44154
294.4415
294.44146
294.44142
294.44138
294.44133
294.44127
294.44122
294.44116
294.44109
294.44102
294.44095
294.44088
294.4408
294.44072
294.44064
294.44056
294.44048
294.4404
294.44032
294.44024
294.44016
294.44008
294.44001
294.43994
294.43988
294.43982
294.43976
294.43971
294.43966
294.43962
294.43958
294.43955
294.43951
294.43949
294.43947
294.43945
294.43944
294.43942
294.43942
294.43941
294.43941
294.43941
294.43941
294.43941
294.43941
294.43942
294.43943
294.43943
294.43944
294.43945
294.43945
294.43946
294.43947
294.43948
294.43948
294.43949
294.4395
294.4395
294.43951
294.43951
294.43952
294.43952
294.43953
294.43953
294.43954
294.43954
294.43954
294.43954
294.43955
294.43955
294.43955
294.43956
294.43956
294.43956
294.43956
294.43956
294.43957
294.43957
294.43957
294.43957
294.43957
294.43957
294.43957
294.43957
294.43959
294.43957
294.43954
294.4396
294.44149
294.44148
294.44147
294.44145
294.44143
294.44141
294.44139
294.44136
294.44133
294.4413
294.44127
294.44123
294.44118
294.44114
294.44109
294.44103
294.44098
294.44092
294.44085
294.44079
294.44072
294.44065
294.44058
294.44051
294.44044
294.44036
294.44029
294.44022
294.44015
294.44008
294.44002
294.43995
294.4399
294.43984
294.43979
294.43974
294.4397
294.43966
294.43962
294.43959
294.43956
294.43954
294.43952
294.4395
294.43949
294.43948
294.43947
294.43946
294.43946
294.43946
294.43946
294.43946
294.43947
294.43947
294.43948
294.43948
294.43949
294.43949
294.4395
294.43951
294.43951
294.43952
294.43953
294.43953
294.43954
294.43955
294.43955
294.43955
294.43956
294.43956
294.43957
294.43957
294.43958
294.43958
294.43958
294.43958
294.43959
294.43959
294.43959
294.43959
294.4396
294.4396
294.4396
294.4396
294.4396
294.43961
294.43961
294.43961
294.43961
294.43961
294.43961
294.4396
294.43962
294.43961
294.43958
294.43963
294.4413
294.44129
294.44128
294.44127
294.44125
294.44123
294.44121
294.44119
294.44117
294.44114
294.44111
294.44107
294.44104
294.441
294.44096
294.44091
294.44086
294.44081
294.44076
294.4407
294.44064
294.44058
294.44052
294.44045
294.44039
294.44033
294.44026
294.4402
294.44014
294.44008
294.44002
294.43996
294.43991
294.43986
294.43981
294.43977
294.43973
294.4397
294.43966
294.43964
294.43961
294.43959
294.43957
294.43956
294.43954
294.43953
294.43953
294.43952
294.43952
294.43952
294.43952
294.43952
294.43952
294.43953
294.43953
294.43954
294.43954
294.43955
294.43955
294.43956
294.43956
294.43957
294.43958
294.43958
294.43959
294.43959
294.4396
294.4396
294.4396
294.43961
294.43961
294.43962
294.43962
294.43962
294.43962
294.43962
294.43963
294.43963
294.43963
294.43963
294.43964
294.43964
294.43964
294.43964
294.43964
294.43964
294.43965
294.43965
294.43965
294.43965
294.43965
294.43964
294.43966
294.43964
294.43962
294.43967
294.44111
294.4411
294.44109
294.44108
294.44107
294.44105
294.44104
294.44102
294.441
294.44097
294.44095
294.44092
294.44089
294.44086
294.44082
294.44078
294.44074
294.4407
294.44065
294.4406
294.44055
294.4405
294.44045
294.4404
294.44034
294.44029
294.44023
294.44018
294.44012
294.44007
294.44002
294.43997
294.43993
294.43988
294.43984
294.4398
294.43977
294.43974
294.43971
294.43968
294.43966
294.43964
294.43963
294.43961
294.4396
294.43959
294.43959
294.43958
294.43958
294.43958
294.43958
294.43958
294.43958
294.43959
294.43959
294.43959
294.4396
294.4396
294.43961
294.43961
294.43962
294.43962
294.43963
294.43963
294.43964
294.43964
294.43965
294.43965
294.43965
294.43966
294.43966
294.43966
294.43966
294.43967
294.43967
294.43967
294.43967
294.43967
294.43968
294.43968
294.43968
294.43968
294.43968
294.43968
294.43968
294.43969
294.43969
294.43969
294.43969
294.43969
294.43969
294.43968
294.4397
294.43968
294.43967
294.4397
294.44092
294.44091
294.4409
294.44089
294.44088
294.44087
294.44086
294.44084
294.44083
294.44081
294.44079
294.44076
294.44074
294.44071
294.44068
294.44065
294.44062
294.44058
294.44054
294.4405
294.44046
294.44042
294.44038
294.44033
294.44029
294.44024
294.4402
294.44015
294.44011
294.44006
294.44002
294.43998
294.43994
294.4399
294.43987
294.43984
294.43981
294.43978
294.43976
294.43973
294.43972
294.4397
294.43969
294.43967
294.43966
294.43966
294.43965
294.43965
294.43965
294.43964
294.43964
294.43965
294.43965
294.43965
294.43965
294.43966
294.43966
294.43966
294.43967
294.43967
294.43968
294.43968
294.43968
294.43969
294.43969
294.4397
294.4397
294.4397
294.43971
294.43971
294.43971
294.43971
294.43971
294.43972
294.43972
294.43972
294.43972
294.43972
294.43972
294.43973
294.43973
294.43973
294.43973
294.43973
294.43973
294.43973
294.43973
294.43973
294.43973
294.43973
294.43973
294.43973
294.43974
294.43973
294.43971
294.43975
294.44072
294.44072
294.44071
294.4407
294.4407
294.44069
294.44068
294.44066
294.44065
294.44064
294.44062
294.4406
294.44058
294.44056
294.44054
294.44051
294.44049
294.44046
294.44043
294.4404
294.44037
294.44034
294.4403
294.44027
294.44023
294.44019
294.44016
294.44012
294.44009
294.44005
294.44002
294.43998
294.43995
294.43992
294.4399
294.43987
294.43985
294.43982
294.43981
294.43979
294.43977
294.43976
294.43975
294.43974
294.43973
294.43972
294.43972
294.43972
294.43971
294.43971
294.43971
294.43971
294.43972
294.43972
294.43972
294.43972
294.43973
294.43973
294.43973
294.43974
294.43974
294.43974
294.43974
294.43975
294.43975
294.43975
294.43976
294.43976
294.43976
294.43976
294.43977
294.43977
294.43977
294.43977
294.43977
294.43977
294.43977
294.43977
294.43978
294.43978
294.43978
294.43978
294.43978
294.43978
294.43978
294.43978
294.43978
294.43978
294.43978
294.43978
294.43978
294.43978
294.43978
294.43978
294.43976
294.43979
294.44052
294.44052
294.44052
294.44051
294.4405
294.4405
294.44049
294.44048
294.44047
294.44046
294.44045
294.44044
294.44042
294.44041
294.44039
294.44037
294.44036
294.44034
294.44031
294.44029
294.44027
294.44025
294.44022
294.44019
294.44017
294.44014
294.44012
294.44009
294.44006
294.44004
294.44001
294.43999
294.43997
294.43994
294.43992
294.4399
294.43989
294.43987
294.43986
294.43984
294.43983
294.43982
294.43981
294.43981
294.4398
294.4398
294.43979
294.43979
294.43979
294.43979
294.43979
294.43979
294.43979
294.43979
294.43979
294.43979
294.4398
294.4398
294.4398
294.4398
294.43981
294.43981
294.43981
294.43981
294.43981
294.43982
294.43982
294.43982
294.43982
294.43982
294.43982
294.43983
294.43983
294.43983
294.43983
294.43983
294.43983
294.43983
294.43983
294.43983
294.43983
294.43983
294.43983
294.43983
294.43983
294.43983
294.43983
294.43983
294.43983
294.43983
294.43983
294.43983
294.43983
294.43983
294.43982
294.43984
294.44032
294.44032
294.44031
294.44031
294.44031
294.4403
294.4403
294.44029
294.44029
294.44028
294.44027
294.44027
294.44026
294.44025
294.44024
294.44023
294.44022
294.44021
294.44019
294.44018
294.44016
294.44015
294.44014
294.44012
294.4401
294.44009
294.44007
294.44006
294.44004
294.44002
294.44001
294.43999
294.43998
294.43997
294.43995
294.43994
294.43993
294.43992
294.43991
294.4399
294.4399
294.43989
294.43988
294.43988
294.43988
294.43987
294.43987
294.43987
294.43987
294.43987
294.43987
294.43987
294.43987
294.43987
294.43987
294.43987
294.43987
294.43987
294.43987
294.43988
294.43988
294.43988
294.43988
294.43988
294.43988
294.43988
294.43988
294.43989
294.43989
294.43989
294.43989
294.43989
294.43989
294.43989
294.43989
294.43989
294.43989
294.43989
294.43989
294.43989
294.43989
294.43989
294.43989
294.43989
294.43989
294.43989
294.43989
294.43989
294.43989
294.43989
294.43989
294.43989
294.43989
294.43989
294.43988
294.43989
294.44011
294.44011
294.44011
294.44011
294.44011
294.44011
294.4401
294.4401
294.4401
294.4401
294.4401
294.44009
294.44009
294.44009
294.44008
294.44008
294.44008
294.44007
294.44007
294.44006
294.44006
294.44005
294.44005
294.44004
294.44004
294.44003
294.44003
294.44002
294.44002
294.44001
294.44001
294.44
294.44
294.43999
294.43999
294.43998
294.43998
294.43997
294.43997
294.43997
294.43997
294.43996
294.43996
294.43996
294.43996
294.43996
294.43996
294.43996
294.43996
294.43996
294.43995
294.43995
294.43995
294.43995
294.43995
294.43995
294.43996
294.43996
294.43996
294.43996
294.43996
294.43996
294.43996
294.43996
294.43996
294.43996
294.43996
294.43996
294.43996
294.43996
294.43996
294.43996
294.43996
294.43996
294.43995
294.43995
294.43995
294.43995
294.43995
294.43995
294.43995
294.43995
294.43995
294.43995
294.43995
294.43995
294.43995
294.43995
294.43995
294.43995
294.43994
294.43994
294.43994
294.43994
294.43994
294.43994
)
;

boundaryField
{
    inlet
    {
        type            fixedValue;
        value           uniform 294.44;
    }
    outlet
    {
        type            zeroGradient;
    }
    top
    {
        type            inletOutlet;
        inletValue      uniform 294.44;
        value           nonuniform List<scalar> 
110
(
294.44
294.44002
294.44004
294.44007
294.44009
294.4401
294.44011
294.44011
294.44011
294.44011
294.44011
294.44011
294.44011
294.44011
294.44011
294.44011
294.44011
294.44011
294.44011
294.44011
294.4401
294.4401
294.4401
294.4401
294.4401
294.44009
294.44009
294.44009
294.44008
294.44008
294.44008
294.44007
294.44007
294.44006
294.44006
294.44005
294.44005
294.44004
294.44004
294.44003
294.44003
294.44002
294.44002
294.44001
294.44001
294.44
294.44
294.43999
294.43999
294.43998
294.43998
294.43997
294.43997
294.43997
294.43997
294.43996
294.43996
294.43996
294.43996
294.43996
294.43996
294.43996
294.43996
294.43996
294.43995
294.43995
294.43995
294.43995
294.43995
294.43995
294.43996
294.43996
294.43996
294.43996
294.43996
294.43996
294.43996
294.43996
294.43996
294.43996
294.43996
294.43996
294.43996
294.43996
294.43996
294.43996
294.43996
294.43996
294.43995
294.43995
294.43995
294.43995
294.43995
294.43995
294.43995
294.43995
294.43995
294.43995
294.43995
294.43995
294.43995
294.43995
294.43995
294.43995
294.43994
294.43994
294.43994
294.43994
294.43994
294.43994
)
;
    }
    upstreamWall
    {
        type            symmetryPlane;
    }
    plate
    {
        type            zeroGradient;
    }
    frontAndBack
    {
        type            empty;
    }
}


// ************************************************************************* //
