/*--------------------------------*- C++ -*----------------------------------*\
| =========                 |                                                 |
| \\      /  F ield         | OpenFOAM: The Open Source CFD Toolbox           |
|  \\    /   O peration     | Version:  2512                                  |
|   \\  /    A nd           | Website:  www.openfoam.com                      |
|    \\/     M anipulation  |                                                 |
\*---------------------------------------------------------------------------*/
FoamFile
{
    version     2.0;
    format      ascii;
    arch        "LSB;label=32;scalar=64";
    class       volVectorField;
    location    "0.0999872";
    object      wallShearStress;
}
// * * * * * * * * * * * * * * * * * * * * * * * * * * * * * * * * * * * * * //

dimensions      [1 -1 -2 0 0 0 0];

internalField   uniform (0 0 0);

boundaryField
{
    inlet
    {
        type            calculated;
        value           uniform (0 0 0);
    }
    outlet
    {
        type            calculated;
        value           uniform (0 0 0);
    }
    top
    {
        type            calculated;
        value           uniform (0 0 0);
    }
    upstreamWall
    {
        type            symmetryPlane;
    }
    plate
    {
        type            calculated;
        value           nonuniform List<vector> 
96
(
(-10.941094 -0.061360812 0)
(-15.751753 -0.14487395 0)
(-15.99321 -0.16043874 0)
(-13.994872 -0.10640277 0)
(-12.289401 -0.042890639 0)
(-11.398758 0.00093403172 0)
(-11.360307 0.017699408 0)
(-11.530113 0.015799445 0)
(-11.721889 0.0092010172 0)
(-11.743304 0.0027557683 0)
(-11.659924 -0.00096636175 0)
(-11.516362 -0.0024993223 0)
(-11.346536 -0.0030212519 0)
(-11.168692 -0.0032113586 0)
(-10.985673 -0.003270505 0)
(-10.800459 -0.003205587 0)
(-10.620129 -0.0030316923 0)
(-10.446504 -0.0028228755 0)
(-10.279189 -0.0026207119 0)
(-10.118606 -0.0024248747 0)
(-9.9650474 -0.0022375549 0)
(-9.81826 -0.0020492504 0)
(-9.6798014 -0.0018639222 0)
(-9.5485201 -0.0017030538 0)
(-9.4229213 -0.0015663935 0)
(-9.3024179 -0.0014456993 0)
(-9.1867548 -0.0013321004 0)
(-9.0761843 -0.0012219521 0)
(-8.9708561 -0.0011227688 0)
(-8.8695503 -0.00103716 0)
(-8.7719139 -0.00096185832 0)
(-8.6774758 -0.00089093462 0)
(-8.5867686 -0.00082382025 0)
(-8.4992381 -0.00076342818 0)
(-8.4146696 -0.00070964178 0)
(-8.3325493 -0.00066101547 0)
(-8.2529776 -0.00061464378 0)
(-8.1759855 -0.0005722894 0)
(-8.1010933 -0.00053423824 0)
(-8.0282344 -0.00049893577 0)
(-7.9573647 -0.00046576739 0)
(-7.8884489 -0.00043564276 0)
(-7.8211113 -0.00040836886 0)
(-7.7553547 -0.00038251077 0)
(-7.6912365 -0.00035823473 0)
(-7.6285999 -0.00033618883 0)
(-7.5672478 -0.00031577538 0)
(-7.5072421 -0.00029641128 0)
(-7.4485341 -0.00027852885 0)
(-7.3909672 -0.00026203239 0)
(-7.3345218 -0.00024654781 0)
(-7.2791616 -0.00023212453 0)
(-7.2247954 -0.00021862421 0)
(-7.1714459 -0.00020602696 0)
(-7.1189763 -0.00019433448 0)
(-7.0674038 -0.00018319549 0)
(-7.0167361 -0.00017290728 0)
(-6.9668052 -0.00016329394 0)
(-6.9176908 -0.00015413986 0)
(-6.8693483 -0.00014561071 0)
(-6.8216991 -0.00013763232 0)
(-6.7747607 -0.00013009086 0)
(-6.7284866 -0.00012299837 0)
(-6.6828753 -0.00011635307 0)
(-6.6378624 -0.00011003995 0)
(-6.5935113 -0.0001041166 0)
(-6.5497051 -9.8568402e-05 0)
(-6.5064851 -9.3298812e-05 0)
(-6.4638196 -8.8356491e-05 0)
(-6.421674 -8.3695713e-05 0)
(-6.3800491 -7.9282637e-05 0)
(-6.3389321 -7.5115175e-05 0)
(-6.2983009 -7.1186775e-05 0)
(-6.2581484 -6.7467823e-05 0)
(-6.2184614 -6.395299e-05 0)
(-6.1792289 -6.0646726e-05 0)
(-6.1404188 -5.7505779e-05 0)
(-6.1020583 -5.4526197e-05 0)
(-6.0641138 -5.1743371e-05 0)
(-6.0265428 -4.9073056e-05 0)
(-5.9894276 -4.6538383e-05 0)
(-5.9526773 -4.4206246e-05 0)
(-5.9162513 -4.19248e-05 0)
(-5.8803048 -3.9744026e-05 0)
(-5.8446959 -3.7786613e-05 0)
(-5.8093521 -3.5876088e-05 0)
(-5.7744428 -3.393094e-05 0)
(-5.7400536 -3.222301e-05 0)
(-5.7057978 -3.0665483e-05 0)
(-5.671927 -2.8956565e-05 0)
(-5.6386955 -2.7053459e-05 0)
(-5.6065542 -2.5445325e-05 0)
(-5.5745916 -2.3993474e-05 0)
(-5.5432557 -2.0386205e-05 0)
(-5.519364 -1.9852167e-05 0)
(-5.4839531 -1.2447784e-05 0)
)
;
    }
    frontAndBack
    {
        type            empty;
    }
}


// ************************************************************************* //
