/*--------------------------------*- C++ -*----------------------------------*\
| =========                 |                                                 |
| \\      /  F ield         | OpenFOAM: The Open Source CFD Toolbox           |
|  \\    /   O peration     | Version:  2512                                  |
|   \\  /    A nd           | Website:  www.openfoam.com                      |
|    \\/     M anipulation  |                                                 |
\*---------------------------------------------------------------------------*/
FoamFile
{
    version     2.0;
    format      ascii;
    arch        "LSB;label=32;scalar=64";
    class       surfaceScalarField;
    location    "0.0299697";
    object      phi;
}
// * * * * * * * * * * * * * * * * * * * * * * * * * * * * * * * * * * * * * //

dimensions      [1 0 -1 0 0 0 0];

oriented        oriented;

internalField   nonuniform List<scalar> 
3514
(
1.07551e-06
8.91816e-11
1.07534e-06
1.70058e-10
1.07506e-06
2.7877e-10
1.07465e-06
4.12363e-10
1.07405e-06
5.94728e-10
1.07317e-06
8.78455e-10
1.07182e-06
1.35489e-09
1.06882e-06
3.00012e-09
1.06421e-06
4.61223e-09
4.00039e-07
6.64168e-07
1.2027e-06
1.88897e-10
1.20251e-06
3.60236e-10
1.20219e-06
5.90495e-10
1.20173e-06
8.73476e-10
1.20107e-06
1.25977e-09
1.20009e-06
1.86071e-09
1.19857e-06
2.86996e-09
1.19522e-06
6.34597e-09
1.19014e-06
9.69529e-09
6.71437e-07
9.18744e-07
1.34492e-06
2.99942e-10
1.34471e-06
5.73267e-10
1.34436e-06
9.38915e-10
1.34385e-06
1.38878e-09
1.34311e-06
2.00291e-09
1.34201e-06
2.9575e-09
1.34032e-06
4.56319e-09
1.33665e-06
1.00116e-08
1.33081e-06
1.55378e-08
8.51792e-07
1.15045e-06
1.50397e-06
4.23544e-10
1.50373e-06
8.11944e-10
1.50335e-06
1.32831e-09
1.50277e-06
1.96457e-09
1.50194e-06
2.83326e-09
1.50072e-06
4.18191e-09
1.49882e-06
6.45528e-09
1.49482e-06
1.40128e-08
1.4881e-06
2.22546e-08
9.67896e-07
1.372e-06
1.68183e-06
5.61067e-10
1.68156e-06
1.07938e-09
1.68113e-06
1.76348e-09
1.68049e-06
2.60792e-09
1.67956e-06
3.76094e-09
1.67819e-06
5.54848e-09
1.67608e-06
8.5692e-09
1.67172e-06
1.83677e-08
1.66401e-06
2.99712e-08
1.03897e-06
1.59293e-06
1.88072e-06
7.14026e-10
1.88042e-06
1.37907e-09
1.87994e-06
2.24976e-09
1.87922e-06
3.32665e-09
1.87818e-06
4.79723e-09
1.87666e-06
7.07338e-09
1.87429e-06
1.09304e-08
1.86956e-06
2.30979e-08
1.86072e-06
3.88161e-08
1.07899e-06
1.8207e-06
2.10313e-06
8.84117e-10
2.1028e-06
1.71489e-09
2.10225e-06
2.79315e-09
2.10145e-06
4.12955e-09
2.10029e-06
5.95476e-09
2.09859e-06
8.77465e-09
2.09596e-06
1.35668e-08
2.09082e-06
2.82305e-08
2.08072e-06
4.89156e-08
1.09812e-06
2.0616e-06
2.35185e-06
1.07324e-09
2.35147e-06
2.09121e-09
2.35086e-06
3.40029e-09
2.34997e-06
5.02638e-09
2.34867e-06
7.24753e-09
2.34678e-06
1.06724e-08
2.34383e-06
1.65093e-08
2.33827e-06
3.37985e-08
2.32679e-06
6.0386e-08
1.10357e-06
2.32134e-06
2.62997e-06
1.28354e-09
2.62955e-06
2.51281e-09
2.62887e-06
4.07866e-09
2.62787e-06
6.02807e-09
2.62643e-06
8.6912e-09
2.62431e-06
1.27889e-08
2.62103e-06
1.97916e-08
2.61498e-06
3.98422e-08
2.60204e-06
7.33274e-08
1.1003e-06
2.60531e-06
2.94099e-06
1.51743e-09
2.94052e-06
2.98506e-09
2.93976e-06
4.83656e-09
2.93864e-06
7.14677e-09
2.93703e-06
1.03032e-08
2.93467e-06
1.51491e-08
2.93101e-06
2.34506e-08
2.92444e-06
4.64103e-08
2.90995e-06
8.7816e-08
1.0915e-06
2.91876e-06
3.28879e-06
1.77764e-09
3.28826e-06
3.51387e-09
3.28741e-06
5.68327e-09
3.28616e-06
8.39604e-09
3.28436e-06
1.21028e-08
3.28173e-06
1.77807e-08
3.27765e-06
2.75265e-08
3.2705e-06
5.35591e-08
3.25442e-06
1.03897e-07
1.07909e-06
3.26683e-06
3.67771e-06
2.06725e-09
3.67712e-06
4.10582e-09
3.67617e-06
6.62911e-09
3.67478e-06
9.79091e-09
3.67277e-06
1.41115e-08
3.66984e-06
2.07141e-08
3.6653e-06
3.20628e-08
3.65751e-06
6.13524e-08
3.63983e-06
1.21577e-07
1.06416e-06
3.65475e-06
4.11263e-06
2.38971e-09
4.11197e-06
4.76812e-09
4.11091e-06
7.68558e-09
4.10936e-06
1.13481e-08
4.10711e-06
1.63532e-08
4.10385e-06
2.39831e-08
4.0988e-06
3.71063e-08
4.09029e-06
6.98598e-08
4.07105e-06
1.40822e-07
1.04729e-06
4.08792e-06
4.59898e-06
2.7489e-09
4.59824e-06
5.50882e-09
4.59706e-06
8.86541e-09
4.59533e-06
1.30862e-08
4.59283e-06
1.88538e-08
4.58918e-06
2.76244e-08
4.58358e-06
4.27073e-08
4.57429e-06
7.91546e-08
4.55356e-06
1.61545e-07
1.02878e-06
4.57207e-06
5.14285e-06
3.14915e-09
5.14202e-06
6.33672e-09
5.14071e-06
1.01827e-08
5.13877e-06
1.50255e-08
5.13598e-06
2.16423e-08
5.13193e-06
3.16782e-08
5.12571e-06
4.89185e-08
5.11556e-06
8.93101e-08
5.09349e-06
1.83613e-07
1.00883e-06
5.11345e-06
5.75104e-06
3.59529e-09
5.75011e-06
7.26157e-09
5.74864e-06
1.1653e-08
5.74648e-06
1.71884e-08
5.74337e-06
2.47499e-08
5.73886e-06
3.61877e-08
5.73199e-06
5.57949e-08
5.7209e-06
1.00396e-07
5.69768e-06
2.06835e-07
9.87571e-07
5.71893e-06
6.43114e-06
4.09267e-09
6.43011e-06
8.29404e-09
6.42847e-06
1.32933e-08
6.42606e-06
1.95996e-08
6.4226e-06
2.82108e-08
6.41759e-06
4.11988e-08
6.40999e-06
6.33925e-08
6.39791e-06
1.12472e-07
6.37378e-06
2.30971e-07
9.65184e-07
6.39617e-06
7.19168e-06
4.64716e-09
7.19053e-06
9.44583e-09
7.1887e-06
1.51222e-08
7.18601e-06
2.22855e-08
7.18216e-06
3.20614e-08
7.1766e-06
4.67601e-08
7.16823e-06
7.17665e-08
7.15512e-06
1.25585e-07
7.13035e-06
2.55732e-07
9.41849e-07
7.15369e-06
8.04216e-06
5.26522e-09
8.04087e-06
1.07296e-08
8.03883e-06
1.716e-08
8.03584e-06
2.52748e-08
8.03157e-06
3.63406e-08
8.0254e-06
5.29212e-08
8.0162e-06
8.09696e-08
8.00203e-06
1.39757e-07
7.97698e-06
2.80785e-07
9.17775e-07
8.00105e-06
8.99321e-06
5.95384e-09
8.99178e-06
1.21592e-08
8.98951e-06
1.94282e-08
8.98619e-06
2.8598e-08
8.98144e-06
4.1089e-08
8.97463e-06
5.97324e-08
8.96455e-06
9.10481e-08
8.94932e-06
1.54983e-07
8.92434e-06
3.05763e-07
8.93189e-07
8.94893e-06
1.00567e-05
6.72058e-09
1.00551e-05
1.37493e-08
1.00526e-05
2.19497e-08
1.00489e-05
3.22869e-08
1.00437e-05
4.63481e-08
1.00362e-05
6.7242e-08
1.00252e-05
1.02039e-07
1.00089e-05
1.71223e-07
9.98441e-06
3.30279e-07
8.68324e-07
1.00093e-05
1.1246e-05
7.57346e-09
1.12443e-05
1.55155e-08
1.12415e-05
2.47484e-08
1.12374e-05
3.63743e-08
1.12316e-05
5.2159e-08
1.12233e-05
7.54945e-08
1.12114e-05
1.13964e-07
1.11942e-05
1.88392e-07
1.11705e-05
3.5394e-07
8.43415e-07
1.11955e-05
1.2576e-05
8.52091e-09
1.2574e-05
1.74738e-08
1.25709e-05
2.78487e-08
1.25664e-05
4.08928e-08
1.256e-05
5.8561e-08
1.25509e-05
8.45266e-08
1.25381e-05
1.26824e-07
1.25201e-05
2.06361e-07
1.24977e-05
3.76366e-07
8.18687e-07
1.25224e-05
1.40632e-05
9.5716e-09
1.4061e-05
1.96408e-08
1.40576e-05
3.12745e-08
1.40526e-05
4.58731e-08
1.40456e-05
6.55884e-08
1.40357e-05
9.43638e-08
1.4022e-05
1.40596e-07
1.40034e-05
2.24951e-07
1.39825e-05
3.97208e-07
7.94342e-07
1.40069e-05
1.57263e-05
1.07342e-08
1.57239e-05
2.20325e-08
1.57201e-05
3.50482e-08
1.57146e-05
5.13427e-08
1.57069e-05
7.32682e-08
1.56963e-05
1.05014e-07
1.56817e-05
1.5522e-07
1.56627e-05
2.43935e-07
1.56437e-05
4.16172e-07
7.70564e-07
1.56675e-05
1.7586e-05
1.2017e-08
1.75834e-05
2.46636e-08
1.75793e-05
3.91888e-08
1.75733e-05
5.73221e-08
1.75649e-05
8.16145e-08
1.75535e-05
1.16464e-07
1.75381e-05
1.70601e-07
1.7519e-05
2.63049e-07
1.75021e-05
4.33031e-07
7.47506e-07
1.75252e-05
1.96657e-05
1.34278e-08
1.96629e-05
2.75464e-08
1.96583e-05
4.37096e-08
1.96518e-05
6.38218e-08
1.96428e-05
9.06245e-08
1.96306e-05
1.28669e-07
1.96146e-05
1.866e-07
1.95957e-05
2.81996e-07
1.95811e-05
4.47645e-07
7.25307e-07
1.96033e-05
2.19914e-05
1.49729e-08
2.19883e-05
3.06893e-08
2.19833e-05
4.86151e-08
2.19763e-05
7.0837e-08
2.19667e-05
1.00271e-07
2.19538e-05
1.4155e-07
2.19374e-05
2.03034e-07
2.19189e-05
3.0047e-07
2.19066e-05
4.59969e-07
7.04094e-07
2.19278e-05
2.45921e-05
1.66571e-08
2.45887e-05
3.40944e-08
2.45834e-05
5.38966e-08
2.45759e-05
7.83417e-08
2.45657e-05
1.10495e-07
2.45522e-05
1.54984e-07
2.45356e-05
2.19677e-07
2.45179e-05
3.18172e-07
2.45078e-05
4.70057e-07
6.83996e-07
2.45279e-05
2.75003e-05
1.84831e-08
2.74967e-05
3.77549e-08
2.7491e-05
5.95262e-08
2.74831e-05
8.62808e-08
2.74724e-05
1.21199e-07
2.74586e-05
1.68801e-07
2.7442e-05
2.3627e-07
2.74253e-05
3.3484e-07
2.74173e-05
4.78079e-07
6.6519e-07
2.74361e-05
3.07525e-05
2.04524e-08
3.07486e-05
4.1652e-08
3.07427e-05
6.54501e-08
3.07344e-05
9.45609e-08
3.07234e-05
1.32231e-07
3.07094e-05
1.82769e-07
3.06932e-05
2.52501e-07
3.06778e-05
3.50214e-07
3.06717e-05
4.84218e-07
6.4778e-07
3.06891e-05
3.43893e-05
2.25681e-08
3.43852e-05
4.57505e-08
3.43791e-05
7.15805e-08
3.43706e-05
1.0306e-07
3.43594e-05
1.43444e-07
3.43454e-05
1.96727e-07
3.43297e-05
2.68258e-07
3.43154e-05
3.64431e-07
3.43105e-05
4.89204e-07
6.32532e-07
3.43257e-05
3.84562e-05
2.48447e-08
3.8452e-05
4.99817e-08
3.84458e-05
7.76864e-08
3.84376e-05
1.11331e-07
3.84269e-05
1.54121e-07
3.8414e-05
2.09668e-07
3.83999e-05
2.82308e-07
3.83881e-05
3.76218e-07
3.83854e-05
4.91922e-07
6.17751e-07
3.84002e-05
4.30039e-05
2.73847e-08
4.29992e-05
5.46641e-08
4.29924e-05
8.45083e-08
4.29831e-05
1.2064e-07
4.29711e-05
1.66106e-07
4.29566e-05
2.24131e-07
4.29408e-05
2.98092e-07
4.29268e-05
3.9028e-07
4.292e-05
4.98727e-07
6.11325e-07
4.29264e-05
4.80908e-05
2.87738e-08
4.80889e-05
5.65903e-08
4.80862e-05
8.71806e-08
4.80825e-05
1.24415e-07
4.80776e-05
1.70933e-07
4.80722e-05
2.29593e-07
4.80673e-05
3.02933e-07
4.80658e-05
3.91772e-07
4.80721e-05
4.92486e-07
5.93186e-07
4.80902e-05
5.37682e-05
5.37583e-05
5.37447e-05
5.37274e-05
5.3706e-05
5.36798e-05
5.36494e-05
5.36171e-05
5.35878e-05
5.3568e-05
1.93082e-07
4.71086e-07
1.0272e-07
9.03628e-08
7.75818e-08
2.51378e-08
6.50043e-08
1.25775e-08
5.71804e-08
7.82392e-09
5.16744e-08
5.50603e-09
4.75043e-08
4.17009e-09
4.42056e-08
3.29863e-09
4.1517e-08
2.68861e-09
3.92729e-08
2.24406e-09
3.7363e-08
1.90995e-09
3.57114e-08
1.65157e-09
3.42645e-08
1.44689e-09
3.29831e-08
1.28132e-09
3.18379e-08
1.14526e-09
3.08062e-08
1.03169e-09
2.98702e-08
9.35944e-10
2.90161e-08
8.54078e-10
2.82325e-08
7.83676e-10
2.75101e-08
7.22277e-10
2.68415e-08
6.68662e-10
2.62204e-08
6.21095e-10
2.56414e-08
5.79113e-10
2.51e-08
5.41241e-10
2.45926e-08
5.07535e-10
2.41159e-08
4.76564e-10
2.36671e-08
4.48903e-10
2.32439e-08
4.23088e-10
2.28441e-08
3.99903e-10
2.24661e-08
3.77869e-10
2.21083e-08
3.57899e-10
2.17695e-08
3.38656e-10
2.14486e-08
3.20883e-10
2.1145e-08
3.03501e-10
2.08579e-08
2.8686e-10
2.05869e-08
2.70836e-10
2.03373e-08
2.49039e-10
2.01388e-08
1.98438e-10
1.97826e-08
3.53897e-10
5.15438e-10
5.25892e-07
8.63937e-07
3.48603e-07
2.67653e-07
2.69472e-07
1.04269e-07
2.26499e-07
5.55504e-08
1.99325e-07
3.49975e-08
1.80159e-07
2.46723e-08
1.65646e-07
1.86826e-08
1.54161e-07
1.47834e-08
1.44793e-07
1.2057e-08
1.36969e-07
1.00683e-08
1.30307e-07
8.57142e-09
1.24546e-07
7.4129e-09
1.19498e-07
6.49459e-09
1.15028e-07
5.75173e-09
1.11032e-07
5.14096e-09
1.07432e-07
4.63138e-09
1.04167e-07
4.20136e-09
1.01187e-07
3.83399e-09
9.84533e-08
3.51765e-09
9.59333e-08
3.24225e-09
9.36008e-08
3.00125e-09
9.14338e-08
2.78811e-09
8.94139e-08
2.59916e-09
8.75256e-08
2.42977e-09
8.57555e-08
2.27766e-09
8.40924e-08
2.13963e-09
8.25268e-08
2.01478e-09
8.10501e-08
1.89976e-09
7.96553e-08
1.79493e-09
7.83363e-08
1.69694e-09
7.70877e-08
1.60671e-09
7.59052e-08
1.52131e-09
7.47851e-08
1.44111e-09
7.37247e-08
1.36412e-09
7.27218e-08
1.28975e-09
7.17748e-08
1.21809e-09
7.09009e-08
1.12266e-09
7.0177e-08
9.22585e-10
6.89485e-08
1.58004e-09
1.88962e-09
8.45434e-07
1.16896e-06
6.40506e-07
4.72581e-07
5.17368e-07
2.27407e-07
4.40708e-07
1.3221e-07
3.89637e-07
8.60681e-08
3.52921e-07
6.13888e-08
3.24896e-07
4.67071e-08
3.02614e-07
3.70659e-08
2.84375e-07
3.02954e-08
2.69106e-07
2.53378e-08
2.56084e-07
2.15935e-08
2.44808e-07
1.86888e-08
2.3492e-07
1.63824e-08
2.26157e-07
1.45146e-08
2.18321e-07
1.29775e-08
2.11258e-07
1.16942e-08
2.04849e-07
1.06103e-08
1.98998e-07
9.68428e-09
1.9363e-07
8.88624e-09
1.8868e-07
8.19159e-09
1.84098e-07
7.58323e-09
1.79841e-07
7.04544e-09
1.75872e-07
6.56822e-09
1.72161e-07
6.14063e-09
1.68682e-07
5.75675e-09
1.65413e-07
5.40844e-09
1.62335e-07
5.09286e-09
1.59432e-07
4.80285e-09
1.56689e-07
4.53772e-09
1.54095e-07
4.29087e-09
1.51639e-07
4.06272e-09
1.49312e-07
3.8476e-09
1.47107e-07
3.64539e-09
1.4502e-07
3.45156e-09
1.43044e-07
3.26489e-09
1.41178e-07
3.0835e-09
1.39452e-07
2.84792e-09
1.37966e-07
2.4083e-09
1.3566e-07
3.88295e-09
4.14025e-09
1.15042e-06
1.39054e-06
9.57344e-07
6.65657e-07
8.13259e-07
3.71491e-07
7.09384e-07
2.36086e-07
6.34137e-07
1.61315e-07
5.77664e-07
1.17862e-07
5.33585e-07
9.07858e-08
4.98071e-07
7.25797e-08
4.68745e-07
5.96213e-08
4.44041e-07
5.00425e-08
4.22878e-07
4.2756e-08
4.04494e-07
3.70733e-08
3.88332e-07
3.25438e-08
3.73982e-07
2.88652e-08
3.61128e-07
2.58307e-08
3.4953e-07
2.32929e-08
3.38994e-07
2.11461e-08
3.29368e-07
1.93099e-08
3.20529e-07
1.77255e-08
3.12375e-07
1.63458e-08
3.04822e-07
1.51361e-08
2.97801e-07
1.40667e-08
2.91253e-07
1.31166e-08
2.85128e-07
1.22658e-08
2.79384e-07
1.15007e-08
2.73985e-07
1.08075e-08
2.689e-07
1.01783e-08
2.64101e-07
9.60106e-09
2.59567e-07
9.07208e-09
2.55277e-07
8.58088e-09
2.51215e-07
8.12579e-09
2.47364e-07
7.69795e-09
2.43715e-07
7.29504e-09
2.40257e-07
6.91004e-09
2.36982e-07
6.53932e-09
2.33889e-07
6.17724e-09
2.31017e-07
5.71934e-09
2.28455e-07
4.9709e-09
2.24884e-07
7.45089e-09
7.32247e-09
1.44257e-06
1.54089e-06
1.28219e-06
8.26042e-07
1.14107e-06
5.12605e-07
1.02478e-06
3.52385e-07
9.31963e-07
2.54127e-07
8.57752e-07
1.92073e-07
7.97476e-07
1.51061e-07
7.47648e-07
1.22408e-07
7.05773e-07
1.01496e-07
6.70053e-07
8.57626e-08
6.39173e-07
7.36357e-08
6.12162e-07
6.40845e-08
5.88291e-07
5.64146e-08
5.67006e-07
5.015e-08
5.47878e-07
4.49587e-08
5.3057e-07
4.06014e-08
5.14812e-07
3.6904e-08
5.00388e-07
3.37339e-08
4.87121e-07
3.09927e-08
4.74865e-07
2.86015e-08
4.63499e-07
2.65017e-08
4.52923e-07
2.46433e-08
4.43049e-07
2.29902e-08
4.33806e-07
2.15086e-08
4.25131e-07
2.01755e-08
4.16972e-07
1.8967e-08
4.09281e-07
1.78685e-08
4.02021e-07
1.68614e-08
3.95155e-07
1.59371e-08
3.88656e-07
1.50797e-08
3.82497e-07
1.42843e-08
3.76658e-07
1.35373e-08
3.71118e-07
1.28337e-08
3.65866e-07
1.21622e-08
3.60888e-07
1.15162e-08
3.56182e-07
1.08821e-08
3.51797e-07
1.01031e-08
3.47766e-07
9.0016e-09
3.42707e-07
1.25074e-08
1.1501e-08
1.72681e-06
1.63478e-06
1.60578e-06
9.47077e-07
1.48441e-06
6.33967e-07
1.37219e-06
4.64609e-07
1.27375e-06
3.52572e-07
1.18908e-06
2.76739e-07
1.11653e-06
2.23608e-07
1.05419e-06
1.84749e-07
1.0003e-06
1.55392e-07
9.53345e-07
1.32714e-07
9.12104e-07
1.14877e-07
8.75584e-07
1.00604e-07
8.42998e-07
8.90005e-08
8.13718e-07
7.94302e-08
7.8724e-07
7.14369e-08
7.63156e-07
6.46847e-08
7.41136e-07
5.89242e-08
7.20907e-07
5.39634e-08
7.02242e-07
4.96573e-08
6.84954e-07
4.58893e-08
6.68885e-07
4.2571e-08
6.53901e-07
3.96277e-08
6.39887e-07
3.70036e-08
6.26748e-07
3.46484e-08
6.14399e-07
3.25249e-08
6.02767e-07
3.05984e-08
5.91791e-07
2.88444e-08
5.81417e-07
2.72356e-08
5.71598e-07
2.57568e-08
5.62292e-07
2.43853e-08
5.53466e-07
2.31111e-08
5.45088e-07
2.19154e-08
5.37133e-07
2.07883e-08
5.29582e-07
1.97137e-08
5.22418e-07
1.86801e-08
5.15639e-07
1.76616e-08
5.09294e-07
1.64475e-08
5.03331e-07
1.49647e-08
4.96504e-07
1.93329e-08
1.67608e-08
2.0099e-06
1.68648e-06
1.92604e-06
1.03094e-06
1.83219e-06
7.27813e-07
1.73635e-06
5.60449e-07
1.64476e-06
4.44164e-07
1.56006e-06
3.61441e-07
1.48302e-06
3.00645e-07
1.41358e-06
2.54192e-07
1.35122e-06
2.17746e-07
1.29525e-06
1.88689e-07
1.2449e-06
1.65227e-07
1.19945e-06
1.46047e-07
1.15828e-06
1.30176e-07
1.12081e-06
1.16896e-07
1.08658e-06
1.0567e-07
1.05517e-06
9.60918e-08
1.02625e-06
8.78507e-08
9.99507e-07
8.07031e-08
9.74704e-07
7.44602e-08
9.51624e-07
6.89689e-08
9.30085e-07
6.41103e-08
9.09928e-07
5.97842e-08
8.91019e-07
5.59131e-08
8.73238e-07
5.24284e-08
8.56485e-07
4.9278e-08
8.4067e-07
4.64135e-08
8.25715e-07
4.37991e-08
8.11553e-07
4.13977e-08
7.98124e-07
3.91857e-08
7.85376e-07
3.71325e-08
7.73265e-07
3.52218e-08
7.61752e-07
3.34279e-08
7.50804e-07
3.17356e-08
7.40395e-07
3.01224e-08
7.30504e-07
2.85702e-08
7.21129e-07
2.70356e-08
7.12314e-07
2.52611e-08
7.03908e-07
2.33704e-08
6.9497e-07
2.82686e-08
2.32364e-08
2.29953e-06
1.70829e-06
2.24619e-06
1.08428e-06
2.18032e-06
7.93683e-07
2.10675e-06
6.34014e-07
2.03086e-06
5.20057e-07
1.95578e-06
4.3652e-07
1.88332e-06
3.73106e-07
1.81457e-06
3.22945e-07
1.75008e-06
2.82236e-07
1.69001e-06
2.4875e-07
1.6343e-06
2.20944e-07
1.5827e-06
1.97645e-07
1.53493e-06
1.7795e-07
1.49066e-06
1.61163e-07
1.44958e-06
1.46745e-07
1.4114e-06
1.34273e-07
1.37584e-06
1.23413e-07
1.34265e-06
1.13897e-07
1.3116e-06
1.05509e-07
1.28249e-06
9.80734e-08
1.25516e-06
9.14484e-08
1.22943e-06
8.55136e-08
1.20517e-06
8.01738e-08
1.18225e-06
7.53442e-08
1.16057e-06
7.09585e-08
1.14003e-06
6.69561e-08
1.12054e-06
6.32901e-08
1.10202e-06
5.99131e-08
1.08441e-06
5.6793e-08
1.06765e-06
5.3891e-08
1.05169e-06
5.11835e-08
1.03648e-06
4.8638e-08
1.02199e-06
4.62325e-08
1.00817e-06
4.39375e-08
9.95015e-07
4.17267e-08
9.82516e-07
3.95349e-08
9.70704e-07
3.70723e-08
9.59344e-07
3.47309e-08
9.47923e-07
3.96878e-08
3.10879e-08
2.60367e-06
1.70994e-06
2.57282e-06
1.11512e-06
2.53089e-06
8.3562e-07
2.47978e-06
6.85119e-07
2.42325e-06
5.7659e-07
2.36378e-06
4.95986e-07
2.30308e-06
4.33806e-07
2.24249e-06
3.83538e-07
2.18302e-06
3.41708e-07
2.12536e-06
3.06405e-07
2.06996e-06
2.7635e-07
2.01704e-06
2.50565e-07
1.9667e-06
2.28286e-07
1.91895e-06
2.08911e-07
1.87373e-06
1.91965e-07
1.83094e-06
1.77065e-07
1.79045e-06
1.639e-07
1.75214e-06
1.5221e-07
1.71587e-06
1.41784e-07
1.68149e-06
1.32444e-07
1.6489e-06
1.24043e-07
1.61796e-06
1.16453e-07
1.58856e-06
1.09571e-07
1.5606e-06
1.03303e-07
1.53399e-06
9.75762e-08
1.50862e-06
9.23201e-08
1.48443e-06
8.74803e-08
1.46134e-06
8.30018e-08
1.43929e-06
7.88456e-08
1.41822e-06
7.49658e-08
1.39807e-06
7.13328e-08
1.3788e-06
6.79071e-08
1.36037e-06
6.46607e-08
1.34275e-06
6.15568e-08
1.32591e-06
5.85595e-08
1.30987e-06
5.55795e-08
1.29462e-06
5.23156e-08
1.2799e-06
4.94595e-08
1.26567e-06
5.39151e-08
4.04677e-08
2.93023e-06
1.69846e-06
2.9144e-06
1.13096e-06
2.89044e-06
8.59583e-07
2.85829e-06
7.1727e-07
2.82026e-06
6.14612e-07
2.77797e-06
5.38279e-07
2.7325e-06
4.79281e-07
2.68485e-06
4.31183e-07
2.63595e-06
3.90604e-07
2.58658e-06
3.55783e-07
2.53733e-06
3.25597e-07
2.48868e-06
2.99211e-07
2.44099e-06
2.75983e-07
2.39449e-06
2.55409e-07
2.34936e-06
2.37097e-07
2.3057e-06
2.20726e-07
2.26356e-06
2.06033e-07
2.22298e-06
1.92797e-07
2.18393e-06
1.80833e-07
2.14639e-06
1.6998e-07
2.11033e-06
1.60105e-07
2.0757e-06
1.51089e-07
2.04243e-06
1.42834e-07
2.01049e-06
1.35249e-07
1.9798e-06
1.28259e-07
1.95033e-06
1.21796e-07
1.92201e-06
1.15802e-07
1.89479e-06
1.10221e-07
1.86862e-06
1.05008e-07
1.84347e-06
1.00117e-07
1.8193e-06
9.55117e-08
1.79605e-06
9.11499e-08
1.77372e-06
8.69979e-08
1.75226e-06
8.30132e-08
1.73167e-06
7.91497e-08
1.71195e-06
7.52948e-08
1.69311e-06
7.11581e-08
1.67486e-06
6.77132e-08
1.6577e-06
7.10718e-08
5.14303e-08
3.28678e-06
1.67851e-06
3.28002e-06
1.13771e-06
3.26808e-06
8.71528e-07
3.24983e-06
7.35515e-07
3.2267e-06
6.37748e-07
3.19963e-06
5.65344e-07
3.16911e-06
5.09798e-07
3.13565e-06
4.64644e-07
3.09981e-06
4.26447e-07
3.06214e-06
3.93456e-07
3.02314e-06
3.64596e-07
2.98326e-06
3.39089e-07
2.94289e-06
3.16352e-07
2.90236e-06
2.95942e-07
2.86193e-06
2.77523e-07
2.82183e-06
2.60824e-07
2.78224e-06
2.45627e-07
2.74329e-06
2.3175e-07
2.70508e-06
2.19041e-07
2.66769e-06
2.07366e-07
2.63118e-06
1.96614e-07
2.59559e-06
1.86684e-07
2.56093e-06
1.77493e-07
2.52722e-06
1.6896e-07
2.49446e-06
1.61021e-07
2.46264e-06
1.53611e-07
2.43176e-06
1.4668e-07
2.40181e-06
1.40173e-07
2.37277e-06
1.3405e-07
2.34462e-06
1.28261e-07
2.31736e-06
1.22774e-07
2.29097e-06
1.17543e-07
2.26543e-06
1.12533e-07
2.24075e-06
1.07698e-07
2.21692e-06
1.02982e-07
2.19396e-06
9.82516e-08
2.17187e-06
9.32488e-08
2.15042e-06
8.91645e-08
2.13061e-06
9.08748e-08
6.3842e-08
3.68039e-06
1.65288e-06
3.67863e-06
1.13947e-06
3.67387e-06
8.76288e-07
3.66461e-06
7.44773e-07
3.65181e-06
6.50544e-07
3.63618e-06
5.80977e-07
3.61781e-06
5.28164e-07
3.59683e-06
4.85631e-07
3.57343e-06
4.49848e-07
3.54787e-06
4.19012e-07
3.52043e-06
3.92031e-07
3.4914e-06
3.68124e-07
3.46104e-06
3.46712e-07
3.42961e-06
3.27368e-07
3.39736e-06
3.09772e-07
3.36451e-06
2.93677e-07
3.33125e-06
2.78889e-07
3.29775e-06
2.65246e-07
3.26417e-06
2.5262e-07
3.23064e-06
2.40898e-07
3.19727e-06
2.29986e-07
3.16415e-06
2.19803e-07
3.13137e-06
2.10277e-07
3.09898e-06
2.01344e-07
3.06705e-06
1.92949e-07
3.03563e-06
1.85039e-07
3.00474e-06
1.77569e-07
2.97442e-06
1.70493e-07
2.94469e-06
1.63774e-07
2.91559e-06
1.57369e-07
2.88711e-06
1.51247e-07
2.85929e-06
1.45365e-07
2.83214e-06
1.39687e-07
2.80567e-06
1.34165e-07
2.77991e-06
1.28737e-07
2.75491e-06
1.23254e-07
2.73066e-06
1.17501e-07
2.70704e-06
1.12788e-07
2.68548e-06
1.12428e-07
7.72841e-08
4.11775e-06
1.62305e-06
4.11855e-06
1.13868e-06
4.11764e-06
8.772e-07
4.11354e-06
7.48872e-07
4.107e-06
6.57088e-07
4.09874e-06
5.89234e-07
4.08876e-06
5.38143e-07
4.07697e-06
4.97421e-07
4.06336e-06
4.63459e-07
4.04797e-06
4.34403e-07
4.03087e-06
4.09127e-07
4.01217e-06
3.86824e-07
3.99199e-06
3.66899e-07
3.97045e-06
3.48909e-07
3.94769e-06
3.32528e-07
3.92386e-06
3.17508e-07
3.89909e-06
3.03654e-07
3.87353e-06
2.90811e-07
3.84729e-06
2.78855e-07
3.82051e-06
2.67682e-07
3.79329e-06
2.57207e-07
3.76574e-06
2.47355e-07
3.73795e-06
2.38065e-07
3.71001e-06
2.29281e-07
3.68201e-06
2.20956e-07
3.654e-06
2.13043e-07
3.62606e-06
2.05506e-07
3.59825e-06
1.98303e-07
3.57062e-06
1.91404e-07
3.54322e-06
1.84769e-07
3.5161e-06
1.78372e-07
3.48929e-06
1.72171e-07
3.46285e-06
1.66133e-07
3.4368e-06
1.60209e-07
3.41121e-06
1.54329e-07
3.38613e-06
1.48335e-07
3.36158e-06
1.42057e-07
3.33755e-06
1.36811e-07
3.3158e-06
1.34181e-07
9.10414e-08
4.60541e-06
1.58972e-06
4.60754e-06
1.13654e-06
4.60848e-06
8.76259e-07
4.60704e-06
7.50308e-07
4.6038e-06
6.60334e-07
4.59964e-06
5.93393e-07
4.59461e-06
5.43173e-07
4.58858e-06
5.03451e-07
4.58146e-06
4.70578e-07
4.5732e-06
4.42667e-07
4.56375e-06
4.18569e-07
4.55312e-06
3.97459e-07
4.5413e-06
3.7872e-07
4.52831e-06
3.61895e-07
4.5142e-06
3.46641e-07
4.49901e-06
3.32699e-07
4.4828e-06
3.19864e-07
4.46563e-06
3.07976e-07
4.44758e-06
2.96905e-07
4.42872e-06
2.86543e-07
4.40912e-06
2.76806e-07
4.38886e-06
2.67619e-07
4.368e-06
2.58921e-07
4.34663e-06
2.50657e-07
4.3248e-06
2.42783e-07
4.30259e-06
2.35255e-07
4.28006e-06
2.28037e-07
4.25727e-06
2.21092e-07
4.23428e-06
2.14392e-07
4.21115e-06
2.07899e-07
4.18793e-06
2.01588e-07
4.16469e-06
1.9542e-07
4.14146e-06
1.8936e-07
4.11831e-06
1.83359e-07
4.0953e-06
1.77341e-07
4.07249e-06
1.71142e-07
4.04992e-06
1.64626e-07
4.02773e-06
1.59008e-07
4.00774e-06
1.54167e-07
1.04213e-07
5.14999e-06
1.55318e-06
5.153e-06
1.13353e-06
5.15475e-06
8.74509e-07
5.1546e-06
7.50459e-07
5.15288e-06
6.62056e-07
5.15067e-06
5.95602e-07
5.14813e-06
5.45712e-07
5.14516e-06
5.06418e-07
5.14168e-06
4.74058e-07
5.13762e-06
4.46724e-07
5.13293e-06
4.23263e-07
5.12754e-06
4.02842e-07
5.12143e-06
3.84837e-07
5.11455e-06
3.68776e-07
5.10688e-06
3.5431e-07
5.09841e-06
3.41165e-07
5.08914e-06
3.2913e-07
5.07909e-06
3.18035e-07
5.06825e-06
3.07743e-07
5.05665e-06
2.9814e-07
5.04432e-06
2.89137e-07
5.03129e-06
2.80652e-07
5.01758e-06
2.72624e-07
5.00325e-06
2.64992e-07
4.98832e-06
2.57711e-07
4.97284e-06
2.50736e-07
4.95685e-06
2.44029e-07
4.94039e-06
2.37552e-07
4.92351e-06
2.31274e-07
4.90624e-06
2.25161e-07
4.88865e-06
2.19182e-07
4.87077e-06
2.133e-07
4.85265e-06
2.07479e-07
4.83434e-06
2.01664e-07
4.81591e-06
1.95775e-07
4.79741e-06
1.89643e-07
4.77888e-06
1.83152e-07
4.76056e-06
1.77334e-07
4.74416e-06
1.7057e-07
1.15962e-07
5.75853e-06
1.51358e-06
5.7624e-06
1.12967e-06
5.76448e-06
8.72433e-07
5.76496e-06
7.49975e-07
5.76387e-06
6.63147e-07
5.76244e-06
5.97034e-07
5.76095e-06
5.47202e-07
5.75935e-06
5.08017e-07
5.75759e-06
4.75822e-07
5.75561e-06
4.48697e-07
5.75339e-06
4.25489e-07
5.75086e-06
4.05369e-07
5.74799e-06
3.8771e-07
5.74473e-06
3.72038e-07
5.74104e-06
3.57996e-07
5.7369e-06
3.45307e-07
5.73227e-06
3.33755e-07
5.72714e-06
3.23164e-07
5.72149e-06
3.13393e-07
5.71531e-06
3.04322e-07
5.70859e-06
2.95856e-07
5.70133e-06
2.87912e-07
5.69354e-06
2.80421e-07
5.68521e-06
2.73322e-07
5.67635e-06
2.66564e-07
5.66699e-06
2.601e-07
5.65713e-06
2.53888e-07
5.64679e-06
2.47889e-07
5.636e-06
2.42069e-07
5.62477e-06
2.36389e-07
5.61313e-06
2.30819e-07
5.60112e-06
2.25317e-07
5.58875e-06
2.19845e-07
5.57607e-06
2.14344e-07
5.56312e-06
2.08727e-07
5.54994e-06
2.02821e-07
5.53658e-06
1.96516e-07
5.5233e-06
1.90615e-07
5.51154e-06
1.82332e-07
1.2579e-07
6.43872e-06
1.47102e-06
6.44365e-06
1.12474e-06
6.44585e-06
8.70228e-07
6.44671e-06
7.49118e-07
6.44588e-06
6.63978e-07
6.44469e-06
5.98223e-07
6.44355e-06
5.48342e-07
6.44244e-06
5.09121e-07
6.44134e-06
4.76924e-07
6.44022e-06
4.49817e-07
6.43906e-06
4.26653e-07
6.43782e-06
4.06606e-07
6.43648e-06
3.89052e-07
6.435e-06
3.73517e-07
6.43335e-06
3.59642e-07
6.43151e-06
3.47149e-07
6.42945e-06
3.35819e-07
6.42714e-06
3.25473e-07
6.42456e-06
3.15969e-07
6.4217e-06
3.07186e-07
6.41853e-06
2.99024e-07
6.41504e-06
2.91399e-07
6.41122e-06
2.8424e-07
6.40706e-06
2.77482e-07
6.40255e-06
2.71073e-07
6.39769e-06
2.64962e-07
6.39247e-06
2.59106e-07
6.3869e-06
2.53462e-07
6.38097e-06
2.47996e-07
6.3747e-06
2.42665e-07
6.36808e-06
2.37436e-07
6.36113e-06
2.32267e-07
6.35386e-06
2.27113e-07
6.34629e-06
2.21913e-07
6.33844e-06
2.16574e-07
6.33034e-06
2.10923e-07
6.32202e-06
2.0484e-07
6.31375e-06
1.98885e-07
6.30661e-06
1.89476e-07
1.33668e-07
7.19905e-06
1.42566e-06
7.20534e-06
1.11846e-06
7.2076e-06
8.67962e-07
7.20874e-06
7.47977e-07
7.20806e-06
6.64666e-07
7.20691e-06
5.99371e-07
7.20583e-06
5.49419e-07
7.20484e-06
5.10107e-07
7.20393e-06
4.7784e-07
7.20307e-06
4.50671e-07
7.20227e-06
4.27455e-07
7.2015e-06
4.07375e-07
7.20075e-06
3.89807e-07
7.19999e-06
3.74279e-07
7.1992e-06
3.60431e-07
7.19836e-06
3.47984e-07
7.19746e-06
3.36718e-07
7.19648e-06
3.26455e-07
7.1954e-06
3.1705e-07
7.19421e-06
3.08381e-07
7.19288e-06
3.00349e-07
7.19141e-06
2.92868e-07
7.18979e-06
2.85864e-07
7.188e-06
2.79274e-07
7.18603e-06
2.73043e-07
7.18387e-06
2.67119e-07
7.18152e-06
2.61459e-07
7.17896e-06
2.56019e-07
7.1762e-06
2.5076e-07
7.17322e-06
2.45641e-07
7.17003e-06
2.40627e-07
7.16662e-06
2.35672e-07
7.163e-06
2.30731e-07
7.15918e-06
2.2574e-07
7.15515e-06
2.206e-07
7.15094e-06
2.15138e-07
7.14656e-06
2.09221e-07
7.14227e-06
2.03171e-07
7.13881e-06
1.92932e-07
1.39975e-07
8.04899e-06
1.37772e-06
8.057e-06
1.11045e-06
8.05933e-06
8.65629e-07
8.06072e-06
7.46582e-07
8.06017e-06
6.65224e-07
8.059e-06
6.00535e-07
8.05789e-06
5.50532e-07
8.05688e-06
5.11111e-07
8.05597e-06
4.7875e-07
8.05516e-06
4.51489e-07
8.05443e-06
4.28184e-07
8.05378e-06
4.08026e-07
8.05319e-06
3.90395e-07
8.05265e-06
3.74818e-07
8.05215e-06
3.60934e-07
8.05166e-06
3.48466e-07
8.05119e-06
3.37191e-07
8.05072e-06
3.2693e-07
8.05023e-06
3.17538e-07
8.04972e-06
3.08892e-07
8.04918e-06
3.00893e-07
8.04859e-06
2.93453e-07
8.04795e-06
2.86499e-07
8.04726e-06
2.79968e-07
8.0465e-06
2.73803e-07
8.04567e-06
2.67953e-07
8.04475e-06
2.62372e-07
8.04376e-06
2.57018e-07
8.04266e-06
2.51851e-07
8.04148e-06
2.46828e-07
8.04019e-06
2.41914e-07
8.0388e-06
2.37063e-07
8.0373e-06
2.32227e-07
8.0357e-06
2.2734e-07
8.034e-06
2.22303e-07
8.03219e-06
2.16941e-07
8.03031e-06
2.11104e-07
8.02859e-06
2.04894e-07
8.0275e-06
1.94023e-07
1.45256e-07
8.99913e-06
1.32752e-06
9.00923e-06
1.10035e-06
9.01168e-06
8.63177e-07
9.01332e-06
7.44948e-07
9.01292e-06
6.65626e-07
9.01174e-06
6.01715e-07
9.01056e-06
5.51707e-07
9.0095e-06
5.12175e-07
9.00854e-06
4.79712e-07
9.00768e-06
4.52347e-07
9.00692e-06
4.28938e-07
9.00626e-06
4.08684e-07
9.00569e-06
3.9097e-07
9.00519e-06
3.75321e-07
9.00474e-06
3.61379e-07
9.00435e-06
3.48862e-07
9.00399e-06
3.37547e-07
9.00366e-06
3.27256e-07
9.00336e-06
3.17841e-07
9.00307e-06
3.09179e-07
9.0028e-06
3.0117e-07
9.00252e-06
2.93726e-07
9.00225e-06
2.86774e-07
9.00197e-06
2.80249e-07
9.00167e-06
2.74094e-07
9.00137e-06
2.68259e-07
9.00104e-06
2.62697e-07
9.0007e-06
2.57364e-07
9.00032e-06
2.52222e-07
8.99993e-06
2.47228e-07
8.9995e-06
2.42344e-07
8.99903e-06
2.37525e-07
8.99854e-06
2.32722e-07
8.99801e-06
2.27868e-07
8.99745e-06
2.22862e-07
8.99686e-06
2.17531e-07
8.99626e-06
2.11705e-07
8.99587e-06
2.05283e-07
8.99597e-06
1.93927e-07
1.49998e-07
1.00613e-05
1.27545e-06
1.00739e-05
1.0878e-06
1.00766e-05
8.60503e-07
1.00784e-05
7.4309e-07
1.00782e-05
6.65833e-07
1.0077e-05
6.02892e-07
1.00758e-05
5.52944e-07
1.00747e-05
5.13306e-07
1.00736e-05
4.80742e-07
1.00727e-05
4.53268e-07
1.00719e-05
4.29747e-07
1.00712e-05
4.09388e-07
1.00706e-05
3.9158e-07
1.00701e-05
3.75849e-07
1.00696e-05
3.61837e-07
1.00692e-05
3.4926e-07
1.00689e-05
3.37894e-07
1.00686e-05
3.2756e-07
1.00683e-05
3.18109e-07
1.00681e-05
3.09417e-07
1.00678e-05
3.01382e-07
1.00677e-05
2.93917e-07
1.00675e-05
2.86947e-07
1.00673e-05
2.80408e-07
1.00672e-05
2.74242e-07
1.0067e-05
2.68397e-07
1.00669e-05
2.62828e-07
1.00668e-05
2.5749e-07
1.00667e-05
2.52343e-07
1.00665e-05
2.47346e-07
1.00664e-05
2.42459e-07
1.00663e-05
2.37638e-07
1.00662e-05
2.32832e-07
1.00661e-05
2.27974e-07
1.0066e-05
2.22961e-07
1.00659e-05
2.17624e-07
1.00658e-05
2.11769e-07
1.0066e-05
2.05117e-07
1.00665e-05
1.93417e-07
1.54498e-07
1.12489e-05
1.22203e-06
1.12642e-05
1.07249e-06
1.12672e-05
8.57451e-07
1.12693e-05
7.41022e-07
1.12693e-05
6.65807e-07
1.12682e-05
6.04031e-07
1.12669e-05
5.54233e-07
1.12657e-05
5.14505e-07
1.12646e-05
4.8184e-07
1.12636e-05
4.54256e-07
1.12628e-05
4.30619e-07
1.1262e-05
4.10148e-07
1.12613e-05
3.92238e-07
1.12608e-05
3.76419e-07
1.12603e-05
3.62329e-07
1.12599e-05
3.49685e-07
1.12595e-05
3.38263e-07
1.12592e-05
3.27879e-07
1.12589e-05
3.18385e-07
1.12586e-05
3.09657e-07
1.12584e-05
3.01591e-07
1.12583e-05
2.94098e-07
1.12581e-05
2.87104e-07
1.1258e-05
2.80543e-07
1.12578e-05
2.74357e-07
1.12578e-05
2.68495e-07
1.12577e-05
2.62909e-07
1.12576e-05
2.57555e-07
1.12576e-05
2.52393e-07
1.12575e-05
2.47381e-07
1.12575e-05
2.4248e-07
1.12575e-05
2.37643e-07
1.12575e-05
2.3282e-07
1.12575e-05
2.27943e-07
1.12576e-05
2.22909e-07
1.12577e-05
2.17548e-07
1.12578e-05
2.11648e-07
1.12581e-05
2.04775e-07
1.12587e-05
1.92888e-07
1.58864e-07
1.25766e-05
1.16781e-06
1.25949e-05
1.05419e-06
1.25986e-05
8.53808e-07
1.26008e-05
7.38753e-07
1.26011e-05
6.65508e-07
1.26001e-05
6.0509e-07
1.25988e-05
5.55558e-07
1.25975e-05
5.15765e-07
1.25963e-05
4.83003e-07
1.25953e-05
4.55311e-07
1.25944e-05
4.31555e-07
1.25935e-05
4.10966e-07
1.25928e-05
3.92948e-07
1.25922e-05
3.77034e-07
1.25917e-05
3.6286e-07
1.25912e-05
3.50145e-07
1.25908e-05
3.3866e-07
1.25905e-05
3.28223e-07
1.25902e-05
3.18682e-07
1.25899e-05
3.09914e-07
1.25897e-05
3.01812e-07
1.25895e-05
2.94288e-07
1.25893e-05
2.87267e-07
1.25892e-05
2.8068e-07
1.25891e-05
2.74472e-07
1.2589e-05
2.68588e-07
1.25889e-05
2.62982e-07
1.25889e-05
2.57609e-07
1.25888e-05
2.52428e-07
1.25888e-05
2.47396e-07
1.25888e-05
2.42475e-07
1.25889e-05
2.37617e-07
1.25889e-05
2.32772e-07
1.2589e-05
2.2787e-07
1.25891e-05
2.22809e-07
1.25892e-05
2.17421e-07
1.25894e-05
2.1147e-07
1.25898e-05
2.04404e-07
1.25901e-05
1.92501e-07
1.63156e-07
1.40612e-05
1.11344e-06
1.40827e-05
1.03278e-06
1.40871e-05
8.49314e-07
1.40896e-05
7.36277e-07
1.40902e-05
6.64906e-07
1.40893e-05
6.06017e-07
1.4088e-05
5.56893e-07
1.40867e-05
5.17073e-07
1.40854e-05
4.84226e-07
1.40843e-05
4.56429e-07
1.40833e-05
4.32552e-07
1.40824e-05
4.1184e-07
1.40817e-05
3.93709e-07
1.4081e-05
3.77694e-07
1.40804e-05
3.63432e-07
1.408e-05
3.50639e-07
1.40795e-05
3.39088e-07
1.40792e-05
3.28593e-07
1.40788e-05
3.19003e-07
1.40786e-05
3.10191e-07
1.40783e-05
3.02051e-07
1.40781e-05
2.94494e-07
1.40779e-05
2.87442e-07
1.40778e-05
2.80829e-07
1.40777e-05
2.74595e-07
1.40776e-05
2.68688e-07
1.40775e-05
2.6306e-07
1.40774e-05
2.57665e-07
1.40774e-05
2.52462e-07
1.40774e-05
2.4741e-07
1.40774e-05
2.42466e-07
1.40774e-05
2.37585e-07
1.40775e-05
2.32714e-07
1.40776e-05
2.27786e-07
1.40777e-05
2.22696e-07
1.40778e-05
2.17279e-07
1.4078e-05
2.11281e-07
1.40783e-05
2.04065e-07
1.40785e-05
1.92325e-07
1.67188e-07
1.57214e-05
1.05959e-06
1.57458e-05
1.00829e-06
1.57515e-05
8.43675e-07
1.57542e-05
7.33566e-07
1.57551e-05
6.63974e-07
1.57544e-05
6.06757e-07
1.57531e-05
5.58204e-07
1.57517e-05
5.18415e-07
1.57505e-05
4.85496e-07
1.57493e-05
4.57602e-07
1.57482e-05
4.33605e-07
1.57473e-05
4.12769e-07
1.57465e-05
3.9452e-07
1.57458e-05
3.78399e-07
1.57452e-05
3.64043e-07
1.57447e-05
3.51167e-07
1.57442e-05
3.39544e-07
1.57438e-05
3.28987e-07
1.57435e-05
3.19343e-07
1.57432e-05
3.10483e-07
1.57429e-05
3.02302e-07
1.57427e-05
2.94708e-07
1.57425e-05
2.87623e-07
1.57424e-05
2.8098e-07
1.57423e-05
2.7472e-07
1.57422e-05
2.68787e-07
1.57421e-05
2.63135e-07
1.5742e-05
2.57717e-07
1.5742e-05
2.52491e-07
1.5742e-05
2.47415e-07
1.5742e-05
2.42447e-07
1.57421e-05
2.37541e-07
1.57421e-05
2.32644e-07
1.57422e-05
2.27687e-07
1.57424e-05
2.22569e-07
1.57425e-05
2.17125e-07
1.57427e-05
2.11086e-07
1.5743e-05
2.03775e-07
1.5743e-05
1.92363e-07
1.71351e-07
1.75778e-05
1.00693e-06
1.76052e-05
9.80929e-07
1.76123e-05
8.36591e-07
1.76153e-05
7.30555e-07
1.76166e-05
6.62694e-07
1.76161e-05
6.07247e-07
1.76148e-05
5.59446e-07
1.76135e-05
5.19766e-07
1.76122e-05
4.86799e-07
1.7611e-05
4.58818e-07
1.76099e-05
4.34708e-07
1.76089e-05
4.13748e-07
1.7608e-05
3.95379e-07
1.76073e-05
3.79148e-07
1.76066e-05
3.64696e-07
1.76061e-05
3.51735e-07
1.76056e-05
3.40038e-07
1.76051e-05
3.29417e-07
1.76048e-05
3.19716e-07
1.76044e-05
3.10808e-07
1.76042e-05
3.02584e-07
1.76039e-05
2.94952e-07
1.76037e-05
2.87833e-07
1.76035e-05
2.81158e-07
1.76034e-05
2.74868e-07
1.76033e-05
2.68908e-07
1.76032e-05
2.63229e-07
1.76031e-05
2.57785e-07
1.76031e-05
2.52533e-07
1.7603e-05
2.47431e-07
1.7603e-05
2.42436e-07
1.76031e-05
2.37503e-07
1.76032e-05
2.32577e-07
1.76032e-05
2.27591e-07
1.76034e-05
2.22444e-07
1.76035e-05
2.16975e-07
1.76037e-05
2.10911e-07
1.76039e-05
2.03573e-07
1.76036e-05
1.92651e-07
1.74485e-07
1.96541e-05
9.56133e-07
1.96839e-05
9.51077e-07
1.96927e-05
8.27791e-07
1.96961e-05
7.27143e-07
1.96978e-05
6.6105e-07
1.96976e-05
6.07425e-07
1.96965e-05
5.60561e-07
1.96951e-05
5.21092e-07
1.96938e-05
4.88108e-07
1.96926e-05
4.60054e-07
1.96915e-05
4.35838e-07
1.96905e-05
4.14753e-07
1.96896e-05
3.9626e-07
1.96888e-05
3.79913e-07
1.96882e-05
3.65355e-07
1.96876e-05
3.52303e-07
1.96871e-05
3.40524e-07
1.96867e-05
3.29833e-07
1.96863e-05
3.20071e-07
1.9686e-05
3.1111e-07
1.96858e-05
3.0284e-07
1.96856e-05
2.95168e-07
1.96854e-05
2.88013e-07
1.96852e-05
2.81307e-07
1.96851e-05
2.74988e-07
1.9685e-05
2.69001e-07
1.96849e-05
2.63296e-07
1.96849e-05
2.57827e-07
1.96849e-05
2.52551e-07
1.96849e-05
2.47424e-07
1.96849e-05
2.42403e-07
1.9685e-05
2.37442e-07
1.96851e-05
2.32489e-07
1.96852e-05
2.27474e-07
1.96853e-05
2.223e-07
1.96855e-05
2.16813e-07
1.96857e-05
2.1074e-07
1.96858e-05
2.0344e-07
1.96853e-05
1.93135e-07
1.79104e-07
2.19761e-05
9.07818e-07
2.20079e-05
9.19297e-07
2.20186e-05
8.17086e-07
2.20225e-05
7.23192e-07
2.20246e-05
6.59031e-07
2.20247e-05
6.07241e-07
2.20238e-05
5.61494e-07
2.20225e-05
5.22365e-07
2.20212e-05
4.89419e-07
2.202e-05
4.61323e-07
2.20188e-05
4.37024e-07
2.20177e-05
4.15835e-07
2.20167e-05
3.97231e-07
2.20159e-05
3.80778e-07
2.20151e-05
3.66123e-07
2.20144e-05
3.52981e-07
2.20138e-05
3.41122e-07
2.20133e-05
3.30358e-07
2.20128e-05
3.20531e-07
2.20124e-05
3.11511e-07
2.20121e-05
3.03188e-07
2.20118e-05
2.95467e-07
2.20115e-05
2.88268e-07
2.20113e-05
2.81522e-07
2.20111e-05
2.75165e-07
2.2011e-05
2.69142e-07
2.20109e-05
2.63404e-07
2.20108e-05
2.57902e-07
2.20108e-05
2.52594e-07
2.20107e-05
2.47435e-07
2.20108e-05
2.42382e-07
2.20108e-05
2.3739e-07
2.20109e-05
2.32404e-07
2.2011e-05
2.27359e-07
2.20112e-05
2.22162e-07
2.20113e-05
2.16665e-07
2.20114e-05
2.10614e-07
2.20114e-05
2.03443e-07
2.20108e-05
1.93811e-07
1.79822e-07
2.45732e-05
8.62533e-07
2.46062e-05
8.86304e-07
2.46189e-05
8.04394e-07
2.46235e-05
7.18522e-07
2.4626e-05
6.56587e-07
2.46266e-05
6.06604e-07
2.4626e-05
5.62111e-07
2.46249e-05
5.2344e-07
2.46238e-05
4.90567e-07
2.46227e-05
4.62428e-07
2.46217e-05
4.38039e-07
2.46208e-05
4.16735e-07
2.462e-05
3.98012e-07
2.46193e-05
3.81448e-07
2.46187e-05
3.66696e-07
2.46182e-05
3.53472e-07
2.46178e-05
3.41544e-07
2.46175e-05
3.30721e-07
2.46171e-05
3.20845e-07
2.46169e-05
3.11783e-07
2.46166e-05
3.03423e-07
2.46164e-05
2.95671e-07
2.46163e-05
2.88444e-07
2.46161e-05
2.81671e-07
2.4616e-05
2.7529e-07
2.46159e-05
2.69243e-07
2.46158e-05
2.63481e-07
2.46158e-05
2.57956e-07
2.46157e-05
2.52623e-07
2.46157e-05
2.47438e-07
2.46157e-05
2.42358e-07
2.46158e-05
2.37336e-07
2.46159e-05
2.32321e-07
2.4616e-05
2.27248e-07
2.46161e-05
2.22029e-07
2.46163e-05
2.16531e-07
2.46164e-05
2.10521e-07
2.46163e-05
2.03535e-07
2.46153e-05
1.94804e-07
1.86857e-07
2.74779e-05
8.20786e-07
2.75112e-05
8.52984e-07
2.75257e-05
7.89871e-07
2.75312e-05
7.13063e-07
2.75339e-05
6.53818e-07
2.75349e-05
6.05681e-07
2.75343e-05
5.62631e-07
2.75331e-05
5.24645e-07
2.75317e-05
4.91988e-07
2.75302e-05
4.63889e-07
2.75288e-05
4.39459e-07
2.75275e-05
4.18059e-07
2.75263e-05
3.9921e-07
2.75252e-05
3.82512e-07
2.75243e-05
3.67628e-07
2.75235e-05
3.54278e-07
2.75228e-05
3.42235e-07
2.75222e-05
3.31309e-07
2.75217e-05
3.2134e-07
2.75213e-05
3.12197e-07
2.7521e-05
3.03765e-07
2.75207e-05
2.95948e-07
2.75205e-05
2.88664e-07
2.75203e-05
2.81841e-07
2.75202e-05
2.75413e-07
2.75201e-05
2.69325e-07
2.75201e-05
2.63524e-07
2.75201e-05
2.57962e-07
2.75201e-05
2.52594e-07
2.75201e-05
2.47375e-07
2.75202e-05
2.42261e-07
2.75204e-05
2.37208e-07
2.75205e-05
2.32162e-07
2.75207e-05
2.27065e-07
2.75209e-05
2.21836e-07
2.75211e-05
2.1636e-07
2.75211e-05
2.10445e-07
2.7521e-05
2.0373e-07
2.75203e-05
1.95456e-07
1.81842e-07
3.0727e-05
7.82858e-07
3.07599e-05
8.20067e-07
3.07763e-05
7.73504e-07
3.07831e-05
7.0622e-07
3.0787e-05
6.49989e-07
3.07891e-05
6.03524e-07
3.07899e-05
5.61854e-07
3.07899e-05
5.24622e-07
3.07897e-05
4.9226e-07
3.07893e-05
4.64287e-07
3.07888e-05
4.39925e-07
3.07883e-05
4.18556e-07
3.07878e-05
3.99713e-07
3.07873e-05
3.83007e-07
3.07868e-05
3.68109e-07
3.07864e-05
3.54743e-07
3.07859e-05
3.42681e-07
3.07855e-05
3.31734e-07
3.07851e-05
3.21744e-07
3.07847e-05
3.12578e-07
3.07843e-05
3.04123e-07
3.0784e-05
2.96283e-07
3.07837e-05
2.88975e-07
3.07834e-05
2.82127e-07
3.07831e-05
2.75674e-07
3.07829e-05
2.6956e-07
3.07827e-05
2.63731e-07
3.07825e-05
2.58141e-07
3.07824e-05
2.52742e-07
3.07823e-05
2.47491e-07
3.07822e-05
2.42344e-07
3.07821e-05
2.37255e-07
3.07821e-05
2.32175e-07
3.07821e-05
2.27048e-07
3.07822e-05
2.21804e-07
3.07822e-05
2.16348e-07
3.07821e-05
2.10541e-07
3.07816e-05
2.04191e-07
3.07796e-05
1.97439e-07
1.95453e-07
3.43588e-05
7.49805e-07
3.43893e-05
7.89526e-07
3.44055e-05
7.57259e-07
3.44118e-05
6.99946e-07
3.44143e-05
6.4749e-07
3.4415e-05
6.02868e-07
3.44142e-05
5.6259e-07
3.44128e-05
5.26093e-07
3.44111e-05
4.93903e-07
3.44096e-05
4.65845e-07
3.44082e-05
4.41313e-07
3.4407e-05
4.19741e-07
3.4406e-05
4.00687e-07
3.44052e-05
3.83782e-07
3.44046e-05
3.68706e-07
3.44042e-05
3.55185e-07
3.44039e-05
3.42992e-07
3.44037e-05
3.31935e-07
3.44036e-05
3.21853e-07
3.44036e-05
3.12611e-07
3.44036e-05
3.04093e-07
3.44037e-05
2.962e-07
3.44038e-05
2.88848e-07
3.4404e-05
2.81962e-07
3.44042e-05
2.75477e-07
3.44044e-05
2.69334e-07
3.44046e-05
2.6348e-07
3.44049e-05
2.57865e-07
3.44052e-05
2.52443e-07
3.44055e-05
2.4717e-07
3.44059e-05
2.42001e-07
3.44062e-05
2.36891e-07
3.44066e-05
2.31794e-07
3.4407e-05
2.2666e-07
3.44074e-05
2.2143e-07
3.44077e-05
2.16036e-07
3.44078e-05
2.10386e-07
3.44077e-05
2.04294e-07
3.44083e-05
1.96846e-07
1.78856e-07
3.84308e-05
7.19172e-07
3.84619e-05
7.5842e-07
3.84824e-05
7.36751e-07
3.84939e-05
6.88512e-07
3.8501e-05
6.4031e-07
3.85059e-05
5.98029e-07
3.85087e-05
5.59749e-07
3.851e-05
5.24772e-07
3.85104e-05
4.93534e-07
3.85102e-05
4.66065e-07
3.85096e-05
4.41922e-07
3.85087e-05
4.20606e-07
3.85077e-05
4.01705e-07
3.85066e-05
3.84881e-07
3.85055e-05
3.69838e-07
3.85043e-05
3.56318e-07
3.85032e-05
3.44105e-07
3.85021e-05
3.33013e-07
3.85011e-05
3.22888e-07
3.85001e-05
3.13597e-07
3.84992e-05
3.05027e-07
3.84983e-05
2.97082e-07
3.84975e-05
2.89677e-07
3.84967e-05
2.82738e-07
3.8496e-05
2.762e-07
3.84953e-05
2.70005e-07
3.84947e-05
2.64099e-07
3.84941e-05
2.58433e-07
3.84936e-05
2.5296e-07
3.84931e-05
2.47636e-07
3.84927e-05
2.42416e-07
3.84924e-05
2.37257e-07
3.8492e-05
2.32115e-07
3.84918e-05
2.26946e-07
3.84915e-05
2.21708e-07
3.84911e-05
2.16366e-07
3.84906e-05
2.10924e-07
3.84894e-05
2.05549e-07
3.84849e-05
2.01335e-07
2.05987e-07
4.29447e-05
7.00904e-07
4.29638e-05
7.39305e-07
4.29753e-05
7.25246e-07
4.29802e-05
6.83637e-07
4.29825e-05
6.37988e-07
4.29841e-05
5.96415e-07
4.29853e-05
5.58578e-07
4.29862e-05
5.23864e-07
4.29871e-05
4.92638e-07
4.29881e-05
4.65059e-07
4.29892e-05
4.40804e-07
4.29904e-05
4.19405e-07
4.29917e-05
4.00447e-07
4.2993e-05
3.83588e-07
4.29943e-05
3.68529e-07
4.29956e-05
3.55012e-07
4.29969e-05
3.42814e-07
4.29981e-05
3.31747e-07
4.29994e-05
3.21652e-07
4.30006e-05
3.12395e-07
4.30017e-05
3.03861e-07
4.30029e-05
2.95952e-07
4.3004e-05
2.88581e-07
4.3005e-05
2.81675e-07
4.3006e-05
2.75167e-07
4.30071e-05
2.68999e-07
4.3008e-05
2.63116e-07
4.3009e-05
2.57469e-07
4.301e-05
2.52011e-07
4.30109e-05
2.46698e-07
4.30118e-05
2.41485e-07
4.30127e-05
2.36331e-07
4.30137e-05
2.31194e-07
4.30146e-05
2.26038e-07
4.30155e-05
2.20832e-07
4.30163e-05
2.15561e-07
4.3017e-05
2.1021e-07
4.30179e-05
2.04582e-07
4.30226e-05
1.96636e-07
1.69493e-07
4.81187e-05
6.72457e-07
4.81481e-05
7.09904e-07
4.81695e-05
7.03814e-07
4.81815e-05
6.71647e-07
4.81872e-05
6.32269e-07
4.81893e-05
5.94305e-07
4.8189e-05
5.58932e-07
4.81869e-05
5.25963e-07
4.81837e-05
4.9578e-07
4.81801e-05
4.68716e-07
4.81762e-05
4.44665e-07
4.81723e-05
4.2329e-07
4.81685e-05
4.04244e-07
4.81649e-05
3.87229e-07
4.81614e-05
3.71978e-07
4.81582e-05
3.58254e-07
4.81551e-05
3.45848e-07
4.81523e-05
3.34578e-07
4.81497e-05
3.24291e-07
4.81472e-05
3.14853e-07
4.81449e-05
3.06151e-07
4.81428e-05
2.98086e-07
4.81408e-05
2.90572e-07
4.81389e-05
2.83535e-07
4.81372e-05
2.76907e-07
4.81356e-05
2.70629e-07
4.8134e-05
2.64645e-07
4.81326e-05
2.58905e-07
4.81313e-05
2.53363e-07
4.813e-05
2.47971e-07
4.81288e-05
2.42688e-07
4.81276e-05
2.37471e-07
4.81266e-05
2.32283e-07
4.81255e-05
2.27093e-07
4.81244e-05
2.2189e-07
4.81233e-05
2.16714e-07
4.81217e-05
2.11751e-07
4.81187e-05
2.07657e-07
4.81085e-05
2.06851e-07
2.19957e-07
5.35618e-05
5.35674e-05
5.35794e-05
5.35933e-05
5.36072e-05
5.36205e-05
5.36329e-05
5.36442e-05
5.36544e-05
5.36635e-05
5.36716e-05
5.36789e-05
5.36854e-05
5.36913e-05
5.36966e-05
5.37015e-05
5.37059e-05
5.37099e-05
5.37137e-05
5.37171e-05
5.37204e-05
5.37234e-05
5.37262e-05
5.37289e-05
5.37315e-05
5.3734e-05
5.37363e-05
5.37386e-05
5.37409e-05
5.37431e-05
5.37452e-05
5.37474e-05
5.37496e-05
5.37517e-05
5.37539e-05
5.37561e-05
5.37586e-05
5.37631e-05
5.37778e-05
)
;

boundaryField
{
    inlet
    {
        type            calculated;
        value           nonuniform List<scalar> 
36
(
-1.0756e-06
-1.2028e-06
-1.34504e-06
-1.5041e-06
-1.68197e-06
-1.88087e-06
-2.1033e-06
-2.35204e-06
-2.63018e-06
-2.94122e-06
-3.28905e-06
-3.678e-06
-4.11295e-06
-4.59934e-06
-5.14325e-06
-5.75148e-06
-6.43164e-06
-7.19223e-06
-8.04277e-06
-8.9939e-06
-1.00575e-05
-1.12469e-05
-1.25769e-05
-1.40642e-05
-1.57274e-05
-1.75873e-05
-1.96671e-05
-2.19929e-05
-2.45938e-05
-2.75022e-05
-3.07545e-05
-3.43914e-05
-3.84585e-05
-4.30064e-05
-4.80922e-05
-5.37795e-05
)
;
    }
    outlet
    {
        type            calculated;
        value           nonuniform List<scalar> 
36
(
1.92684e-08
6.75745e-08
1.33411e-07
2.21702e-07
3.3853e-07
4.91244e-07
6.88496e-07
9.40071e-07
1.25629e-06
1.64674e-06
2.1182e-06
2.67204e-06
3.30204e-06
3.99457e-06
4.73241e-06
5.50171e-06
6.29873e-06
7.13251e-06
8.02221e-06
8.99123e-06
1.0062e-05
1.12543e-05
1.25858e-05
1.40745e-05
1.57388e-05
1.76005e-05
1.96807e-05
2.201e-05
2.46082e-05
2.75253e-05
3.0766e-05
3.44249e-05
3.84577e-05
4.30591e-05
4.8058e-05
5.38431e-05
)
;
    }
    plate
    {
        type            calculated;
        value           uniform 0;
    }
    farfield
    {
        type            calculated;
        value           nonuniform List<scalar> 
50
(
3.99879e-08
6.65064e-08
1.0079e-07
1.41689e-07
1.92413e-07
2.55757e-07
3.33311e-07
4.24041e-07
5.21785e-07
6.13031e-07
6.78676e-07
7.04246e-07
6.91821e-07
6.57783e-07
6.18383e-07
5.80974e-07
5.46505e-07
5.14661e-07
4.85634e-07
4.59639e-07
4.36544e-07
4.16016e-07
3.97713e-07
3.81343e-07
3.66652e-07
3.53412e-07
3.41425e-07
3.30519e-07
3.20547e-07
3.11384e-07
3.02919e-07
2.9506e-07
2.87725e-07
2.8084e-07
2.74342e-07
2.68173e-07
2.62279e-07
2.56611e-07
2.51123e-07
2.45769e-07
2.40509e-07
2.35303e-07
2.30116e-07
2.24925e-07
2.19724e-07
2.14519e-07
2.09241e-07
2.03183e-07
1.92123e-07
1.547e-07
)
;
    }
    upstreamSlip
    {
        type            symmetry;
        value           uniform 0;
    }
    frontAndBack
    {
        type            empty;
    }
}


// ************************************************************************* //
