/*--------------------------------*- C++ -*----------------------------------*\
| =========                 |                                                 |
| \\      /  F ield         | OpenFOAM: The Open Source CFD Toolbox           |
|  \\    /   O peration     | Version:  2512                                  |
|   \\  /    A nd           | Website:  www.openfoam.com                      |
|    \\/     M anipulation  |                                                 |
\*---------------------------------------------------------------------------*/
FoamFile
{
    version     2.0;
    format      ascii;
    arch        "LSB;label=32;scalar=64";
    class       volVectorField;
    location    "0.0299697";
    object      U;
}
// * * * * * * * * * * * * * * * * * * * * * * * * * * * * * * * * * * * * * //

dimensions      [0 1 -1 0 0 0 0];

internalField   nonuniform List<vector> 
1800
(
(39.5288 1.58181e-05 0)
(39.5245 3.0127e-05 0)
(39.5164 4.93904e-05 0)
(39.5038 7.30574e-05 0)
(39.4857 0.000105366 0)
(39.4596 0.000155649 0)
(39.4203 0.000240063 0)
(39.3589 0.000532589 0)
(39.1812 0.000815024 0)
(39.1004 0.0811146 0)
(39.5288 4.93901e-05 0)
(39.5245 9.40239e-05 0)
(39.5164 0.000154101 0)
(39.5038 0.00022792 0)
(39.4857 0.000328702 0)
(39.4596 0.000485551 0)
(39.4203 0.000748929 0)
(39.3589 0.00165981 0)
(39.182 0.00253455 0)
(39.1019 0.193367 0)
(39.5288 8.68765e-05 0)
(39.5245 0.000165575 0)
(39.5164 0.000271198 0)
(39.5038 0.000401083 0)
(39.4857 0.000578421 0)
(39.4596 0.000854277 0)
(39.4203 0.00131797 0)
(39.3589 0.00290601 0)
(39.1835 0.00447068 0)
(39.1045 0.275954 0)
(39.5288 0.000128498 0)
(39.5245 0.000245618 0)
(39.5164 0.000401924 0)
(39.5038 0.000594401 0)
(39.4857 0.000857204 0)
(39.4596 0.00126556 0)
(39.4203 0.00195325 0)
(39.3589 0.00426631 0)
(39.1856 0.00669284 0)
(39.108 0.327813 0)
(39.5288 0.000174781 0)
(39.5245 0.000335284 0)
(39.5164 0.000547986 0)
(39.5038 0.00081036 0)
(39.4857 0.00116862 0)
(39.4597 0.00172454 0)
(39.4203 0.00266292 0)
(39.359 0.00574719 0)
(39.1881 0.00925056 0)
(39.1122 0.359114 0)
(39.5288 0.000226261 0)
(39.5245 0.000435763 0)
(39.5164 0.000711209 0)
(39.5038 0.00105164 0)
(39.4857 0.00151651 0)
(39.4597 0.00223674 0)
(39.4204 0.00345569 0)
(39.359 0.00735667 0)
(39.1912 0.0121873 0)
(39.117 0.377336 0)
(39.5288 0.000283504 0)
(39.5245 0.000548356 0)
(39.5164 0.000893591 0)
(39.5038 0.00132117 0)
(39.4857 0.00190511 0)
(39.4597 0.0028082 0)
(39.4204 0.00434099 0)
(39.3591 0.00910353 0)
(39.1946 0.0155469 0)
(39.1225 0.386904 0)
(39.5288 0.000347142 0)
(39.5245 0.000674513 0)
(39.5164 0.00109737 0)
(39.5038 0.00162222 0)
(39.4858 0.00233911 0)
(39.4597 0.00344566 0)
(39.4205 0.00532922 0)
(39.3592 0.0109984 0)
(39.1984 0.0193719 0)
(39.1285 0.390678 0)
(39.5288 0.00041789 0)
(39.5245 0.000815853 0)
(39.5164 0.00132504 0)
(39.5038 0.00195847 0)
(39.4858 0.00282377 0)
(39.4597 0.00415663 0)
(39.4206 0.00643179 0)
(39.3594 0.0130543 0)
(39.2026 0.0237005 0)
(39.1352 0.390686 0)
(39.5288 0.000496556 0)
(39.5245 0.000974174 0)
(39.5164 0.0015794 0)
(39.5039 0.002334 0)
(39.4858 0.00336494 0)
(39.4598 0.00494949 0)
(39.4207 0.00766122 0)
(39.3596 0.0152871 0)
(39.2072 0.0285634 0)
(39.1425 0.388313 0)
(39.5288 0.000584051 0)
(39.5245 0.00115147 0)
(39.5164 0.00186356 0)
(39.5039 0.00275336 0)
(39.4858 0.00396913 0)
(39.4598 0.00583353 0)
(39.4208 0.00903116 0)
(39.3599 0.0177156 0)
(39.2123 0.0339818 0)
(39.1505 0.384427 0)
(39.5288 0.000681404 0)
(39.5245 0.00134996 0)
(39.5164 0.00218101 0)
(39.5039 0.00322162 0)
(39.4858 0.00464358 0)
(39.4599 0.00681908 0)
(39.421 0.0105564 0)
(39.3603 0.0203611 0)
(39.2179 0.0399649 0)
(39.1592 0.379524 0)
(39.5288 0.000789775 0)
(39.5245 0.00157207 0)
(39.5164 0.0025356 0)
(39.5039 0.00374442 0)
(39.4859 0.0053963 0)
(39.46 0.00791751 0)
(39.4212 0.0122531 0)
(39.3609 0.0232475 0)
(39.224 0.0465076 0)
(39.1686 0.373873 0)
(39.5288 0.000910464 0)
(39.5245 0.00182053 0)
(39.5164 0.00293163 0)
(39.5039 0.00432799 0)
(39.4859 0.00623615 0)
(39.4601 0.00914133 0)
(39.4215 0.0141383 0)
(39.3615 0.0264001 0)
(39.2307 0.0535888 0)
(39.1788 0.36761 0)
(39.5288 0.00104493 0)
(39.5245 0.0020983 0)
(39.5164 0.00337386 0)
(39.504 0.00497923 0)
(39.486 0.00717286 0)
(39.4602 0.0105042 0)
(39.4218 0.0162305 0)
(39.3624 0.0298449 0)
(39.2379 0.0611698 0)
(39.1898 0.360814 0)
(39.5288 0.00119479 0)
(39.5245 0.00240869 0)
(39.5164 0.00386754 0)
(39.504 0.00570574 0)
(39.4861 0.0082171 0)
(39.4604 0.0120208 0)
(39.4223 0.0185486 0)
(39.3635 0.0336075 0)
(39.2457 0.0691937 0)
(39.2016 0.35354 0)
(39.5288 0.00136185 0)
(39.5245 0.00275531 0)
(39.5165 0.00441844 0)
(39.5041 0.00651584 0)
(39.4862 0.00938047 0)
(39.4606 0.0137071 0)
(39.4228 0.0211124 0)
(39.3649 0.0377109 0)
(39.2541 0.077585 0)
(39.2141 0.345843 0)
(39.5288 0.0015481 0)
(39.5245 0.00314212 0)
(39.5165 0.0050329 0)
(39.5041 0.0074186 0)
(39.4864 0.0106755 0)
(39.4609 0.0155799 0)
(39.4235 0.0239418 0)
(39.3667 0.0421741 0)
(39.2632 0.0862502 0)
(39.2274 0.337781 0)
(39.5288 0.00175572 0)
(39.5246 0.00357346 0)
(39.5165 0.00571776 0)
(39.5042 0.00842382 0)
(39.4865 0.0121156 0)
(39.4613 0.0176564 0)
(39.4244 0.0270559 0)
(39.3688 0.0470093 0)
(39.2729 0.0950797 0)
(39.2414 0.329423 0)
(39.5288 0.0019871 0)
(39.5246 0.00405401 0)
(39.5166 0.00648046 0)
(39.5044 0.00954199 0)
(39.4868 0.0137148 0)
(39.4618 0.0199547 0)
(39.4254 0.0304724 0)
(39.3713 0.0522202 0)
(39.2832 0.10395 0)
(39.2561 0.320845 0)
(39.5288 0.00224481 0)
(39.5246 0.00458884 0)
(39.5167 0.0073289 0)
(39.5045 0.0107842 0)
(39.4871 0.0154877 0)
(39.4623 0.0224921 0)
(39.4267 0.0342062 0)
(39.3744 0.0577986 0)
(39.2941 0.112728 0)
(39.2713 0.312125 0)
(39.5288 0.00253162 0)
(39.5246 0.00518331 0)
(39.5167 0.00827139 0)
(39.5047 0.0121619 0)
(39.4874 0.0174491 0)
(39.463 0.0252852 0)
(39.4282 0.0382679 0)
(39.378 0.0637229 0)
(39.3056 0.121276 0)
(39.287 0.303346 0)
(39.5288 0.00285042 0)
(39.5247 0.00584306 0)
(39.5169 0.00931651 0)
(39.5049 0.0136867 0)
(39.4879 0.0196133 0)
(39.4639 0.0283487 0)
(39.43 0.042662 0)
(39.3823 0.0699555 0)
(39.3177 0.129457 0)
(39.3031 0.294587 0)
(39.5288 0.00320426 0)
(39.5247 0.00657387 0)
(39.517 0.0104728 0)
(39.5052 0.01537 0)
(39.4884 0.0219935 0)
(39.465 0.0316937 0)
(39.4323 0.0473846 0)
(39.3872 0.076442 0)
(39.3302 0.13714 0)
(39.3194 0.285921 0)
(39.5288 0.0035962 0)
(39.5248 0.00738152 0)
(39.5172 0.0117487 0)
(39.5056 0.0172222 0)
(39.4891 0.0246007 0)
(39.4663 0.0353264 0)
(39.4349 0.0524214 0)
(39.3928 0.083111 0)
(39.3432 0.144213 0)
(39.3359 0.277415 0)
(39.5288 0.00402926 0)
(39.5249 0.00827148 0)
(39.5174 0.0131514 0)
(39.506 0.0192519 0)
(39.49 0.0274424 0)
(39.4679 0.0392462 0)
(39.438 0.0577455 0)
(39.3992 0.0898753 0)
(39.3565 0.150581 0)
(39.3522 0.269127 0)
(39.5289 0.00450628 0)
(39.525 0.00924859 0)
(39.5176 0.0146868 0)
(39.5066 0.0214648 0)
(39.491 0.0305209 0)
(39.4699 0.043443 0)
(39.4416 0.0633154 0)
(39.4062 0.0966355 0)
(39.3702 0.156177 0)
(39.3684 0.261109 0)
(39.5289 0.00502974 0)
(39.5251 0.0103165 0)
(39.5179 0.0163582 0)
(39.5072 0.0238621 0)
(39.4923 0.0338312 0)
(39.4721 0.0478955 0)
(39.4458 0.0690745 0)
(39.414 0.103285 0)
(39.3839 0.16097 0)
(39.3843 0.253417 0)
(39.5289 0.00560162 0)
(39.5252 0.0114772 0)
(39.5183 0.0181651 0)
(39.508 0.0264387 0)
(39.4938 0.0373584 0)
(39.4748 0.052568 0)
(39.4506 0.0749484 0)
(39.4224 0.109705 0)
(39.3977 0.164922 0)
(39.3997 0.245991 0)
(39.529 0.00622324 0)
(39.5254 0.0127297 0)
(39.5188 0.0201011 0)
(39.509 0.0291807 0)
(39.4956 0.0410758 0)
(39.478 0.0574175 0)
(39.456 0.0808962 0)
(39.4314 0.115945 0)
(39.4115 0.168457 0)
(39.4144 0.23972 0)
(39.529 0.00689536 0)
(39.5256 0.0140693 0)
(39.5193 0.022152 0)
(39.5101 0.0320595 0)
(39.4977 0.0449038 0)
(39.4816 0.0621953 0)
(39.462 0.0862524 0)
(39.441 0.120534 0)
(39.4252 0.168793 0)
(39.4287 0.22946 0)
(39.529 0.00761882 0)
(39.5258 0.0154859 0)
(39.5199 0.0243059 0)
(39.5115 0.0351872 0)
(39.5001 0.0494669 0)
(39.4856 0.0688329 0)
(39.4683 0.0955622 0)
(39.4503 0.132531 0)
(39.4376 0.182059 0)
(39.4407 0.241257 0)
(39.5291 0.00839669 0)
(39.526 0.0169123 0)
(39.5207 0.0259693 0)
(39.5132 0.0361758 0)
(39.5034 0.0482404 0)
(39.4912 0.0631455 0)
(39.4771 0.082237 0)
(39.4632 0.106962 0)
(39.4543 0.137588 0)
(39.4584 0.169571 0)
(39.5291 0.00936588 0)
(39.526 0.0199002 0)
(39.5207 0.0336215 0)
(39.5133 0.052395 0)
(39.5034 0.0778488 0)
(39.4912 0.111824 0)
(39.477 0.156473 0)
(39.4627 0.213827 0)
(39.452 0.284486 0)
(39.4504 0.36492 0)
(39.5295 0.00774533 0)
(39.5283 0.0104449 0)
(39.5263 0.00879623 0)
(39.5237 0.00362932 0)
(39.5202 -0.0049809 0)
(39.5159 -0.0173945 0)
(39.5114 -0.0343352 0)
(39.5084 -0.0570578 0)
(39.5096 -0.0877959 0)
(39.5188 -0.130498 0)
(39.5267 0.0234559 0)
(39.5191 0.0543314 0)
(39.5098 0.0952745 0)
(39.4984 0.148504 0)
(39.4842 0.217244 0)
(39.4667 0.305451 0)
(39.4458 0.417088 0)
(39.4223 0.554692 0)
(39.3988 0.716764 0)
(39.3794 0.894349 0)
(9.72738 0.0931715 0)
(4.42873 0.00758501 0)
(3.15246 0.00132449 0)
(2.5639 0.000640125 0)
(2.21984 0.00040011 0)
(1.9872 0.000286426 0)
(1.81488 0.000219365 0)
(1.68049 0.000174239 0)
(1.57217 0.000142205 0)
(1.48263 0.000118811 0)
(1.40702 0.000101239 0)
(1.34208 8.76327e-05 0)
(1.28549 7.68451e-05 0)
(1.23561 6.80983e-05 0)
(1.1912 6.0911e-05 0)
(1.15134 5.48954e-05 0)
(1.11528 4.98366e-05 0)
(1.08247 4.54891e-05 0)
(1.05243 4.17693e-05 0)
(1.02481 3.85e-05 0)
(0.999282 3.56679e-05 0)
(0.97561 3.31255e-05 0)
(0.953576 3.09137e-05 0)
(0.933005 2.8883e-05 0)
(0.913745 2.71057e-05 0)
(0.89567 2.54269e-05 0)
(0.878668 2.39829e-05 0)
(0.862647 2.25729e-05 0)
(0.847525 2.13731e-05 0)
(0.833233 2.01596e-05 0)
(0.81971 1.91241e-05 0)
(0.806907 1.80635e-05 0)
(0.794781 1.71249e-05 0)
(0.7833 1.61715e-05 0)
(0.772441 1.52533e-05 0)
(0.762179 1.44046e-05 0)
(0.752497 1.31967e-05 0)
(0.743901 9.84165e-06 0)
(0.738458 1.47037e-05 0)
(0.712092 5.25687e-05 0)
(21.3051 0.245058 0)
(13.2164 0.0618461 0)
(9.75995 0.0196097 0)
(7.98523 0.00989207 0)
(6.91976 0.00614454 0)
(6.19527 0.00432409 0)
(5.65885 0.00327635 0)
(5.24052 0.00259282 0)
(4.90313 0.00211407 0)
(4.624 0.00176497 0)
(4.38822 0.00150245 0)
(4.18563 0.00129939 0)
(4.0091 0.00113846 0)
(3.85348 0.00100828 0)
(3.71494 0.000901256 0)
(3.59055 0.000811951 0)
(3.47807 0.000736614 0)
(3.37569 0.000672224 0)
(3.28198 0.000616809 0)
(3.19579 0.000568526 0)
(3.11617 0.00052631 0)
(3.04232 0.000488922 0)
(2.97358 0.000455833 0)
(2.90941 0.000426098 0)
(2.84932 0.000399474 0)
(2.79294 0.000375208 0)
(2.7399 0.000353362 0)
(2.68992 0.000333125 0)
(2.64273 0.000314793 0)
(2.59814 0.000297532 0)
(2.55595 0.000281743 0)
(2.51599 0.000266685 0)
(2.47814 0.000252621 0)
(2.44229 0.000239028 0)
(2.40838 0.000225911 0)
(2.3763 0.000213342 0)
(2.34606 0.000196124 0)
(2.31897 0.000156298 0)
(2.29946 0.000286294 0)
(2.22798 0.000378013 0)
(28.5267 0.369272 0)
(21.1231 0.13324 0)
(16.6064 0.0567022 0)
(13.8526 0.031011 0)
(12.0811 0.0196571 0)
(10.8451 0.0138777 0)
(9.92087 0.0105149 0)
(9.19628 0.00832453 0)
(8.60965 0.0067924 0)
(8.12297 0.00567408 0)
(7.71107 0.0048317 0)
(7.35666 0.00417941 0)
(7.04753 0.00366216 0)
(6.77481 0.00324363 0)
(6.53188 0.00289943 0)
(6.31368 0.00261223 0)
(6.11628 0.00236979 0)
(5.93656 0.00216268 0)
(5.77203 0.0019843 0)
(5.62066 0.00182901 0)
(5.48079 0.00169308 0)
(5.35105 0.00157289 0)
(5.23027 0.0014663 0)
(5.11751 0.00137076 0)
(5.01191 0.001285 0)
(4.9128 0.00120715 0)
(4.81956 0.00113669 0)
(4.73169 0.00107185 0)
(4.64873 0.00101267 0)
(4.5703 0.000957445 0)
(4.49608 0.000906507 0)
(4.42579 0.000858367 0)
(4.35919 0.000813142 0)
(4.29608 0.000769729 0)
(4.23635 0.000727865 0)
(4.17984 0.000687368 0)
(4.12656 0.000633632 0)
(4.07847 0.000524804 0)
(4.0404 0.000892897 0)
(3.93037 0.00100784 0)
(33.007 0.461829 0)
(27.409 0.206535 0)
(23.0044 0.10676 0)
(19.8052 0.0642824 0)
(17.5234 0.0424899 0)
(15.8433 0.0304892 0)
(14.5521 0.0232586 0)
(13.5241 0.0184861 0)
(12.6833 0.0151261 0)
(11.9808 0.0126611 0)
(11.3832 0.0107965 0)
(10.8672 0.00934818 0)
(10.4158 0.00819722 0)
(10.0167 0.00726454 0)
(9.66066 0.00649652 0)
(9.3404 0.00585511 0)
(9.05033 0.00531315 0)
(8.78601 0.00484999 0)
(8.54383 0.00445072 0)
(8.32089 0.00410316 0)
(8.11476 0.00379867 0)
(7.92347 0.00352953 0)
(7.74532 0.0032906 0)
(7.57891 0.0030766 0)
(7.42303 0.00288431 0)
(7.27667 0.00271001 0)
(7.13894 0.00255192 0)
(7.0091 0.00240679 0)
(6.88647 0.00227395 0)
(6.77052 0.00215043 0)
(6.66075 0.00203613 0)
(6.55675 0.00192851 0)
(6.45817 0.00182723 0)
(6.36473 0.0017303 0)
(6.27622 0.00163693 0)
(6.19244 0.00154599 0)
(6.11344 0.00142867 0)
(6.04159 0.00122082 0)
(5.98016 0.00192534 0)
(5.83866 0.00197071 0)
(35.7522 0.526093 0)
(31.9849 0.270128 0)
(28.3782 0.159512 0)
(25.3273 0.105133 0)
(22.8919 0.0734164 0)
(20.9585 0.0542748 0)
(19.4008 0.0420723 0)
(18.1228 0.0337629 0)
(17.0562 0.0278053 0)
(16.1522 0.02338 0)
(15.3753 0.0200018 0)
(14.6992 0.0173602 0)
(14.1043 0.0152506 0)
(13.5759 0.0135347 0)
(13.1027 0.0121175 0)
(12.6758 0.0109313 0)
(12.2882 0.00992692 0)
(11.9343 0.00906736 0)
(11.6095 0.00832527 0)
(11.31 0.00767873 0)
(11.0328 0.00711163 0)
(10.7752 0.00661016 0)
(10.5351 0.00616449 0)
(10.3106 0.0057653 0)
(10.1002 0.00540631 0)
(9.90246 0.00508101 0)
(9.71626 0.00478555 0)
(9.5406 0.00451462 0)
(9.37462 0.00426619 0)
(9.21758 0.00403562 0)
(9.06882 0.00382187 0)
(8.9278 0.00362103 0)
(8.79404 0.00343187 0)
(8.66717 0.0032512 0)
(8.54689 0.00307731 0)
(8.43296 0.00290699 0)
(8.32548 0.00269366 0)
(8.22694 0.00236673 0)
(8.13764 0.00344789 0)
(7.9709 0.0032745 0)
(37.3962 0.567594 0)
(35.0983 0.319603 0)
(32.4876 0.207016 0)
(29.9779 0.147089 0)
(27.7538 0.10865 0)
(25.8362 0.0834457 0)
(24.1936 0.0663122 0)
(22.7849 0.0541049 0)
(21.5709 0.0450763 0)
(20.5173 0.0382192 0)
(19.5954 0.0328976 0)
(18.782 0.0286849 0)
(18.0588 0.025289 0)
(17.4109 0.022507 0)
(16.8267 0.0201962 0)
(16.2967 0.018253 0)
(15.8133 0.0166015 0)
(15.3702 0.0151837 0)
(14.9621 0.0139563 0)
(14.5848 0.0128846 0)
(14.2347 0.0119428 0)
(13.9087 0.0111088 0)
(13.6042 0.0103663 0)
(13.319 0.00970067 0)
(13.0513 0.00910131 0)
(12.7994 0.00855796 0)
(12.5619 0.00806378 0)
(12.3376 0.0076107 0)
(12.1254 0.00719463 0)
(11.9244 0.00680878 0)
(11.7338 0.0064506 0)
(11.553 0.00611439 0)
(11.3813 0.00579762 0)
(11.2183 0.00549544 0)
(11.0636 0.00520475 0)
(10.9169 0.00491873 0)
(10.7784 0.00457144 0)
(10.6503 0.0041141 0)
(10.5296 0.00554308 0)
(10.3419 0.00493896 0)
(38.3482 0.591818 0)
(37.0929 0.354876 0)
(35.3842 0.245132 0)
(33.549 0.184647 0)
(31.7677 0.14333 0)
(30.1058 0.114486 0)
(28.5853 0.0937216 0)
(27.2102 0.0781893 0)
(25.9741 0.0662436 0)
(24.8649 0.056887 0)
(23.8685 0.0494473 0)
(22.9708 0.0434444 0)
(22.1589 0.0385321 0)
(21.4216 0.0344594 0)
(20.7493 0.0310437 0)
(20.1336 0.0281485 0)
(19.5676 0.0256714 0)
(19.0453 0.0235334 0)
(18.5615 0.0216736 0)
(18.112 0.0200436 0)
(17.6931 0.018606 0)
(17.3016 0.0173293 0)
(16.9347 0.0161897 0)
(16.5901 0.0151659 0)
(16.2657 0.0142421 0)
(15.9597 0.0134035 0)
(15.6706 0.0126393 0)
(15.397 0.0119381 0)
(15.1377 0.0112931 0)
(14.8917 0.0106948 0)
(14.6581 0.0101387 0)
(14.436 0.00961673 0)
(14.2249 0.00912465 0)
(14.0241 0.00865557 0)
(13.8332 0.00820435 0)
(13.6519 0.00775875 0)
(13.4805 0.00723464 0)
(13.3207 0.0066388 0)
(13.1666 0.00832052 0)
(12.9603 0.00700147 0)
(38.8754 0.603566 0)
(38.2954 0.377985 0)
(37.278 0.272824 0)
(36.0647 0.214639 0)
(34.7913 0.173418 0)
(33.5158 0.143464 0)
(32.272 0.120978 0)
(31.0828 0.103439 0)
(29.962 0.0894186 0)
(28.9152 0.0780579 0)
(27.9427 0.0687581 0)
(27.0417 0.0610681 0)
(26.2075 0.054645 0)
(25.4349 0.0492282 0)
(24.7185 0.0446196 0)
(24.0532 0.0406662 0)
(23.4341 0.0372492 0)
(22.8568 0.0342741 0)
(22.3174 0.031667 0)
(21.8122 0.0293673 0)
(21.3382 0.0273274 0)
(20.8925 0.0255073 0)
(20.4726 0.0238756 0)
(20.0762 0.0224043 0)
(19.7016 0.0210721 0)
(19.3468 0.0198594 0)
(19.0104 0.0187511 0)
(18.691 0.0177323 0)
(18.3874 0.0167928 0)
(18.0986 0.0159202 0)
(17.8236 0.0151075 0)
(17.5616 0.0143442 0)
(17.3118 0.0136237 0)
(17.0738 0.0129368 0)
(16.847 0.0122756 0)
(16.6311 0.0116208 0)
(16.4265 0.0108741 0)
(16.2342 0.0101279 0)
(16.0469 0.0119117 0)
(15.8231 0.00951701 0)
(39.1521 0.606762 0)
(38.9738 0.391792 0)
(38.4265 0.291077 0)
(37.6951 0.236235 0)
(36.874 0.196743 0)
(35.9984 0.167462 0)
(35.0925 0.144948 0)
(34.1785 0.126868 0)
(33.2743 0.11196 0)
(32.3929 0.0995069 0)
(31.5425 0.0890191 0)
(30.7281 0.080119 0)
(29.9521 0.0725104 0)
(29.2151 0.0659608 0)
(28.5166 0.060287 0)
(27.8554 0.0553423 0)
(27.2298 0.051009 0)
(26.6379 0.0471903 0)
(26.0775 0.0438079 0)
(25.5468 0.0407966 0)
(25.0437 0.0381033 0)
(24.5664 0.0356826 0)
(24.113 0.0334981 0)
(23.682 0.0315171 0)
(23.2719 0.029714 0)
(22.8813 0.028065 0)
(22.5089 0.0265517 0)
(22.1536 0.0251555 0)
(21.8143 0.0238633 0)
(21.4901 0.02266 0)
(21.1802 0.0215358 0)
(20.8839 0.0204779 0)
(20.6005 0.0194772 0)
(20.3295 0.0185218 0)
(20.0704 0.0176007 0)
(19.823 0.0166862 0)
(19.5876 0.0156726 0)
(19.3649 0.0147555 0)
(19.1473 0.0164506 0)
(18.9079 0.0125504 0)
(39.2883 0.604358 0)
(39.329 0.399178 0)
(39.0697 0.301913 0)
(38.6656 0.250295 0)
(38.1853 0.21301 0)
(37.6447 0.185226 0)
(37.0545 0.163703 0)
(36.4278 0.146166 0)
(35.778 0.131419 0)
(35.1168 0.118828 0)
(34.4535 0.107981 0)
(33.7952 0.0985659 0)
(33.1476 0.0903406 0)
(32.5144 0.083113 0)
(31.8986 0.0767311 0)
(31.3019 0.0710704 0)
(30.7254 0.0660291 0)
(30.1695 0.0615208 0)
(29.6344 0.0574743 0)
(29.1198 0.0538281 0)
(28.6252 0.0505312 0)
(28.1501 0.0475388 0)
(27.6939 0.0448139 0)
(27.2556 0.0423229 0)
(26.8348 0.0400387 0)
(26.4304 0.0379359 0)
(26.042 0.035994 0)
(25.6687 0.0341926 0)
(25.3099 0.0325166 0)
(24.965 0.0309489 0)
(24.6334 0.0294779 0)
(24.3146 0.0280885 0)
(24.0081 0.0267696 0)
(23.7137 0.025507 0)
(23.431 0.0242858 0)
(23.1598 0.0230699 0)
(22.9006 0.021754 0)
(22.6534 0.0206377 0)
(22.4124 0.0220334 0)
(22.1617 0.0161566 0)
(39.3509 0.598375 0)
(39.4995 0.402558 0)
(39.4 0.307592 0)
(39.1935 0.258547 0)
(38.9372 0.223238 0)
(38.6363 0.197016 0)
(38.2915 0.176801 0)
(37.9076 0.16031 0)
(37.4913 0.146341 0)
(37.0497 0.134279 0)
(36.5891 0.123745 0)
(36.1153 0.11446 0)
(35.6332 0.106215 0)
(35.1472 0.098848 0)
(34.6609 0.0922332 0)
(34.1771 0.0862693 0)
(33.6984 0.0808734 0)
(33.2265 0.0759752 0)
(32.7629 0.0715158 0)
(32.3087 0.0674435 0)
(31.8648 0.063715 0)
(31.4315 0.0602911 0)
(31.0094 0.0571393 0)
(30.5986 0.0542289 0)
(30.1991 0.0515349 0)
(29.8111 0.0490331 0)
(29.4343 0.0467038 0)
(29.0687 0.0445269 0)
(28.7141 0.0424871 0)
(28.3704 0.0405669 0)
(28.0374 0.0387539 0)
(27.7149 0.037032 0)
(27.4027 0.0353889 0)
(27.1008 0.0338084 0)
(26.8091 0.0322724 0)
(26.5276 0.0307367 0)
(26.2569 0.0291041 0)
(25.9968 0.0277622 0)
(25.7438 0.0286519 0)
(25.4899 0.0203469 0)
(39.3776 0.59006 0)
(39.5731 0.403676 0)
(39.5541 0.310076 0)
(39.454 0.262883 0)
(39.3274 0.229051 0)
(39.1757 0.204045 0)
(38.9948 0.184973 0)
(38.7845 0.169537 0)
(38.5468 0.1565 0)
(38.2845 0.145233 0)
(38.0005 0.135356 0)
(37.6978 0.126595 0)
(37.3793 0.118749 0)
(37.0479 0.111667 0)
(36.7063 0.105237 0)
(36.3569 0.0993698 0)
(36.0021 0.0939949 0)
(35.6438 0.0890539 0)
(35.2838 0.0844986 0)
(34.9235 0.0802867 0)
(34.5643 0.0763833 0)
(34.2073 0.0727565 0)
(33.8533 0.0693796 0)
(33.5034 0.0662274 0)
(33.1579 0.0632788 0)
(32.8176 0.0605132 0)
(32.4829 0.0579137 0)
(32.154 0.0554622 0)
(31.8314 0.0531451 0)
(31.5153 0.050946 0)
(31.2059 0.0488531 0)
(30.9034 0.0468508 0)
(30.608 0.0449264 0)
(30.3198 0.0430628 0)
(30.0391 0.0412388 0)
(29.7661 0.0394045 0)
(29.5015 0.0374758 0)
(29.2453 0.0358984 0)
(28.9963 0.0361107 0)
(28.7516 0.0250443 0)
(39.3882 0.580105 0)
(39.6001 0.403625 0)
(39.6183 0.310797 0)
(39.5696 0.26489 0)
(39.5093 0.232069 0)
(39.4388 0.207836 0)
(39.3528 0.18954 0)
(39.2493 0.174896 0)
(39.1281 0.162634 0)
(38.9896 0.152102 0)
(38.8344 0.142908 0)
(38.6633 0.134769 0)
(38.4773 0.127479 0)
(38.2776 0.120884 0)
(38.0656 0.114872 0)
(37.8425 0.109356 0)
(37.6097 0.104269 0)
(37.3686 0.0995555 0)
(37.1203 0.0951733 0)
(36.8662 0.0910848 0)
(36.6073 0.0872599 0)
(36.3446 0.0836715 0)
(36.0792 0.0802976 0)
(35.8118 0.0771168 0)
(35.5434 0.0741122 0)
(35.2746 0.0712666 0)
(35.0061 0.068566 0)
(34.7386 0.0659949 0)
(34.4724 0.063542 0)
(34.2082 0.0611929 0)
(33.9464 0.058937 0)
(33.6874 0.0567599 0)
(33.4317 0.0546493 0)
(33.1795 0.0525877 0)
(32.9315 0.0505519 0)
(32.688 0.0484876 0)
(32.4496 0.0463264 0)
(32.2168 0.0445346 0)
(31.9906 0.0439657 0)
(31.7695 0.0300426 0)
(39.3924 0.568846 0)
(39.6067 0.40299 0)
(39.6412 0.310648 0)
(39.6149 0.265664 0)
(39.5847 0.23355 0)
(39.5529 0.209739 0)
(39.5146 0.191865 0)
(39.4679 0.177693 0)
(39.412 0.165931 0)
(39.3465 0.155914 0)
(39.2711 0.147237 0)
(39.1856 0.13961 0)
(39.0898 0.132816 0)
(38.984 0.126697 0)
(38.8683 0.121133 0)
(38.7432 0.116035 0)
(38.609 0.111331 0)
(38.4664 0.106967 0)
(38.3158 0.102898 0)
(38.1579 0.0990872 0)
(37.9934 0.0955051 0)
(37.8228 0.0921257 0)
(37.6467 0.0889284 0)
(37.4659 0.0858937 0)
(37.2808 0.0830062 0)
(37.0921 0.0802504 0)
(36.9004 0.077614 0)
(36.7062 0.0750834 0)
(36.5099 0.0726485 0)
(36.3122 0.0702962 0)
(36.1134 0.0680173 0)
(35.9141 0.065798 0)
(35.7148 0.0636265 0)
(35.5158 0.0614852 0)
(35.3177 0.0593486 0)
(35.121 0.0571598 0)
(34.9263 0.0548647 0)
(34.7342 0.0529115 0)
(34.5476 0.0515473 0)
(34.3631 0.0350081 0)
(39.3943 0.55643 0)
(39.6051 0.402016 0)
(39.6471 0.310113 0)
(39.6301 0.265842 0)
(39.6119 0.234298 0)
(39.5963 0.210701 0)
(39.579 0.193005 0)
(39.5583 0.179054 0)
(39.5338 0.167547 0)
(39.5052 0.157812 0)
(39.4719 0.149439 0)
(39.4337 0.142134 0)
(39.39 0.135676 0)
(39.3405 0.129899 0)
(39.2852 0.124681 0)
(39.2238 0.119925 0)
(39.1562 0.115559 0)
(39.0826 0.111522 0)
(39.0029 0.107769 0)
(38.9174 0.104259 0)
(38.8261 0.100961 0)
(38.7292 0.0978491 0)
(38.6271 0.0949004 0)
(38.52 0.092095 0)
(38.4082 0.0894172 0)
(38.292 0.0868514 0)
(38.1716 0.0843852 0)
(38.0475 0.0820051 0)
(37.9199 0.0797011 0)
(37.7893 0.0774605 0)
(37.6558 0.0752738 0)
(37.52 0.0731277 0)
(37.3822 0.0710098 0)
(37.2426 0.0689017 0)
(37.1019 0.066776 0)
(36.9603 0.0645737 0)
(36.8184 0.0622506 0)
(36.677 0.060204 0)
(36.5396 0.0581167 0)
(36.3991 0.0395586 0)
(39.3956 0.542915 0)
(39.6004 0.400755 0)
(39.6465 0.309422 0)
(39.6336 0.265738 0)
(39.6199 0.234737 0)
(39.6104 0.211269 0)
(39.6012 0.193619 0)
(39.5909 0.179739 0)
(39.5793 0.168329 0)
(39.5666 0.15871 0)
(39.5523 0.150473 0)
(39.5362 0.143323 0)
(39.5179 0.137039 0)
(39.4971 0.131452 0)
(39.4735 0.126437 0)
(39.447 0.121895 0)
(39.4172 0.117752 0)
(39.3841 0.113944 0)
(39.3474 0.110422 0)
(39.3072 0.107145 0)
(39.2633 0.10408 0)
(39.2158 0.101197 0)
(39.1645 0.0984732 0)
(39.1096 0.0958869 0)
(39.051 0.0934209 0)
(38.9889 0.0910586 0)
(38.9234 0.0887864 0)
(38.8545 0.0865901 0)
(38.7824 0.0844587 0)
(38.7072 0.0823788 0)
(38.6292 0.0803402 0)
(38.5484 0.0783287 0)
(38.4651 0.076331 0)
(38.3795 0.0743273 0)
(38.2918 0.0722877 0)
(38.2025 0.070152 0)
(38.1117 0.0678801 0)
(38.0203 0.0657964 0)
(37.9318 0.0631139 0)
(37.8347 0.043401 0)
(39.397 0.528338 0)
(39.5945 0.39916 0)
(39.6436 0.30867 0)
(39.6331 0.265483 0)
(39.6211 0.235054 0)
(39.6138 0.211704 0)
(39.6074 0.194043 0)
(39.6007 0.180163 0)
(39.5939 0.168768 0)
(39.587 0.159174 0)
(39.58 0.150974 0)
(39.5727 0.143875 0)
(39.5649 0.137654 0)
(39.5563 0.132145 0)
(39.5468 0.12722 0)
(39.5363 0.12278 0)
(39.5244 0.118749 0)
(39.5112 0.115062 0)
(39.4964 0.111671 0)
(39.4799 0.108532 0)
(39.4616 0.10561 0)
(39.4414 0.102875 0)
(39.4193 0.100303 0)
(39.395 0.097871 0)
(39.3687 0.0955606 0)
(39.3402 0.093354 0)
(39.3096 0.0912366 0)
(39.2768 0.0891933 0)
(39.2418 0.087212 0)
(39.2047 0.0852783 0)
(39.1654 0.0833809 0)
(39.1241 0.0815047 0)
(39.0808 0.079635 0)
(39.0356 0.0777506 0)
(38.9886 0.0758192 0)
(38.94 0.0737796 0)
(38.8899 0.0715911 0)
(38.839 0.0694944 0)
(38.7904 0.0663558 0)
(38.729 0.046439 0)
(39.3986 0.512741 0)
(39.588 0.397133 0)
(39.6397 0.307892 0)
(39.6312 0.265123 0)
(39.6202 0.235314 0)
(39.6137 0.212109 0)
(39.6083 0.194423 0)
(39.6028 0.180514 0)
(39.5975 0.1691 0)
(39.5925 0.159491 0)
(39.588 0.151281 0)
(39.5837 0.14418 0)
(39.5795 0.137966 0)
(39.5754 0.132471 0)
(39.5711 0.12757 0)
(39.5667 0.123162 0)
(39.562 0.11917 0)
(39.5569 0.115532 0)
(39.5513 0.112194 0)
(39.5452 0.109116 0)
(39.5384 0.106261 0)
(39.5308 0.1036 0)
(39.5224 0.101106 0)
(39.5132 0.0987564 0)
(39.503 0.0965328 0)
(39.4918 0.0944166 0)
(39.4796 0.0923924 0)
(39.4663 0.0904447 0)
(39.4519 0.0885604 0)
(39.4363 0.0867248 0)
(39.4196 0.0849255 0)
(39.4017 0.0831469 0)
(39.3826 0.0813731 0)
(39.3624 0.0795815 0)
(39.3411 0.0777384 0)
(39.3187 0.075782 0)
(39.2953 0.0736678 0)
(39.2716 0.0715513 0)
(39.2498 0.0680741 0)
(39.2131 0.0487992 0)
(39.4006 0.496192 0)
(39.5813 0.394553 0)
(39.6352 0.307092 0)
(39.6288 0.264674 0)
(39.6185 0.235531 0)
(39.6125 0.212517 0)
(39.6076 0.194808 0)
(39.6026 0.180861 0)
(39.5978 0.169415 0)
(39.5934 0.159776 0)
(39.5896 0.151538 0)
(39.5862 0.144413 0)
(39.5831 0.138181 0)
(39.5804 0.132674 0)
(39.5778 0.127766 0)
(39.5754 0.123357 0)
(39.5731 0.119369 0)
(39.5708 0.115738 0)
(39.5684 0.112414 0)
(39.566 0.109353 0)
(39.5634 0.106519 0)
(39.5607 0.103883 0)
(39.5577 0.101418 0)
(39.5545 0.0991009 0)
(39.551 0.0969131 0)
(39.5472 0.0948358 0)
(39.543 0.0928533 0)
(39.5383 0.0909497 0)
(39.5333 0.0891117 0)
(39.5278 0.0873242 0)
(39.5218 0.0855742 0)
(39.5153 0.0838458 0)
(39.5084 0.0821222 0)
(39.5009 0.0803801 0)
(39.4929 0.0785846 0)
(39.4844 0.0766739 0)
(39.4755 0.0745977 0)
(39.4666 0.0724304 0)
(39.4595 0.0686894 0)
(39.4373 0.0506576 0)
(39.403 0.478787 0)
(39.5743 0.391292 0)
(39.6302 0.306257 0)
(39.626 0.264142 0)
(39.6165 0.235697 0)
(39.6109 0.212934 0)
(39.6064 0.195214 0)
(39.6017 0.181226 0)
(39.5971 0.169745 0)
(39.593 0.16007 0)
(39.5894 0.151797 0)
(39.5863 0.14464 0)
(39.5836 0.13838 0)
(39.5812 0.132851 0)
(39.5791 0.127923 0)
(39.5772 0.123499 0)
(39.5756 0.1195 0)
(39.5741 0.115861 0)
(39.5727 0.112532 0)
(39.5714 0.109469 0)
(39.5702 0.106636 0)
(39.569 0.104003 0)
(39.5678 0.101543 0)
(39.5666 0.099234 0)
(39.5653 0.0970562 0)
(39.564 0.0949914 0)
(39.5627 0.0930237 0)
(39.5612 0.0911373 0)
(39.5597 0.0893188 0)
(39.558 0.0875533 0)
(39.5562 0.0858276 0)
(39.5543 0.0841258 0)
(39.5523 0.0824308 0)
(39.5501 0.0807191 0)
(39.5477 0.0789551 0)
(39.5453 0.0770777 0)
(39.5427 0.07503 0)
(39.5404 0.0728115 0)
(39.5398 0.0688903 0)
(39.5247 0.0524815 0)
(39.4059 0.460655 0)
(39.5671 0.38722 0)
(39.6247 0.305356 0)
(39.6229 0.263531 0)
(39.6142 0.235802 0)
(39.6091 0.213353 0)
(39.605 0.195643 0)
(39.6005 0.181616 0)
(39.5961 0.170098 0)
(39.5922 0.160385 0)
(39.5887 0.152073 0)
(39.5857 0.14488 0)
(39.5831 0.138588 0)
(39.5809 0.133031 0)
(39.5789 0.12808 0)
(39.5773 0.123636 0)
(39.5758 0.119619 0)
(39.5745 0.115967 0)
(39.5734 0.112625 0)
(39.5724 0.109551 0)
(39.5715 0.106709 0)
(39.5707 0.104067 0)
(39.57 0.1016 0)
(39.5693 0.0992831 0)
(39.5687 0.0970969 0)
(39.5682 0.0950226 0)
(39.5676 0.0930438 0)
(39.5672 0.0911445 0)
(39.5667 0.0893103 0)
(39.5662 0.0875263 0)
(39.5658 0.0857786 0)
(39.5653 0.0840508 0)
(39.5649 0.0823255 0)
(39.5645 0.0805784 0)
(39.5641 0.0787735 0)
(39.5637 0.0768501 0)
(39.5634 0.0747439 0)
(39.5636 0.0723867 0)
(39.565 0.0682528 0)
(39.5531 0.0535173 0)
(39.4093 0.441955 0)
(39.56 0.38222 0)
(39.6187 0.304341 0)
(39.6194 0.262847 0)
(39.6116 0.235831 0)
(39.607 0.213764 0)
(39.6033 0.196094 0)
(39.5991 0.182031 0)
(39.595 0.170476 0)
(39.5912 0.160724 0)
(39.5878 0.152371 0)
(39.585 0.14514 0)
(39.5824 0.138814 0)
(39.5803 0.133226 0)
(39.5784 0.12825 0)
(39.5768 0.123784 0)
(39.5754 0.119749 0)
(39.5742 0.116082 0)
(39.5731 0.11273 0)
(39.5722 0.10965 0)
(39.5714 0.106805 0)
(39.5707 0.104166 0)
(39.5701 0.101706 0)
(39.5696 0.0994029 0)
(39.5692 0.0972375 0)
(39.5688 0.0951917 0)
(39.5685 0.0932499 0)
(39.5682 0.0913969 0)
(39.568 0.089619 0)
(39.5679 0.0879017 0)
(39.5678 0.0862315 0)
(39.5677 0.0845924 0)
(39.5677 0.0829667 0)
(39.5678 0.0813301 0)
(39.568 0.0796464 0)
(39.5682 0.0778555 0)
(39.5685 0.0758851 0)
(39.5693 0.0736086 0)
(39.5709 0.0695541 0)
(39.5606 0.0567705 0)
(39.4133 0.422878 0)
(39.5529 0.3762 0)
(39.6122 0.303144 0)
(39.6155 0.262092 0)
(39.6088 0.235771 0)
(39.6047 0.214154 0)
(39.6014 0.19656 0)
(39.5976 0.182468 0)
(39.5936 0.170877 0)
(39.59 0.161086 0)
(39.5868 0.152691 0)
(39.584 0.145418 0)
(39.5816 0.139053 0)
(39.5795 0.133431 0)
(39.5777 0.128422 0)
(39.5761 0.123926 0)
(39.5748 0.119861 0)
(39.5736 0.116163 0)
(39.5726 0.112776 0)
(39.5717 0.109654 0)
(39.571 0.10676 0)
(39.5703 0.10406 0)
(39.5697 0.101526 0)
(39.5693 0.0991328 0)
(39.5689 0.0968584 0)
(39.5685 0.0946832 0)
(39.5683 0.0925898 0)
(39.5681 0.0905617 0)
(39.5679 0.0885843 0)
(39.5679 0.0866427 0)
(39.5678 0.0847229 0)
(39.5679 0.0828091 0)
(39.568 0.0808838 0)
(39.5682 0.0789233 0)
(39.5685 0.0768918 0)
(39.5688 0.0747303 0)
(39.5693 0.0723593 0)
(39.5701 0.0696034 0)
(39.5714 0.0650806 0)
(39.5621 0.0535204 0)
(39.4178 0.403638 0)
(39.5459 0.369101 0)
(39.6053 0.301679 0)
(39.6112 0.261267 0)
(39.6057 0.235611 0)
(39.6021 0.214505 0)
(39.5992 0.197035 0)
(39.5957 0.182927 0)
(39.592 0.171304 0)
(39.5886 0.161476 0)
(39.5856 0.153041 0)
(39.5829 0.14573 0)
(39.5806 0.139334 0)
(39.5786 0.133689 0)
(39.5768 0.12867 0)
(39.5753 0.124176 0)
(39.574 0.120133 0)
(39.5729 0.116476 0)
(39.5719 0.113158 0)
(39.5711 0.110137 0)
(39.5703 0.107379 0)
(39.5697 0.104856 0)
(39.5692 0.102543 0)
(39.5687 0.10042 0)
(39.5683 0.0984657 0)
(39.568 0.0966627 0)
(39.5678 0.0949939 0)
(39.5676 0.0934425 0)
(39.5674 0.0919925 0)
(39.5674 0.0906272 0)
(39.5674 0.0893302 0)
(39.5674 0.088083 0)
(39.5675 0.0868652 0)
(39.5677 0.0856501 0)
(39.568 0.0843994 0)
(39.5684 0.0830526 0)
(39.5688 0.0815224 0)
(39.5695 0.0795981 0)
(39.5704 0.0760391 0)
(39.5622 0.0670891 0)
(39.423 0.384467 0)
(39.5393 0.360909 0)
(39.5979 0.299847 0)
(39.6065 0.260362 0)
(39.6022 0.23534 0)
(39.5991 0.214798 0)
(39.5967 0.197503 0)
(39.5936 0.183391 0)
(39.5902 0.171733 0)
(39.587 0.161859 0)
(39.5841 0.153365 0)
(39.5816 0.145984 0)
(39.5794 0.139505 0)
(39.5775 0.13376 0)
(39.5758 0.128613 0)
(39.5744 0.123955 0)
(39.5731 0.119698 0)
(39.5721 0.115766 0)
(39.5711 0.112099 0)
(39.5703 0.108645 0)
(39.5696 0.105363 0)
(39.5691 0.102217 0)
(39.5686 0.0991798 0)
(39.5681 0.0962282 0)
(39.5678 0.0933441 0)
(39.5675 0.0905126 0)
(39.5673 0.0877213 0)
(39.5671 0.0849599 0)
(39.567 0.0822191 0)
(39.567 0.07949 0)
(39.567 0.0767633 0)
(39.5671 0.0740283 0)
(39.5672 0.0712709 0)
(39.5674 0.0684708 0)
(39.5677 0.0655945 0)
(39.5681 0.0625853 0)
(39.5685 0.0593502 0)
(39.5691 0.0556505 0)
(39.5696 0.0503765 0)
(39.5616 0.0409718 0)
(39.4286 0.365603 0)
(39.5331 0.351671 0)
(39.5902 0.297544 0)
(39.6012 0.259362 0)
(39.5983 0.23496 0)
(39.5958 0.215029 0)
(39.5938 0.197985 0)
(39.5912 0.183921 0)
(39.5881 0.172274 0)
(39.5851 0.162421 0)
(39.5824 0.153971 0)
(39.58 0.146676 0)
(39.578 0.140353 0)
(39.5761 0.134857 0)
(39.5746 0.130079 0)
(39.5732 0.125934 0)
(39.572 0.122355 0)
(39.5709 0.119287 0)
(39.57 0.116681 0)
(39.5692 0.11449 0)
(39.5685 0.112675 0)
(39.5679 0.111194 0)
(39.5674 0.11001 0)
(39.567 0.109086 0)
(39.5666 0.108388 0)
(39.5663 0.107882 0)
(39.5661 0.107538 0)
(39.5659 0.107328 0)
(39.5658 0.107224 0)
(39.5657 0.1072 0)
(39.5657 0.107234 0)
(39.5657 0.107299 0)
(39.5659 0.107373 0)
(39.566 0.107426 0)
(39.5663 0.10742 0)
(39.5666 0.107296 0)
(39.567 0.106963 0)
(39.5674 0.10619 0)
(39.5675 0.1041 0)
(39.5617 0.0991289 0)
(39.4347 0.347284 0)
(39.5274 0.341486 0)
(39.5822 0.294653 0)
(39.5954 0.258199 0)
(39.594 0.234394 0)
(39.5921 0.215049 0)
(39.5906 0.198241 0)
(39.5884 0.184127 0)
(39.5856 0.172299 0)
(39.5829 0.162152 0)
(39.5805 0.153262 0)
(39.5783 0.145335 0)
(39.5764 0.13814 0)
(39.5747 0.131484 0)
(39.5733 0.125216 0)
(39.572 0.119222 0)
(39.571 0.113422 0)
(39.5701 0.107757 0)
(39.5693 0.102193 0)
(39.5686 0.0967086 0)
(39.568 0.091294 0)
(39.5676 0.0859469 0)
(39.5672 0.0806691 0)
(39.5668 0.0754645 0)
(39.5666 0.0703373 0)
(39.5664 0.0652915 0)
(39.5662 0.0603294 0)
(39.5661 0.0554516 0)
(39.566 0.0506569 0)
(39.566 0.0459411 0)
(39.566 0.0412976 0)
(39.5661 0.0367162 0)
(39.5663 0.0321818 0)
(39.5665 0.0276714 0)
(39.5668 0.0231487 0)
(39.5671 0.0185529 0)
(39.5674 0.013777 0)
(39.5678 0.00856409 0)
(39.5676 0.00214709 0)
(39.5599 -0.00613414 0)
(39.4412 0.329759 0)
(39.5223 0.330586 0)
(39.574 0.291227 0)
(39.589 0.257074 0)
(39.5892 0.234074 0)
(39.5879 0.215578 0)
(39.5869 0.199466 0)
(39.5851 0.185967 0)
(39.5827 0.174926 0)
(39.5802 0.165921 0)
(39.5779 0.158645 0)
(39.5759 0.152909 0)
(39.574 0.148559 0)
(39.5723 0.145441 0)
(39.5709 0.143408 0)
(39.5696 0.142314 0)
(39.5684 0.14202 0)
(39.5674 0.142395 0)
(39.5665 0.143319 0)
(39.5657 0.144684 0)
(39.565 0.146396 0)
(39.5644 0.148371 0)
(39.5639 0.150541 0)
(39.5635 0.152845 0)
(39.5632 0.155234 0)
(39.5629 0.157668 0)
(39.5626 0.16011 0)
(39.5625 0.162533 0)
(39.5624 0.164912 0)
(39.5623 0.167229 0)
(39.5623 0.169464 0)
(39.5624 0.171602 0)
(39.5625 0.173628 0)
(39.5627 0.175522 0)
(39.5629 0.177258 0)
(39.5632 0.178795 0)
(39.5634 0.180055 0)
(39.5636 0.180853 0)
(39.5631 0.180682 0)
(39.5613 0.178928 0)
(39.4479 0.313002 0)
(39.5179 0.318739 0)
(39.5658 0.286384 0)
(39.5822 0.254494 0)
(39.5839 0.231627 0)
(39.5834 0.212797 0)
(39.5828 0.195619 0)
(39.5816 0.180052 0)
(39.5798 0.165877 0)
(39.5779 0.152583 0)
(39.5761 0.139778 0)
(39.5745 0.12726 0)
(39.5731 0.114938 0)
(39.572 0.102784 0)
(39.571 0.0908094 0)
(39.5701 0.0790483 0)
(39.5694 0.0675415 0)
(39.5687 0.0563279 0)
(39.5682 0.0454405 0)
(39.5677 0.0349038 0)
(39.5673 0.0247343 0)
(39.567 0.0149406 0)
(39.5667 0.00552468 0)
(39.5664 -0.00351737 0)
(39.5662 -0.012194 0)
(39.566 -0.0205175 0)
(39.5659 -0.0285033 0)
(39.5657 -0.0361694 0)
(39.5657 -0.0435357 0)
(39.5657 -0.0506242 0)
(39.5657 -0.0574591 0)
(39.5657 -0.0640667 0)
(39.5658 -0.0704773 0)
(39.566 -0.0767273 0)
(39.5662 -0.082864 0)
(39.5664 -0.0889554 0)
(39.5666 -0.0951119 0)
(39.5667 -0.101548 0)
(39.5659 -0.10864 0)
(39.5564 -0.115685 0)
(39.4548 0.298775 0)
(39.514 0.30898 0)
(39.5574 0.284684 0)
(39.5745 0.257663 0)
(39.5776 0.238425 0)
(39.5775 0.224281 0)
(39.5772 0.21335 0)
(39.576 0.205804 0)
(39.5741 0.201678 0)
(39.5719 0.200506 0)
(39.5697 0.201712 0)
(39.5677 0.204782 0)
(39.5659 0.209269 0)
(39.5642 0.214783 0)
(39.5628 0.220999 0)
(39.5615 0.227658 0)
(39.5604 0.234557 0)
(39.5595 0.24154 0)
(39.5587 0.24849 0)
(39.558 0.255323 0)
(39.5575 0.261976 0)
(39.557 0.268406 0)
(39.5567 0.274584 0)
(39.5564 0.280492 0)
(39.5562 0.286118 0)
(39.556 0.291459 0)
(39.5559 0.296513 0)
(39.5559 0.301282 0)
(39.5559 0.305769 0)
(39.556 0.309979 0)
(39.5561 0.313916 0)
(39.5562 0.317585 0)
(39.5564 0.320986 0)
(39.5567 0.324118 0)
(39.557 0.326972 0)
(39.5572 0.329527 0)
(39.5574 0.331732 0)
(39.5574 0.333463 0)
(39.5569 0.334419 0)
(39.5615 0.333834 0)
(39.462 0.278523 0)
(39.5115 0.287804 0)
(39.5502 0.264874 0)
(39.5679 0.23411 0)
(39.5728 0.205883 0)
(39.5744 0.178787 0)
(39.5756 0.151053 0)
(39.5762 0.122979 0)
(39.576 0.095233 0)
(39.5755 0.068169 0)
(39.5749 0.0419939 0)
(39.5742 0.0168883 0)
(39.5736 -0.00701044 0)
(39.5729 -0.029626 0)
(39.5723 -0.0509343 0)
(39.5717 -0.0709479 0)
(39.5711 -0.0897047 0)
(39.5705 -0.107259 0)
(39.57 -0.123675 0)
(39.5695 -0.139023 0)
(39.569 -0.153374 0)
(39.5686 -0.166798 0)
(39.5682 -0.179365 0)
(39.5678 -0.191139 0)
(39.5674 -0.202183 0)
(39.5671 -0.212555 0)
(39.5668 -0.222312 0)
(39.5666 -0.231506 0)
(39.5664 -0.240184 0)
(39.5662 -0.248396 0)
(39.5661 -0.256185 0)
(39.566 -0.263596 0)
(39.5659 -0.270671 0)
(39.566 -0.277458 0)
(39.566 -0.284007 0)
(39.566 -0.290377 0)
(39.566 -0.296647 0)
(39.5657 -0.302913 0)
(39.5643 -0.309117 0)
(39.5495 -0.313564 0)
(39.4669 0.292211 0)
(39.5063 0.314739 0)
(39.5386 0.313638 0)
(39.5541 0.308541 0)
(39.558 0.309987 0)
(39.5579 0.31757 0)
(39.5571 0.328745 0)
(39.5557 0.342271 0)
(39.5539 0.357444 0)
(39.552 0.373512 0)
(39.5502 0.389797 0)
(39.5486 0.405828 0)
(39.5474 0.421314 0)
(39.5463 0.436075 0)
(39.5455 0.450014 0)
(39.5449 0.463087 0)
(39.5445 0.475287 0)
(39.5442 0.486634 0)
(39.544 0.49716 0)
(39.5439 0.506907 0)
(39.5439 0.515919 0)
(39.544 0.524242 0)
(39.5441 0.53192 0)
(39.5443 0.538997 0)
(39.5445 0.545512 0)
(39.5447 0.5515 0)
(39.545 0.556995 0)
(39.5453 0.562025 0)
(39.5456 0.566617 0)
(39.546 0.570793 0)
(39.5464 0.574571 0)
(39.5468 0.577967 0)
(39.5472 0.58099 0)
(39.5476 0.583648 0)
(39.5481 0.585939 0)
(39.5485 0.587852 0)
(39.5488 0.589355 0)
(39.5488 0.590351 0)
(39.5491 0.590515 0)
(39.5637 0.588351 0)
(39.4807 0.1881 0)
(39.5144 0.176752 0)
(39.5449 0.136289 0)
(39.5637 0.081448 0)
(39.5728 0.0241453 0)
(39.5778 -0.0316235 0)
(39.5811 -0.0850623 0)
(39.5832 -0.135388 0)
(39.5841 -0.181868 0)
(39.5841 -0.224255 0)
(39.5836 -0.262674 0)
(39.5828 -0.297398 0)
(39.5818 -0.328739 0)
(39.5807 -0.35702 0)
(39.5796 -0.382557 0)
(39.5784 -0.405646 0)
(39.5772 -0.426558 0)
(39.5761 -0.445536 0)
(39.575 -0.462794 0)
(39.5739 -0.478521 0)
(39.5729 -0.492883 0)
(39.572 -0.506025 0)
(39.5711 -0.518074 0)
(39.5703 -0.529142 0)
(39.5695 -0.539327 0)
(39.5688 -0.548715 0)
(39.5681 -0.557382 0)
(39.5675 -0.565395 0)
(39.567 -0.572816 0)
(39.5665 -0.579697 0)
(39.566 -0.586087 0)
(39.5656 -0.59203 0)
(39.5652 -0.597566 0)
(39.5649 -0.602732 0)
(39.5646 -0.60756 0)
(39.5643 -0.612078 0)
(39.5639 -0.61629 0)
(39.5631 -0.620108 0)
(39.5604 -0.623016 0)
(39.5364 -0.622821 0)
(39.461 0.444728 0)
(39.4794 0.512185 0)
(39.4961 0.565322 0)
(39.5051 0.610682 0)
(39.5081 0.65325 0)
(39.5089 0.693191 0)
(39.5097 0.72926 0)
(39.5106 0.761159 0)
(39.5114 0.789291 0)
(39.5123 0.814093 0)
(39.5132 0.835907 0)
(39.5143 0.855055 0)
(39.5154 0.871862 0)
(39.5166 0.886628 0)
(39.5178 0.899618 0)
(39.519 0.911061 0)
(39.5202 0.921151 0)
(39.5214 0.930057 0)
(39.5225 0.937921 0)
(39.5236 0.944863 0)
(39.5247 0.950985 0)
(39.5258 0.956372 0)
(39.5268 0.961096 0)
(39.5278 0.965218 0)
(39.5288 0.968788 0)
(39.5297 0.971847 0)
(39.5306 0.974428 0)
(39.5315 0.976558 0)
(39.5324 0.978256 0)
(39.5333 0.979538 0)
(39.5341 0.98041 0)
(39.535 0.980878 0)
(39.5358 0.980939 0)
(39.5367 0.980589 0)
(39.5375 0.97982 0)
(39.5383 0.97862 0)
(39.539 0.976969 0)
(39.5398 0.974774 0)
(39.542 0.971565 0)
(39.57 0.965194 0)
(39.5376 -0.190776 0)
(39.5625 -0.271397 0)
(39.5857 -0.366001 0)
(39.6011 -0.461721 0)
(39.6086 -0.548598 0)
(39.6112 -0.623673 0)
(39.6113 -0.687985 0)
(39.6101 -0.743092 0)
(39.6078 -0.790147 0)
(39.6049 -0.830193 0)
(39.6017 -0.864297 0)
(39.5985 -0.893449 0)
(39.5953 -0.918478 0)
(39.5922 -0.940061 0)
(39.5892 -0.958751 0)
(39.5865 -0.975003 0)
(39.5839 -0.989191 0)
(39.5814 -1.00162 0)
(39.5792 -1.01254 0)
(39.5771 -1.02215 0)
(39.5751 -1.03063 0)
(39.5733 -1.03811 0)
(39.5716 -1.04472 0)
(39.57 -1.05053 0)
(39.5685 -1.05565 0)
(39.5671 -1.06012 0)
(39.5658 -1.06401 0)
(39.5646 -1.06736 0)
(39.5634 -1.07021 0)
(39.5624 -1.07258 0)
(39.5613 -1.0745 0)
(39.5604 -1.07599 0)
(39.5594 -1.07705 0)
(39.5586 -1.0777 0)
(39.5577 -1.07792 0)
(39.5568 -1.0777 0)
(39.5557 -1.07698 0)
(39.5539 -1.07549 0)
(39.549 -1.07237 0)
(39.5123 -1.0655 0)
(39.3685 1.06954 0)
(39.3678 1.22136 0)
(39.3749 1.33761 0)
(39.3855 1.42013 0)
(39.3965 1.47821 0)
(39.4069 1.52007 0)
(39.4164 1.55031 0)
(39.4252 1.57167 0)
(39.4332 1.58637 0)
(39.4403 1.5963 0)
(39.4467 1.60282 0)
(39.4523 1.60687 0)
(39.4574 1.60909 0)
(39.462 1.60997 0)
(39.4662 1.60983 0)
(39.4699 1.60894 0)
(39.4733 1.60746 0)
(39.4765 1.60553 0)
(39.4793 1.60323 0)
(39.482 1.60062 0)
(39.4845 1.59775 0)
(39.4868 1.59465 0)
(39.489 1.59134 0)
(39.491 1.58781 0)
(39.493 1.58408 0)
(39.4948 1.58013 0)
(39.4966 1.57594 0)
(39.4983 1.57151 0)
(39.5 1.56681 0)
(39.5016 1.56181 0)
(39.5033 1.55647 0)
(39.5049 1.55076 0)
(39.5065 1.54463 0)
(39.5081 1.53806 0)
(39.5097 1.53101 0)
(39.5113 1.5235 0)
(39.513 1.51558 0)
(39.5154 1.50732 0)
(39.5218 1.49845 0)
(39.565 1.48688 0)
)
;

boundaryField
{
    inlet
    {
        type            fixedValue;
        value           uniform (39.53 0 0);
    }
    outlet
    {
        type            zeroGradient;
    }
    plate
    {
        type            noSlip;
    }
    farfield
    {
        type            fixedValue;
        value           uniform (39.53 0 0);
    }
    upstreamSlip
    {
        type            symmetry;
    }
    frontAndBack
    {
        type            empty;
    }
}


// ************************************************************************* //
