/*--------------------------------*- C++ -*----------------------------------*\
| =========                 |                                                 |
| \\      /  F ield         | OpenFOAM: The Open Source CFD Toolbox           |
|  \\    /   O peration     | Version:  2512                                  |
|   \\  /    A nd           | Website:  www.openfoam.com                      |
|    \\/     M anipulation  |                                                 |
\*---------------------------------------------------------------------------*/
FoamFile
{
    version     2.0;
    format      ascii;
    arch        "LSB;label=32;scalar=64";
    class       volScalarField;
    location    "0.0149697";
    object      p;
}
// * * * * * * * * * * * * * * * * * * * * * * * * * * * * * * * * * * * * * //

dimensions      [1 -1 -2 0 0 0 0];

internalField   nonuniform List<scalar> 
1800
(
41369
41369.1
41369.2
41369.3
41369.5
41369.8
41370.3
41371
41372.1
41376.2
41369
41369.1
41369.2
41369.3
41369.5
41369.8
41370.3
41371
41372.1
41376.2
41369
41369.1
41369.2
41369.3
41369.5
41369.8
41370.3
41371
41372.1
41376.1
41369
41369.1
41369.2
41369.3
41369.5
41369.8
41370.3
41371
41372.1
41376.1
41369
41369.1
41369.2
41369.3
41369.5
41369.8
41370.3
41371
41372.1
41376
41369
41369.1
41369.2
41369.3
41369.5
41369.8
41370.3
41371
41372.1
41375.9
41369
41369.1
41369.2
41369.3
41369.5
41369.8
41370.3
41371
41372.1
41375.8
41369
41369.1
41369.2
41369.3
41369.5
41369.8
41370.3
41371
41372.1
41375.7
41369
41369.1
41369.2
41369.3
41369.5
41369.8
41370.3
41371
41372.1
41375.6
41369
41369.1
41369.2
41369.3
41369.5
41369.8
41370.3
41371
41372.1
41375.4
41369
41369.1
41369.2
41369.3
41369.5
41369.8
41370.3
41371
41372.1
41375.3
41369
41369.1
41369.2
41369.3
41369.5
41369.8
41370.3
41371
41372.1
41375.1
41369
41369.1
41369.2
41369.3
41369.5
41369.8
41370.3
41371
41372.1
41375
41369
41369.1
41369.2
41369.3
41369.5
41369.8
41370.3
41371
41372
41374.8
41369
41369.1
41369.2
41369.3
41369.5
41369.8
41370.3
41371
41372
41374.6
41369
41369.1
41369.2
41369.3
41369.5
41369.8
41370.3
41371
41372
41374.4
41369
41369.1
41369.2
41369.3
41369.5
41369.8
41370.3
41370.9
41372
41374.2
41369
41369.1
41369.2
41369.3
41369.5
41369.8
41370.3
41370.9
41371.9
41373.9
41369
41369.1
41369.2
41369.3
41369.5
41369.8
41370.3
41370.9
41371.9
41373.7
41369
41369.1
41369.2
41369.3
41369.5
41369.8
41370.2
41370.9
41371.8
41373.4
41369
41369.1
41369.2
41369.3
41369.5
41369.8
41370.2
41370.9
41371.8
41373.2
41369
41369.1
41369.2
41369.3
41369.5
41369.8
41370.2
41370.8
41371.7
41372.9
41369
41369.1
41369.1
41369.3
41369.5
41369.8
41370.2
41370.8
41371.6
41372.6
41369
41369.1
41369.1
41369.3
41369.5
41369.8
41370.2
41370.7
41371.5
41372.4
41369
41369
41369.1
41369.3
41369.5
41369.7
41370.1
41370.7
41371.4
41372.1
41369
41369
41369.1
41369.3
41369.5
41369.7
41370.1
41370.6
41371.2
41371.8
41369
41369
41369.1
41369.2
41369.4
41369.7
41370.1
41370.5
41371.1
41371.6
41369
41369
41369.1
41369.2
41369.4
41369.7
41370
41370.4
41370.9
41371.3
41369
41369
41369.1
41369.2
41369.4
41369.6
41369.9
41370.3
41370.7
41371
41368.9
41369
41369
41369.2
41369.3
41369.6
41369.8
41370.2
41370.6
41370.8
41368.9
41368.9
41369
41369.1
41369.3
41369.5
41369.8
41370.1
41370.4
41370.5
41368.9
41368.9
41369
41369.1
41369.2
41369.4
41369.7
41369.9
41370.2
41370.3
41368.8
41368.9
41368.9
41369
41369.2
41369.3
41369.5
41369.7
41369.9
41370
41368.8
41368.8
41368.9
41369
41369.1
41369.3
41369.5
41369.7
41369.9
41370
41368.7
41368.8
41368.8
41368.8
41368.9
41368.9
41369
41369
41369.1
41369
41368.7
41368.8
41368.9
41369.1
41369.3
41369.5
41369.8
41370.1
41370.5
41370.8
41374.4
41367.8
41366.8
41367.1
41367.4
41367.6
41367.7
41367.8
41367.9
41368
41368
41368.1
41368.1
41368.2
41368.2
41368.2
41368.2
41368.3
41368.3
41368.3
41368.3
41368.3
41368.3
41368.3
41368.3
41368.3
41368.3
41368.3
41368.3
41368.3
41368.3
41368.3
41368.4
41368.4
41368.4
41368.4
41368.4
41368.5
41368.5
41368.4
41374.3
41367.8
41366.8
41367.1
41367.4
41367.6
41367.7
41367.8
41367.9
41368
41368
41368.1
41368.1
41368.2
41368.2
41368.2
41368.2
41368.3
41368.3
41368.3
41368.3
41368.3
41368.3
41368.3
41368.3
41368.3
41368.3
41368.3
41368.3
41368.3
41368.3
41368.3
41368.4
41368.4
41368.4
41368.4
41368.4
41368.5
41368.5
41368.4
41374.3
41367.8
41366.8
41367.1
41367.4
41367.6
41367.7
41367.8
41367.9
41368
41368
41368.1
41368.1
41368.2
41368.2
41368.2
41368.2
41368.3
41368.3
41368.3
41368.3
41368.3
41368.3
41368.3
41368.3
41368.3
41368.3
41368.3
41368.3
41368.3
41368.3
41368.3
41368.4
41368.4
41368.4
41368.4
41368.4
41368.5
41368.5
41368.4
41374.3
41367.8
41366.8
41367.1
41367.4
41367.6
41367.7
41367.8
41367.9
41368
41368
41368.1
41368.1
41368.2
41368.2
41368.2
41368.2
41368.3
41368.3
41368.3
41368.3
41368.3
41368.3
41368.3
41368.3
41368.3
41368.3
41368.3
41368.3
41368.3
41368.3
41368.3
41368.4
41368.4
41368.4
41368.4
41368.4
41368.5
41368.5
41368.4
41374.2
41367.8
41366.8
41367.1
41367.4
41367.6
41367.7
41367.8
41367.9
41368
41368
41368.1
41368.1
41368.2
41368.2
41368.2
41368.2
41368.3
41368.3
41368.3
41368.3
41368.3
41368.3
41368.3
41368.3
41368.3
41368.3
41368.3
41368.3
41368.3
41368.3
41368.3
41368.4
41368.4
41368.4
41368.4
41368.4
41368.5
41368.5
41368.4
41374.1
41367.9
41366.8
41367.2
41367.4
41367.6
41367.7
41367.8
41367.9
41368
41368
41368.1
41368.1
41368.2
41368.2
41368.2
41368.2
41368.3
41368.3
41368.3
41368.3
41368.3
41368.3
41368.3
41368.3
41368.3
41368.3
41368.3
41368.3
41368.3
41368.3
41368.3
41368.4
41368.4
41368.4
41368.4
41368.4
41368.5
41368.5
41368.4
41374.1
41367.9
41366.8
41367.2
41367.5
41367.6
41367.7
41367.8
41367.9
41368
41368
41368.1
41368.1
41368.2
41368.2
41368.2
41368.2
41368.3
41368.3
41368.3
41368.3
41368.3
41368.3
41368.3
41368.3
41368.3
41368.3
41368.3
41368.3
41368.3
41368.3
41368.3
41368.4
41368.4
41368.4
41368.4
41368.4
41368.5
41368.5
41368.4
41374
41368
41366.9
41367.2
41367.5
41367.6
41367.7
41367.8
41367.9
41368
41368
41368.1
41368.1
41368.2
41368.2
41368.2
41368.2
41368.3
41368.3
41368.3
41368.3
41368.3
41368.3
41368.3
41368.3
41368.3
41368.3
41368.3
41368.3
41368.3
41368.3
41368.4
41368.4
41368.4
41368.4
41368.4
41368.4
41368.5
41368.5
41368.4
41374
41368.1
41366.9
41367.2
41367.5
41367.6
41367.7
41367.8
41367.9
41368
41368.1
41368.1
41368.1
41368.2
41368.2
41368.2
41368.2
41368.3
41368.3
41368.3
41368.3
41368.3
41368.3
41368.3
41368.3
41368.3
41368.3
41368.3
41368.3
41368.3
41368.3
41368.4
41368.4
41368.4
41368.4
41368.4
41368.4
41368.5
41368.5
41368.4
41373.9
41368.1
41366.9
41367.2
41367.5
41367.6
41367.7
41367.8
41367.9
41368
41368.1
41368.1
41368.1
41368.2
41368.2
41368.2
41368.2
41368.3
41368.3
41368.3
41368.3
41368.3
41368.3
41368.3
41368.3
41368.3
41368.3
41368.3
41368.3
41368.3
41368.3
41368.4
41368.4
41368.4
41368.4
41368.4
41368.4
41368.5
41368.5
41368.5
41373.8
41368.2
41367
41367.2
41367.5
41367.6
41367.7
41367.8
41367.9
41368
41368.1
41368.1
41368.1
41368.2
41368.2
41368.2
41368.2
41368.3
41368.3
41368.3
41368.3
41368.3
41368.3
41368.3
41368.3
41368.3
41368.3
41368.3
41368.3
41368.3
41368.3
41368.4
41368.4
41368.4
41368.4
41368.4
41368.4
41368.5
41368.5
41368.5
41373.7
41368.3
41367
41367.2
41367.5
41367.7
41367.8
41367.8
41367.9
41368
41368.1
41368.1
41368.2
41368.2
41368.2
41368.2
41368.2
41368.3
41368.3
41368.3
41368.3
41368.3
41368.3
41368.3
41368.3
41368.3
41368.3
41368.3
41368.3
41368.3
41368.3
41368.4
41368.4
41368.4
41368.4
41368.4
41368.4
41368.5
41368.5
41368.5
41373.6
41368.4
41367.1
41367.3
41367.5
41367.7
41367.8
41367.8
41367.9
41368
41368.1
41368.1
41368.2
41368.2
41368.2
41368.2
41368.3
41368.3
41368.3
41368.3
41368.3
41368.3
41368.3
41368.3
41368.3
41368.3
41368.3
41368.3
41368.3
41368.3
41368.3
41368.4
41368.4
41368.4
41368.4
41368.4
41368.4
41368.5
41368.5
41368.5
41373.5
41368.5
41367.1
41367.3
41367.5
41367.7
41367.8
41367.9
41367.9
41368
41368.1
41368.1
41368.2
41368.2
41368.2
41368.2
41368.3
41368.3
41368.3
41368.3
41368.3
41368.3
41368.3
41368.3
41368.3
41368.3
41368.3
41368.3
41368.3
41368.3
41368.3
41368.4
41368.4
41368.4
41368.4
41368.4
41368.4
41368.5
41368.5
41368.5
41373.3
41368.6
41367.2
41367.3
41367.6
41367.7
41367.8
41367.9
41367.9
41368
41368.1
41368.1
41368.2
41368.2
41368.2
41368.2
41368.3
41368.3
41368.3
41368.3
41368.3
41368.3
41368.3
41368.3
41368.3
41368.3
41368.3
41368.3
41368.3
41368.3
41368.3
41368.4
41368.4
41368.4
41368.4
41368.4
41368.4
41368.5
41368.5
41368.5
41373.2
41368.7
41367.2
41367.4
41367.6
41367.7
41367.8
41367.9
41368
41368
41368.1
41368.1
41368.2
41368.2
41368.2
41368.2
41368.3
41368.3
41368.3
41368.3
41368.3
41368.3
41368.3
41368.3
41368.3
41368.3
41368.3
41368.3
41368.3
41368.3
41368.3
41368.4
41368.4
41368.4
41368.4
41368.4
41368.4
41368.5
41368.5
41368.5
41373.1
41368.8
41367.3
41367.4
41367.6
41367.7
41367.8
41367.9
41368
41368
41368.1
41368.1
41368.2
41368.2
41368.2
41368.2
41368.3
41368.3
41368.3
41368.3
41368.3
41368.3
41368.3
41368.3
41368.3
41368.3
41368.3
41368.3
41368.3
41368.3
41368.3
41368.4
41368.4
41368.4
41368.4
41368.4
41368.4
41368.5
41368.5
41368.5
41372.9
41368.9
41367.4
41367.4
41367.6
41367.7
41367.8
41367.9
41368
41368
41368.1
41368.1
41368.2
41368.2
41368.2
41368.3
41368.3
41368.3
41368.3
41368.3
41368.3
41368.3
41368.3
41368.3
41368.3
41368.3
41368.3
41368.3
41368.3
41368.3
41368.3
41368.4
41368.4
41368.4
41368.4
41368.4
41368.4
41368.5
41368.5
41368.5
41372.7
41369
41367.5
41367.5
41367.7
41367.8
41367.8
41367.9
41368
41368
41368.1
41368.1
41368.2
41368.2
41368.2
41368.3
41368.3
41368.3
41368.3
41368.3
41368.3
41368.3
41368.3
41368.3
41368.3
41368.3
41368.3
41368.3
41368.3
41368.3
41368.4
41368.4
41368.4
41368.4
41368.4
41368.4
41368.4
41368.5
41368.5
41368.5
41372.6
41369.1
41367.6
41367.5
41367.7
41367.8
41367.9
41367.9
41368
41368.1
41368.1
41368.2
41368.2
41368.2
41368.2
41368.3
41368.3
41368.3
41368.3
41368.3
41368.3
41368.3
41368.3
41368.3
41368.3
41368.3
41368.3
41368.3
41368.3
41368.3
41368.4
41368.4
41368.4
41368.4
41368.4
41368.4
41368.4
41368.5
41368.5
41368.5
41372.4
41369.2
41367.7
41367.6
41367.7
41367.8
41367.9
41367.9
41368
41368.1
41368.1
41368.2
41368.2
41368.2
41368.3
41368.3
41368.3
41368.3
41368.3
41368.3
41368.3
41368.3
41368.3
41368.3
41368.3
41368.3
41368.3
41368.3
41368.3
41368.3
41368.4
41368.4
41368.4
41368.4
41368.4
41368.4
41368.4
41368.5
41368.5
41368.5
41372.2
41369.3
41367.8
41367.6
41367.8
41367.9
41367.9
41368
41368
41368.1
41368.1
41368.2
41368.2
41368.2
41368.3
41368.3
41368.3
41368.3
41368.3
41368.3
41368.3
41368.3
41368.3
41368.3
41368.3
41368.3
41368.3
41368.3
41368.3
41368.4
41368.4
41368.4
41368.4
41368.4
41368.4
41368.4
41368.4
41368.5
41368.5
41368.5
41372
41369.4
41367.9
41367.7
41367.8
41367.9
41367.9
41368
41368
41368.1
41368.1
41368.2
41368.2
41368.2
41368.3
41368.3
41368.3
41368.3
41368.3
41368.3
41368.3
41368.3
41368.3
41368.3
41368.3
41368.3
41368.3
41368.3
41368.3
41368.4
41368.4
41368.4
41368.4
41368.4
41368.4
41368.4
41368.4
41368.5
41368.5
41368.5
41371.8
41369.5
41368
41367.8
41367.9
41367.9
41368
41368
41368.1
41368.1
41368.2
41368.2
41368.2
41368.3
41368.3
41368.3
41368.3
41368.3
41368.3
41368.3
41368.3
41368.3
41368.3
41368.3
41368.3
41368.3
41368.3
41368.3
41368.4
41368.4
41368.4
41368.4
41368.4
41368.4
41368.4
41368.4
41368.5
41368.5
41368.5
41368.5
41371.6
41369.6
41368.2
41367.8
41367.9
41368
41368
41368
41368.1
41368.1
41368.2
41368.2
41368.2
41368.3
41368.3
41368.3
41368.3
41368.3
41368.3
41368.3
41368.3
41368.3
41368.3
41368.3
41368.3
41368.3
41368.3
41368.4
41368.4
41368.4
41368.4
41368.4
41368.4
41368.4
41368.4
41368.4
41368.4
41368.5
41368.5
41368.5
41371.3
41369.6
41368.3
41367.9
41368
41368
41368
41368.1
41368.1
41368.2
41368.2
41368.2
41368.3
41368.3
41368.3
41368.3
41368.3
41368.3
41368.3
41368.3
41368.3
41368.3
41368.4
41368.4
41368.4
41368.4
41368.4
41368.4
41368.4
41368.4
41368.4
41368.4
41368.4
41368.4
41368.4
41368.5
41368.5
41368.5
41368.5
41368.5
41371.1
41369.6
41368.4
41368
41368
41368.1
41368.1
41368.1
41368.1
41368.2
41368.2
41368.2
41368.3
41368.3
41368.3
41368.3
41368.3
41368.3
41368.3
41368.3
41368.3
41368.3
41368.3
41368.3
41368.3
41368.3
41368.3
41368.3
41368.4
41368.4
41368.4
41368.4
41368.4
41368.4
41368.4
41368.4
41368.4
41368.4
41368.5
41368.5
41370.9
41369.6
41368.5
41368.1
41368.1
41368.1
41368.1
41368.1
41368.2
41368.2
41368.2
41368.3
41368.3
41368.3
41368.3
41368.4
41368.4
41368.4
41368.4
41368.4
41368.4
41368.4
41368.4
41368.4
41368.4
41368.4
41368.4
41368.4
41368.4
41368.4
41368.4
41368.5
41368.5
41368.5
41368.5
41368.5
41368.5
41368.5
41368.6
41368.6
41370.7
41369.6
41368.6
41368.2
41368.2
41368.2
41368.2
41368.2
41368.2
41368.2
41368.3
41368.3
41368.3
41368.3
41368.3
41368.3
41368.3
41368.3
41368.3
41368.3
41368.3
41368.3
41368.3
41368.3
41368.3
41368.3
41368.3
41368.3
41368.3
41368.3
41368.3
41368.3
41368.3
41368.3
41368.4
41368.4
41368.4
41368.4
41368.4
41368.4
41370.5
41369.6
41368.7
41368.3
41368.2
41368.2
41368.2
41368.3
41368.3
41368.3
41368.3
41368.4
41368.4
41368.4
41368.4
41368.5
41368.5
41368.5
41368.5
41368.5
41368.5
41368.5
41368.5
41368.5
41368.5
41368.5
41368.5
41368.5
41368.5
41368.5
41368.6
41368.6
41368.6
41368.6
41368.6
41368.6
41368.6
41368.6
41368.6
41368.6
41370.3
41369.5
41368.8
41368.4
41368.3
41368.3
41368.2
41368.2
41368.2
41368.2
41368.2
41368.2
41368.2
41368.2
41368.2
41368.2
41368.2
41368.2
41368.2
41368.2
41368.2
41368.2
41368.2
41368.2
41368.2
41368.2
41368.2
41368.2
41368.2
41368.2
41368.2
41368.2
41368.3
41368.3
41368.3
41368.3
41368.3
41368.3
41368.4
41368.4
41370.1
41369.5
41368.9
41368.6
41368.5
41368.5
41368.5
41368.5
41368.5
41368.6
41368.6
41368.6
41368.7
41368.7
41368.7
41368.7
41368.7
41368.7
41368.7
41368.7
41368.7
41368.7
41368.7
41368.7
41368.7
41368.7
41368.7
41368.7
41368.7
41368.7
41368.7
41368.7
41368.7
41368.7
41368.7
41368.7
41368.7
41368.7
41368.7
41368.7
41369.8
41369.3
41368.8
41368.4
41368.2
41368.1
41368.1
41368
41368
41368
41368
41368
41368
41368
41368
41368
41368
41368
41368
41368
41368
41368
41368
41368
41368
41368
41368.1
41368.1
41368.1
41368.1
41368.1
41368.1
41368.1
41368.2
41368.2
41368.2
41368.2
41368.3
41368.3
41368.3
41369.9
41369.7
41369.4
41369.2
41369.2
41369.2
41369.2
41369.2
41369.2
41369.2
41369.2
41369.2
41369.2
41369.2
41369.2
41369.2
41369.1
41369.1
41369.1
41369.1
41369.1
41369.1
41369
41369
41369
41369
41369
41368.9
41368.9
41368.9
41368.9
41368.9
41368.9
41368.8
41368.8
41368.8
41368.8
41368.8
41368.8
41368.8
41368.8
41368.4
41368
41367.7
41367.5
41367.4
41367.3
41367.3
41367.3
41367.4
41367.4
41367.4
41367.5
41367.5
41367.5
41367.6
41367.6
41367.6
41367.6
41367.7
41367.7
41367.7
41367.8
41367.8
41367.8
41367.8
41367.9
41367.9
41367.9
41368
41368
41368
41368.1
41368.1
41368.1
41368.1
41368.2
41368.2
41368.2
41368.3
41371
41371.1
41371.1
41371
41370.8
41370.7
41370.6
41370.4
41370.3
41370.2
41370.1
41370.1
41370
41369.9
41369.8
41369.8
41369.7
41369.7
41369.6
41369.6
41369.5
41369.5
41369.4
41369.4
41369.3
41369.3
41369.2
41369.2
41369.1
41369.1
41369
41369
41369
41368.9
41368.9
41368.9
41368.9
41368.8
41368.8
41368.8
)
;

boundaryField
{
    inlet
    {
        type            zeroGradient;
    }
    outlet
    {
        type            fixedValue;
        value           uniform 41368.6;
    }
    plate
    {
        type            zeroGradient;
    }
    farfield
    {
        type            fixedValue;
        value           uniform 41368.6;
    }
    upstreamSlip
    {
        type            symmetry;
    }
    frontAndBack
    {
        type            empty;
    }
}


// ************************************************************************* //
