/*--------------------------------*- C++ -*----------------------------------*\
| =========                 |                                                 |
| \\      /  F ield         | OpenFOAM: The Open Source CFD Toolbox           |
|  \\    /   O peration     | Version:  2512                                  |
|   \\  /    A nd           | Website:  www.openfoam.com                      |
|    \\/     M anipulation  |                                                 |
\*---------------------------------------------------------------------------*/
FoamFile
{
    version     2.0;
    format      ascii;
    arch        "LSB;label=32;scalar=64";
    class       surfaceScalarField;
    location    "0.0149697";
    object      phi;
}
// * * * * * * * * * * * * * * * * * * * * * * * * * * * * * * * * * * * * * //

dimensions      [1 0 -1 0 0 0 0];

oriented        oriented;

internalField   nonuniform List<scalar> 
3514
(
1.07551e-06
8.9145e-11
1.07534e-06
1.7e-10
1.07506e-06
2.78663e-10
1.07465e-06
4.12221e-10
1.07405e-06
5.94525e-10
1.07318e-06
8.78171e-10
1.07182e-06
1.3545e-09
1.06882e-06
2.9996e-09
1.06421e-06
4.61151e-09
4.00039e-07
6.6417e-07
1.2027e-06
1.88823e-10
1.20251e-06
3.60113e-10
1.20219e-06
5.90277e-10
1.20173e-06
8.73178e-10
1.20107e-06
1.25934e-09
1.20009e-06
1.86011e-09
1.19857e-06
2.86914e-09
1.19523e-06
6.34487e-09
1.19014e-06
9.69377e-09
6.71436e-07
9.18747e-07
1.34493e-06
2.99824e-10
1.34471e-06
5.73071e-10
1.34436e-06
9.38564e-10
1.34385e-06
1.3883e-09
1.34311e-06
2.00223e-09
1.34201e-06
2.95655e-09
1.34032e-06
4.56188e-09
1.33665e-06
1.00099e-08
1.33081e-06
1.55354e-08
8.5179e-07
1.15046e-06
1.50397e-06
4.23381e-10
1.50374e-06
8.11665e-10
1.50335e-06
1.32782e-09
1.50277e-06
1.9639e-09
1.50194e-06
2.8323e-09
1.50072e-06
4.18056e-09
1.49882e-06
6.45344e-09
1.49482e-06
1.40104e-08
1.48811e-06
2.22512e-08
9.67893e-07
1.37201e-06
1.68183e-06
5.60851e-10
1.68156e-06
1.07901e-09
1.68113e-06
1.76283e-09
1.68049e-06
2.60701e-09
1.67956e-06
3.75965e-09
1.67819e-06
5.54668e-09
1.67608e-06
8.56674e-09
1.67172e-06
1.83643e-08
1.66401e-06
2.99666e-08
1.03896e-06
1.59294e-06
1.88072e-06
7.13757e-10
1.88042e-06
1.37859e-09
1.87994e-06
2.24894e-09
1.87922e-06
3.32549e-09
1.87818e-06
4.79559e-09
1.87666e-06
7.07109e-09
1.8743e-06
1.09272e-08
1.86957e-06
2.30937e-08
1.86072e-06
3.88103e-08
1.07898e-06
1.8207e-06
2.10313e-06
8.83785e-10
2.1028e-06
1.7143e-09
2.10225e-06
2.79213e-09
2.10145e-06
4.1281e-09
2.10029e-06
5.95271e-09
2.09859e-06
8.7718e-09
2.09596e-06
1.35629e-08
2.09083e-06
2.82252e-08
2.08073e-06
4.89084e-08
1.09811e-06
2.0616e-06
2.35185e-06
1.07284e-09
2.35147e-06
2.09048e-09
2.35086e-06
3.39906e-09
2.34997e-06
5.02462e-09
2.34867e-06
7.24503e-09
2.34678e-06
1.06689e-08
2.34384e-06
1.65045e-08
2.33827e-06
3.37921e-08
2.3268e-06
6.03772e-08
1.10356e-06
2.32135e-06
2.62997e-06
1.28307e-09
2.62955e-06
2.51194e-09
2.62887e-06
4.07718e-09
2.62787e-06
6.02596e-09
2.62643e-06
8.6882e-09
2.62431e-06
1.27847e-08
2.62103e-06
1.97859e-08
2.61499e-06
3.98345e-08
2.60205e-06
7.33169e-08
1.10029e-06
2.60532e-06
2.94099e-06
1.51688e-09
2.94052e-06
2.98403e-09
2.93976e-06
4.83482e-09
2.93864e-06
7.14426e-09
2.93703e-06
1.02996e-08
2.93467e-06
1.51442e-08
2.93101e-06
2.34438e-08
2.92445e-06
4.64012e-08
2.90996e-06
8.78035e-08
1.09148e-06
2.91877e-06
3.28879e-06
1.777e-09
3.28826e-06
3.51265e-09
3.28741e-06
5.68122e-09
3.28616e-06
8.39308e-09
3.28436e-06
1.20986e-08
3.28173e-06
1.77749e-08
3.27766e-06
2.75185e-08
3.27051e-06
5.35483e-08
3.25443e-06
1.03882e-07
1.07907e-06
3.26684e-06
3.67771e-06
2.06651e-09
3.67712e-06
4.10439e-09
3.67617e-06
6.62673e-09
3.67478e-06
9.78746e-09
3.67277e-06
1.41067e-08
3.66984e-06
2.07074e-08
3.6653e-06
3.20535e-08
3.65751e-06
6.13398e-08
3.63984e-06
1.2156e-07
1.06414e-06
3.65477e-06
4.11263e-06
2.38886e-09
4.11197e-06
4.76646e-09
4.11091e-06
7.68283e-09
4.10936e-06
1.13441e-08
4.10712e-06
1.63475e-08
4.10385e-06
2.39752e-08
4.09881e-06
3.70956e-08
4.0903e-06
6.98453e-08
4.07106e-06
1.40802e-07
1.04727e-06
4.08793e-06
4.59898e-06
2.74793e-09
4.59824e-06
5.5069e-09
4.59707e-06
8.86224e-09
4.59533e-06
1.30815e-08
4.59283e-06
1.88473e-08
4.58919e-06
2.76154e-08
4.58359e-06
4.26949e-08
4.5743e-06
7.91378e-08
4.55358e-06
1.61522e-07
1.02875e-06
4.57209e-06
5.14285e-06
3.14804e-09
5.14203e-06
6.33451e-09
5.14071e-06
1.01791e-08
5.13877e-06
1.50201e-08
5.13598e-06
2.16347e-08
5.13193e-06
3.16678e-08
5.12572e-06
4.89042e-08
5.11557e-06
8.92907e-08
5.0935e-06
1.83586e-07
1.00879e-06
5.11347e-06
5.75104e-06
3.59404e-09
5.75011e-06
7.25904e-09
5.74864e-06
1.16488e-08
5.74648e-06
1.71823e-08
5.74337e-06
2.47413e-08
5.73887e-06
3.61758e-08
5.73199e-06
5.57786e-08
5.72091e-06
1.00374e-07
5.69769e-06
2.06805e-07
9.87529e-07
5.71895e-06
6.43114e-06
4.09124e-09
6.43011e-06
8.29115e-09
6.42847e-06
1.32885e-08
6.42606e-06
1.95926e-08
6.4226e-06
2.82009e-08
6.41759e-06
4.11852e-08
6.41e-06
6.33738e-08
6.39793e-06
1.12447e-07
6.37379e-06
2.30937e-07
9.65137e-07
6.39619e-06
7.19168e-06
4.64555e-09
7.19053e-06
9.44253e-09
7.1887e-06
1.51168e-08
7.18602e-06
2.22775e-08
7.18217e-06
3.20502e-08
7.17661e-06
4.67446e-08
7.16824e-06
7.17454e-08
7.15513e-06
1.25556e-07
7.13037e-06
2.55693e-07
9.41796e-07
7.15371e-06
8.04216e-06
5.2634e-09
8.04087e-06
1.07259e-08
8.03884e-06
1.71539e-08
8.03585e-06
2.52658e-08
8.03157e-06
3.63279e-08
8.02541e-06
5.29036e-08
8.01621e-06
8.09455e-08
8.00204e-06
1.39724e-07
7.97699e-06
2.80741e-07
9.17715e-07
8.00108e-06
8.99321e-06
5.95179e-09
8.99178e-06
1.2155e-08
8.98951e-06
1.94212e-08
8.98619e-06
2.85878e-08
8.98144e-06
4.10746e-08
8.97463e-06
5.97125e-08
8.96456e-06
9.10209e-08
8.94934e-06
1.54946e-07
8.92436e-06
3.05713e-07
8.9312e-07
8.94896e-06
1.00567e-05
6.71827e-09
1.00551e-05
1.37445e-08
1.00526e-05
2.19418e-08
1.00489e-05
3.22754e-08
1.00437e-05
4.63318e-08
1.00362e-05
6.72195e-08
1.00252e-05
1.02008e-07
1.00089e-05
1.71181e-07
9.98443e-06
3.30222e-07
8.68247e-07
1.00093e-05
1.1246e-05
7.57086e-09
1.12443e-05
1.551e-08
1.12415e-05
2.47396e-08
1.12374e-05
3.63613e-08
1.12316e-05
5.21406e-08
1.12233e-05
7.54691e-08
1.12114e-05
1.13929e-07
1.11942e-05
1.88345e-07
1.11706e-05
3.53876e-07
8.43328e-07
1.11955e-05
1.2576e-05
8.51799e-09
1.2574e-05
1.74677e-08
1.25709e-05
2.78388e-08
1.25664e-05
4.08781e-08
1.256e-05
5.85403e-08
1.2551e-05
8.4498e-08
1.25381e-05
1.26785e-07
1.25201e-05
2.06308e-07
1.24977e-05
3.76294e-07
8.18589e-07
1.25225e-05
1.40632e-05
9.56831e-09
1.4061e-05
1.9634e-08
1.40576e-05
3.12633e-08
1.40526e-05
4.58567e-08
1.40456e-05
6.55652e-08
1.40357e-05
9.43316e-08
1.4022e-05
1.40552e-07
1.40034e-05
2.24891e-07
1.39826e-05
3.97128e-07
7.94233e-07
1.40069e-05
1.57263e-05
1.07305e-08
1.57239e-05
2.20248e-08
1.57201e-05
3.50356e-08
1.57146e-05
5.13242e-08
1.5707e-05
7.3242e-08
1.56963e-05
1.04978e-07
1.56817e-05
1.55171e-07
1.56627e-05
2.43869e-07
1.56438e-05
4.16082e-07
7.70441e-07
1.56675e-05
1.7586e-05
1.20129e-08
1.75834e-05
2.46549e-08
1.75793e-05
3.91747e-08
1.75733e-05
5.73014e-08
1.75649e-05
8.15853e-08
1.75535e-05
1.16424e-07
1.75381e-05
1.70546e-07
1.7519e-05
2.62974e-07
1.75022e-05
4.3293e-07
7.47369e-07
1.75252e-05
1.96657e-05
1.34232e-08
1.96629e-05
2.75367e-08
1.96583e-05
4.36939e-08
1.96518e-05
6.37986e-08
1.96428e-05
9.05919e-08
1.96306e-05
1.28624e-07
1.96146e-05
1.86539e-07
1.95957e-05
2.81913e-07
1.95811e-05
4.47533e-07
7.25155e-07
1.96033e-05
2.19914e-05
1.49678e-08
2.19883e-05
3.06785e-08
2.19833e-05
4.85976e-08
2.19763e-05
7.08112e-08
2.19667e-05
1.00235e-07
2.19538e-05
1.415e-07
2.19374e-05
2.02966e-07
2.19189e-05
3.00377e-07
2.19066e-05
4.59844e-07
7.03924e-07
2.19278e-05
2.45921e-05
1.66514e-08
2.45887e-05
3.40824e-08
2.45834e-05
5.38771e-08
2.45759e-05
7.8313e-08
2.45657e-05
1.10455e-07
2.45523e-05
1.54928e-07
2.45356e-05
2.19601e-07
2.45179e-05
3.18069e-07
2.45079e-05
4.69918e-07
6.83808e-07
2.4528e-05
2.75003e-05
1.84767e-08
2.74967e-05
3.77415e-08
2.74911e-05
5.95046e-08
2.74831e-05
8.6249e-08
2.74724e-05
1.21154e-07
2.74586e-05
1.68739e-07
2.7442e-05
2.36186e-07
2.74254e-05
3.34726e-07
2.74174e-05
4.77925e-07
6.64983e-07
2.74362e-05
3.07525e-05
2.04453e-08
3.07486e-05
4.16372e-08
3.07427e-05
6.54263e-08
3.07344e-05
9.45259e-08
3.07234e-05
1.32182e-07
3.07094e-05
1.82701e-07
3.06932e-05
2.52408e-07
3.06779e-05
3.50089e-07
3.06717e-05
4.84048e-07
6.47553e-07
3.06892e-05
3.43893e-05
2.25603e-08
3.43852e-05
4.57341e-08
3.43791e-05
7.15542e-08
3.43706e-05
1.03021e-07
3.43594e-05
1.4339e-07
3.43454e-05
1.96652e-07
3.43297e-05
2.68156e-07
3.43155e-05
3.64293e-07
3.43105e-05
4.89019e-07
6.32283e-07
3.43258e-05
3.84562e-05
2.4836e-08
3.8452e-05
4.99637e-08
3.84459e-05
7.76577e-08
3.84376e-05
1.11289e-07
3.84269e-05
1.54062e-07
3.8414e-05
2.09587e-07
3.83999e-05
2.82197e-07
3.83882e-05
3.76068e-07
3.83855e-05
4.91721e-07
6.17482e-07
3.84003e-05
4.30039e-05
2.7375e-08
4.29992e-05
5.46441e-08
4.29924e-05
8.44767e-08
4.29831e-05
1.20594e-07
4.29711e-05
1.66041e-07
4.29567e-05
2.24041e-07
4.29409e-05
2.97971e-07
4.29268e-05
3.90116e-07
4.292e-05
4.98507e-07
6.1103e-07
4.29265e-05
4.80908e-05
2.87638e-08
4.80889e-05
5.65699e-08
4.80862e-05
8.71483e-08
4.80825e-05
1.24367e-07
4.80776e-05
1.70866e-07
4.80722e-05
2.29502e-07
4.80673e-05
3.02809e-07
4.80658e-05
3.91604e-07
4.80721e-05
4.92261e-07
5.92884e-07
4.80902e-05
5.37682e-05
5.37583e-05
5.37447e-05
5.37275e-05
5.3706e-05
5.36799e-05
5.36495e-05
5.36173e-05
5.3588e-05
5.35682e-05
1.93084e-07
4.71086e-07
1.02721e-07
9.03626e-08
7.75842e-08
2.51371e-08
6.50078e-08
1.25764e-08
5.71854e-08
7.82249e-09
5.16814e-08
5.50396e-09
4.7514e-08
4.16737e-09
4.42192e-08
3.29481e-09
4.15356e-08
2.68364e-09
3.92983e-08
2.23713e-09
3.73974e-08
1.90122e-09
3.57577e-08
1.63935e-09
3.43264e-08
1.43158e-09
3.30654e-08
1.26067e-09
3.19461e-08
1.11946e-09
3.09474e-08
9.98102e-10
3.00528e-08
8.94596e-10
2.92498e-08
8.02193e-10
2.85283e-08
7.20917e-10
2.78805e-08
6.46851e-10
2.72999e-08
5.79325e-10
2.67809e-08
5.17861e-10
2.63188e-08
4.60204e-10
2.5909e-08
4.08313e-10
2.55475e-08
3.58678e-10
2.52303e-08
3.15587e-10
2.49535e-08
2.7357e-10
2.47131e-08
2.38303e-10
2.45055e-08
2.04066e-10
2.4327e-08
1.76087e-10
2.41743e-08
1.49172e-10
2.40441e-08
1.27428e-10
2.39334e-08
1.07312e-10
2.38392e-08
9.11058e-11
2.37593e-08
7.66533e-11
2.36914e-08
6.48603e-11
2.36344e-08
5.42322e-11
2.35938e-08
3.7321e-11
2.35173e-08
7.31131e-11
1.30563e-10
5.25896e-07
8.63938e-07
3.48608e-07
2.67651e-07
2.69479e-07
1.04266e-07
2.2651e-07
5.55459e-08
1.99341e-07
3.49914e-08
1.80181e-07
2.46636e-08
1.65678e-07
1.86709e-08
1.54205e-07
1.47671e-08
1.44854e-07
1.20354e-08
1.37052e-07
1.00386e-08
1.30421e-07
8.5329e-09
1.24699e-07
7.36029e-09
1.19705e-07
6.4269e-09
1.15303e-07
5.66189e-09
1.11396e-07
5.02689e-09
1.07909e-07
4.48431e-09
1.04786e-07
4.01819e-09
1.01981e-07
3.60538e-09
9.9462e-08
3.23982e-09
9.71999e-08
2.908e-09
9.51721e-08
2.6058e-09
9.33597e-08
2.32916e-09
9.17457e-08
2.07221e-09
9.03146e-08
1.83802e-09
8.9052e-08
1.61817e-09
8.79439e-08
1.42206e-09
8.69764e-08
1.23733e-09
8.61363e-08
1.07625e-09
8.54103e-08
9.26075e-10
8.4786e-08
7.97809e-10
8.42515e-08
6.79697e-10
8.37956e-08
5.80339e-10
8.34076e-08
4.91499e-10
8.30778e-08
4.17581e-10
8.27977e-08
3.53037e-10
8.25599e-08
2.99273e-10
8.23604e-08
2.507e-10
8.22116e-08
1.82412e-10
8.19499e-08
3.31121e-10
4.66256e-10
8.4544e-07
1.16895e-06
6.40515e-07
4.72576e-07
5.17381e-07
2.274e-07
4.40727e-07
1.32199e-07
3.89665e-07
8.60534e-08
3.52961e-07
6.13679e-08
3.24953e-07
4.66788e-08
3.02693e-07
3.70267e-08
2.84486e-07
3.02428e-08
2.69258e-07
2.5266e-08
2.56293e-07
2.14988e-08
2.45092e-07
1.85607e-08
2.35303e-07
1.62156e-08
2.26671e-07
1.42944e-08
2.19002e-07
1.26953e-08
2.12154e-07
1.13315e-08
2.06017e-07
1.0156e-08
2.00503e-07
9.11783e-09
1.95547e-07
8.19539e-09
1.91094e-07
7.35969e-09
1.87101e-07
6.59784e-09
1.83529e-07
5.89942e-09
1.80346e-07
5.25276e-09
1.77522e-07
4.66011e-09
1.75029e-07
4.10848e-09
1.72838e-07
3.61004e-09
1.70924e-07
3.14756e-09
1.69261e-07
2.73733e-09
1.67821e-07
2.3613e-09
1.66582e-07
2.03389e-09
1.6552e-07
1.73775e-09
1.64612e-07
1.48415e-09
1.63839e-07
1.26042e-09
1.63181e-07
1.07158e-09
1.62623e-07
9.07864e-10
1.62148e-07
7.70181e-10
1.61749e-07
6.46001e-10
1.61438e-07
4.8921e-10
1.60951e-07
8.13789e-10
9.99441e-10
1.15043e-06
1.39053e-06
9.57355e-07
6.65648e-07
8.13278e-07
3.71478e-07
7.09411e-07
2.36066e-07
6.34177e-07
1.61288e-07
5.77722e-07
1.17823e-07
5.33669e-07
9.07324e-08
4.9819e-07
7.25057e-08
4.68911e-07
5.95214e-08
4.44271e-07
4.99061e-08
4.23196e-07
4.25745e-08
4.04928e-07
3.68284e-08
3.88921e-07
3.22225e-08
3.74774e-07
2.84412e-08
3.62185e-07
2.52844e-08
3.50925e-07
2.25906e-08
3.40819e-07
2.02625e-08
3.31728e-07
1.82073e-08
3.23546e-07
1.63771e-08
3.16186e-07
1.4719e-08
3.09576e-07
1.32065e-08
3.03656e-07
1.18177e-08
2.98374e-07
1.0533e-08
2.9368e-07
9.35224e-09
2.89529e-07
8.25618e-09
2.85876e-07
7.26016e-09
2.82679e-07
6.34096e-09
2.79894e-07
5.51923e-09
2.7748e-07
4.77067e-09
2.75398e-07
4.11301e-09
2.73609e-07
3.52218e-09
2.72077e-07
3.01179e-09
2.7077e-07
2.56344e-09
2.69655e-07
2.18193e-09
2.68707e-07
1.85189e-09
2.679e-07
1.57253e-09
2.67221e-07
1.32146e-09
2.66669e-07
1.03646e-09
2.65918e-07
1.56046e-09
1.73986e-09
1.44258e-06
1.54089e-06
1.2822e-06
8.26028e-07
1.1411e-06
5.12583e-07
1.02481e-06
3.52353e-07
9.32015e-07
2.54082e-07
8.57828e-07
1.9201e-07
7.97587e-07
1.50974e-07
7.47806e-07
1.22287e-07
7.05996e-07
1.01331e-07
6.70365e-07
8.5537e-08
6.39606e-07
7.33333e-08
6.12758e-07
6.36767e-08
5.89104e-07
5.58764e-08
5.68106e-07
4.94393e-08
5.49351e-07
4.40385e-08
5.32524e-07
3.94169e-08
5.17379e-07
3.5408e-08
5.03721e-07
3.18641e-08
4.91398e-07
2.86992e-08
4.80287e-07
2.5829e-08
4.70286e-07
2.32061e-08
4.61308e-07
2.07936e-08
4.53278e-07
1.85612e-08
4.46124e-07
1.65033e-08
4.39782e-07
1.45955e-08
4.34186e-07
1.28529e-08
4.29273e-07
1.12496e-08
4.24982e-07
9.80689e-09
4.21252e-07
8.49706e-09
4.18023e-07
7.33788e-09
4.1524e-07
6.30029e-09
4.1285e-07
5.39734e-09
4.10803e-07
4.60556e-09
4.09053e-07
3.92714e-09
4.0756e-07
3.34029e-09
4.06287e-07
2.84054e-09
4.05211e-07
2.39326e-09
4.04308e-07
1.93419e-09
4.03232e-07
2.63153e-09
2.70503e-09
1.72682e-06
1.63477e-06
1.60579e-06
9.47057e-07
1.48444e-06
6.33935e-07
1.37223e-06
4.64563e-07
1.27381e-06
3.52506e-07
1.18917e-06
2.76645e-07
1.11667e-06
2.23478e-07
1.05439e-06
1.84568e-07
1.00057e-06
1.55144e-07
9.53735e-07
1.32375e-07
9.1265e-07
1.14419e-07
8.7634e-07
9.99858e-08
8.44037e-07
8.81804e-08
8.15131e-07
7.83451e-08
7.89143e-07
7.00262e-08
7.65695e-07
6.28646e-08
7.44486e-07
5.66171e-08
7.25276e-07
5.1073e-08
7.07873e-07
4.61013e-08
6.92122e-07
4.15797e-08
6.77891e-07
3.7436e-08
6.65069e-07
3.36139e-08
6.53558e-07
3.00706e-08
6.43265e-07
2.6794e-08
6.34104e-07
2.37533e-08
6.2599e-07
2.09647e-08
6.18837e-07
1.83983e-08
6.12563e-07
1.60777e-08
6.07085e-07
1.39707e-08
6.02323e-07
1.20959e-08
5.982e-07
1.04179e-08
5.94644e-07
8.94928e-09
5.91584e-07
7.65982e-09
5.88958e-07
6.54842e-09
5.86708e-07
5.58516e-09
5.84783e-07
4.76007e-09
5.83147e-07
4.02478e-09
5.81744e-07
3.33197e-09
5.80247e-07
4.12299e-09
3.93105e-09
2.00991e-06
1.68646e-06
1.92605e-06
1.03092e-06
1.83222e-06
7.27771e-07
1.73639e-06
5.60386e-07
1.64483e-06
4.44075e-07
1.56016e-06
3.61313e-07
1.48317e-06
3.00465e-07
1.4138e-06
2.5394e-07
1.35154e-06
2.174e-07
1.2957e-06
1.88214e-07
1.24554e-06
1.64582e-07
1.20035e-06
1.45173e-07
1.15952e-06
1.29012e-07
1.12252e-06
1.15351e-07
1.08889e-06
1.03653e-07
1.05827e-06
9.34833e-08
1.03035e-06
8.45325e-08
1.00489e-06
7.65347e-08
9.81676e-07
6.93154e-08
9.60539e-07
6.27164e-08
9.41334e-07
5.66393e-08
9.23937e-07
5.10096e-08
9.08233e-07
4.57719e-08
8.94117e-07
4.09077e-08
8.81486e-07
3.63822e-08
8.70236e-07
3.22115e-08
8.60264e-07
2.83663e-08
8.51468e-07
2.48702e-08
8.43744e-07
2.16908e-08
8.36991e-07
1.8845e-08
8.3111e-07
1.62941e-08
8.26007e-07
1.40476e-08
8.21591e-07
1.207e-08
8.1778e-07
1.03546e-08
8.14497e-07
8.86296e-09
8.11674e-07
7.57727e-09
8.09258e-07
6.43561e-09
8.07157e-07
5.4271e-09
8.05096e-07
6.17824e-09
5.47993e-09
2.29954e-06
1.70827e-06
2.2462e-06
1.08425e-06
2.18035e-06
7.93631e-07
2.1068e-06
6.33935e-07
2.03093e-06
5.19942e-07
1.95589e-06
4.36355e-07
1.88348e-06
3.72872e-07
1.8148e-06
3.22617e-07
1.75042e-06
2.81781e-07
1.69051e-06
2.48121e-07
1.63501e-06
2.20087e-07
1.5837e-06
1.9648e-07
1.53632e-06
1.7639e-07
1.49259e-06
1.59087e-07
1.45222e-06
1.44023e-07
1.41496e-06
1.30741e-07
1.38059e-06
1.18903e-07
1.34891e-06
1.08214e-07
1.31975e-06
9.84724e-08
1.29297e-06
8.94952e-08
1.26845e-06
8.11672e-08
1.24605e-06
7.34007e-08
1.22569e-06
6.61336e-08
1.20725e-06
5.9345e-08
1.19063e-06
5.29997e-08
1.17572e-06
4.71183e-08
1.16241e-06
4.16739e-08
1.15059e-06
3.66949e-08
1.14012e-06
3.21495e-08
1.13091e-06
2.80564e-08
1.12282e-06
2.43738e-08
1.11576e-06
2.11101e-08
1.1096e-06
1.8224e-08
1.10424e-06
1.57039e-08
1.0996e-06
1.35019e-08
1.09558e-06
1.15913e-08
1.09211e-06
9.89853e-09
1.08907e-06
8.46306e-09
1.08625e-06
8.9912e-09
7.44132e-09
2.60368e-06
1.70991e-06
2.57284e-06
1.11509e-06
2.53092e-06
8.35557e-07
2.47983e-06
6.85025e-07
2.42332e-06
5.76451e-07
2.36389e-06
4.95784e-07
2.30324e-06
4.33518e-07
2.24273e-06
3.83131e-07
2.18337e-06
3.41139e-07
2.12588e-06
3.05616e-07
2.0707e-06
2.75267e-07
2.01809e-06
2.49088e-07
1.96818e-06
2.26297e-07
1.92101e-06
2.06254e-07
1.87657e-06
1.88468e-07
1.8348e-06
1.72511e-07
1.79564e-06
1.58063e-07
1.75902e-06
1.44831e-07
1.72488e-06
1.32615e-07
1.69315e-06
1.21229e-07
1.66376e-06
1.10557e-07
1.63664e-06
1.00511e-07
1.61174e-06
9.10332e-08
1.58898e-06
8.21088e-08
1.56827e-06
7.37111e-08
1.54951e-06
6.58696e-08
1.53262e-06
5.85689e-08
1.51746e-06
5.1844e-08
1.50394e-06
4.56719e-08
1.49192e-06
4.00741e-08
1.48128e-06
3.50118e-08
1.47189e-06
3.04923e-08
1.46364e-06
2.6473e-08
1.4564e-06
2.29368e-08
1.45007e-06
1.98284e-08
1.44454e-06
1.71114e-08
1.43973e-06
1.47048e-08
1.43549e-06
1.27046e-08
1.43169e-06
1.27854e-08
9.92076e-09
2.93025e-06
1.69843e-06
2.91442e-06
1.13091e-06
2.89047e-06
8.59511e-07
2.85833e-06
7.1716e-07
2.82033e-06
6.14451e-07
2.77807e-06
5.38043e-07
2.73265e-06
4.78942e-07
2.68508e-06
4.30701e-07
2.63629e-06
3.89926e-07
2.58707e-06
3.54836e-07
2.53805e-06
3.24291e-07
2.48972e-06
2.9742e-07
2.44245e-06
2.73559e-07
2.39655e-06
2.52159e-07
2.35222e-06
2.32799e-07
2.30962e-06
2.15108e-07
2.26888e-06
1.98805e-07
2.23009e-06
1.83626e-07
2.19331e-06
1.69394e-07
2.15859e-06
1.5594e-07
2.12599e-06
1.43164e-07
2.0955e-06
1.30993e-07
2.06715e-06
1.19386e-07
2.04091e-06
1.08346e-07
2.01676e-06
9.78637e-08
1.99464e-06
8.79879e-08
1.97449e-06
7.87216e-08
1.95622e-06
7.01155e-08
1.93973e-06
6.21603e-08
1.92491e-06
5.48877e-08
1.91166e-06
4.82661e-08
1.89984e-06
4.23073e-08
1.88934e-06
3.69701e-08
1.88004e-06
3.22364e-08
1.87182e-06
2.80453e-08
1.86457e-06
2.43527e-08
1.8582e-06
2.10755e-08
1.85254e-06
1.83635e-08
1.84757e-06
1.77522e-08
1.30106e-08
3.28679e-06
1.67848e-06
3.28004e-06
1.13766e-06
3.26811e-06
8.71447e-07
3.24988e-06
7.35392e-07
3.22676e-06
6.37566e-07
3.19973e-06
5.65077e-07
3.16925e-06
5.09413e-07
3.13586e-06
4.64094e-07
3.10012e-06
4.25669e-07
3.06259e-06
3.92365e-07
3.0238e-06
3.63083e-07
2.98421e-06
3.37006e-07
2.94425e-06
3.13519e-07
2.90428e-06
2.92127e-07
2.86463e-06
2.72455e-07
2.82556e-06
2.54173e-07
2.78733e-06
2.37035e-07
2.75015e-06
2.20809e-07
2.7142e-06
2.05341e-07
2.67965e-06
1.9049e-07
2.64664e-06
1.76176e-07
2.61528e-06
1.62352e-07
2.58567e-06
1.49e-07
2.55787e-06
1.36149e-07
2.53191e-06
1.23818e-07
2.50782e-06
1.12079e-07
2.48558e-06
1.00963e-07
2.46516e-06
9.05412e-08
2.44649e-06
8.08283e-08
2.42951e-06
7.18698e-08
2.41413e-06
6.36495e-08
2.40025e-06
5.61874e-08
2.38777e-06
4.94512e-08
2.37658e-06
4.34246e-08
2.36658e-06
3.80462e-08
2.35766e-06
3.32675e-08
2.34973e-06
2.90095e-08
2.34262e-06
2.54655e-08
2.33644e-06
2.39339e-08
1.67358e-08
3.6804e-06
1.65285e-06
3.67865e-06
1.13942e-06
3.6739e-06
8.76198e-07
3.66465e-06
7.44637e-07
3.65187e-06
6.50344e-07
3.63627e-06
5.80683e-07
3.61794e-06
5.27739e-07
3.59701e-06
4.85023e-07
3.5737e-06
4.48985e-07
3.54827e-06
4.17798e-07
3.52101e-06
3.9034e-07
3.49223e-06
3.65787e-07
3.46222e-06
3.43521e-07
3.4313e-06
3.23054e-07
3.39973e-06
3.04019e-07
3.36781e-06
2.86099e-07
3.33578e-06
2.6906e-07
3.30391e-06
2.52684e-07
3.27242e-06
2.36831e-07
3.24154e-06
2.21375e-07
3.21146e-06
2.06256e-07
3.18236e-06
1.91446e-07
3.15442e-06
1.76952e-07
3.12774e-06
1.62825e-07
3.10245e-06
1.49114e-07
3.07861e-06
1.35919e-07
3.05628e-06
1.23299e-07
3.03547e-06
1.11352e-07
3.01618e-06
1.00117e-07
2.9984e-06
8.96605e-08
2.98206e-06
7.99855e-08
2.96713e-06
7.11259e-08
2.95352e-06
6.30618e-08
2.94117e-06
5.57846e-08
2.92998e-06
4.92366e-08
2.91988e-06
4.33692e-08
2.91078e-06
3.81133e-08
2.90256e-06
3.3689e-08
2.89542e-06
3.10792e-08
2.09882e-08
4.11777e-06
1.62301e-06
4.11858e-06
1.13861e-06
4.11767e-06
8.77101e-07
4.11359e-06
7.48724e-07
4.10706e-06
6.5687e-07
4.09883e-06
5.88916e-07
4.08888e-06
5.37684e-07
4.07714e-06
4.96763e-07
4.0636e-06
4.62525e-07
4.04831e-06
4.33087e-07
4.03136e-06
4.0729e-07
4.01287e-06
3.84281e-07
3.99297e-06
3.63416e-07
3.97184e-06
3.44187e-07
3.94965e-06
3.26212e-07
3.92658e-06
3.09163e-07
3.90285e-06
2.92794e-07
3.87865e-06
2.76885e-07
3.85419e-06
2.61292e-07
3.82968e-06
2.45891e-07
3.80531e-06
2.30627e-07
3.78127e-06
2.15481e-07
3.75775e-06
2.00474e-07
3.73491e-06
1.85675e-07
3.71287e-06
1.71153e-07
3.69176e-06
1.5703e-07
3.67167e-06
1.43394e-07
3.65267e-06
1.30363e-07
3.63479e-06
1.18003e-07
3.61805e-06
1.06401e-07
3.60246e-06
9.55791e-08
3.58801e-06
8.55871e-08
3.57466e-06
7.64216e-08
3.56237e-06
6.80835e-08
3.55109e-06
6.05227e-08
3.54077e-06
5.36939e-08
3.53135e-06
4.75409e-08
3.52276e-06
4.22922e-08
3.51528e-06
3.85652e-08
2.54879e-08
4.60543e-06
1.58967e-06
4.60757e-06
1.13647e-06
4.60852e-06
8.76151e-07
4.60709e-06
7.50147e-07
4.60386e-06
6.60099e-07
4.59973e-06
5.93051e-07
4.59473e-06
5.42681e-07
4.58875e-06
5.02749e-07
4.58169e-06
4.69584e-07
4.57351e-06
4.41267e-07
4.56418e-06
4.16616e-07
4.55371e-06
3.94752e-07
4.54211e-06
3.75012e-07
4.52944e-06
3.56861e-07
4.51576e-06
3.39895e-07
4.50115e-06
3.23768e-07
4.48573e-06
3.08216e-07
4.46961e-06
2.93002e-07
4.45294e-06
2.7797e-07
4.43584e-06
2.62986e-07
4.41849e-06
2.47987e-07
4.40102e-06
2.32954e-07
4.38358e-06
2.17909e-07
4.36633e-06
2.02928e-07
4.3494e-06
1.88092e-07
4.3329e-06
1.73536e-07
4.31693e-06
1.59365e-07
4.30159e-06
1.45714e-07
4.28693e-06
1.3267e-07
4.273e-06
1.20334e-07
4.25984e-06
1.08748e-07
4.24747e-06
9.79746e-08
4.23587e-06
8.80263e-08
4.22505e-06
7.89145e-08
4.21499e-06
7.05976e-08
4.20566e-06
6.30351e-08
4.19703e-06
5.61841e-08
4.18907e-06
5.02615e-08
4.18214e-06
4.5513e-08
2.98336e-08
5.15001e-06
1.55313e-06
5.15303e-06
1.13345e-06
5.15479e-06
8.7439e-07
5.15465e-06
7.50284e-07
5.15295e-06
6.61803e-07
5.15076e-06
5.95237e-07
5.14825e-06
5.4519e-07
5.14533e-06
5.05675e-07
5.1419e-06
4.73009e-07
5.13792e-06
4.45251e-07
5.13332e-06
4.21212e-07
5.12807e-06
4.00006e-07
5.12213e-06
3.80953e-07
5.11548e-06
3.63507e-07
5.10813e-06
3.47247e-07
5.10009e-06
3.31811e-07
5.09138e-06
3.16919e-07
5.08207e-06
3.02319e-07
5.0722e-06
2.87839e-07
5.06185e-06
2.73334e-07
5.05111e-06
2.58728e-07
5.04007e-06
2.43994e-07
5.02883e-06
2.2915e-07
5.01749e-06
2.14269e-07
5.00616e-06
1.99434e-07
4.99491e-06
1.84785e-07
4.98385e-06
1.70435e-07
4.97304e-06
1.56528e-07
4.96255e-06
1.43165e-07
4.95244e-06
1.30455e-07
4.94274e-06
1.18455e-07
4.93349e-06
1.07235e-07
4.92471e-06
9.68212e-08
4.9164e-06
8.72344e-08
4.90857e-06
7.84402e-08
4.90122e-06
7.04025e-08
4.89433e-06
6.30887e-08
4.88792e-06
5.66897e-08
4.88233e-06
5.11148e-08
3.36493e-08
5.75856e-06
1.51352e-06
5.76244e-06
1.12958e-06
5.76452e-06
8.72302e-07
5.76502e-06
7.49785e-07
5.76395e-06
6.62874e-07
5.76255e-06
5.96644e-07
5.76109e-06
5.46646e-07
5.75953e-06
5.07232e-07
5.75782e-06
4.74719e-07
5.75592e-06
4.47155e-07
5.75378e-06
4.2335e-07
5.75137e-06
4.02419e-07
5.74864e-06
3.8368e-07
5.74556e-06
3.66582e-07
5.74212e-06
3.50694e-07
5.73828e-06
3.35648e-07
5.73405e-06
3.21151e-07
5.72942e-06
3.06946e-07
5.72441e-06
2.92848e-07
5.71905e-06
2.78702e-07
5.71335e-06
2.64423e-07
5.70737e-06
2.49975e-07
5.70116e-06
2.35368e-07
5.69476e-06
2.20671e-07
5.68823e-06
2.05964e-07
5.68164e-06
1.91382e-07
5.67503e-06
1.77045e-07
5.66847e-06
1.63096e-07
5.662e-06
1.49643e-07
5.65566e-06
1.368e-07
5.6495e-06
1.2463e-07
5.64353e-06
1.13209e-07
5.63779e-06
1.02573e-07
5.63229e-06
9.2748e-08
5.62704e-06
8.37059e-08
5.62204e-06
7.54128e-08
5.6173e-06
6.78432e-08
5.61286e-06
6.11515e-08
5.60901e-06
5.49772e-08
3.67432e-08
6.43875e-06
1.47095e-06
6.44368e-06
1.12464e-06
6.4459e-06
8.70085e-07
6.44678e-06
7.48911e-07
6.44597e-06
6.63683e-07
6.44481e-06
5.97805e-07
6.4437e-06
5.47751e-07
6.44264e-06
5.08291e-07
6.4416e-06
4.75764e-07
6.44055e-06
4.48205e-07
6.43947e-06
4.24425e-07
6.43834e-06
4.03547e-07
6.43713e-06
3.84889e-07
6.43582e-06
3.67897e-07
6.43437e-06
3.5214e-07
6.43277e-06
3.37248e-07
6.431e-06
3.22922e-07
6.42904e-06
3.08902e-07
6.42689e-06
2.94997e-07
6.42455e-06
2.81049e-07
6.422e-06
2.66965e-07
6.41928e-06
2.52703e-07
6.41638e-06
2.3827e-07
6.41332e-06
2.23725e-07
6.41014e-06
2.09148e-07
6.40685e-06
1.94669e-07
6.4035e-06
1.80405e-07
6.4001e-06
1.66499e-07
6.39668e-06
1.53062e-07
6.39328e-06
1.40205e-07
6.38992e-06
1.27998e-07
6.38662e-06
1.16516e-07
6.3834e-06
1.05803e-07
6.38027e-06
9.58885e-08
6.37724e-06
8.67471e-08
6.37432e-06
7.83455e-08
6.37151e-06
7.06621e-08
6.36887e-06
6.38109e-08
6.36662e-06
5.7233e-08
3.91615e-08
7.19908e-06
1.42558e-06
7.20538e-06
1.11835e-06
7.20766e-06
8.67804e-07
7.20882e-06
7.47752e-07
7.20815e-06
6.64348e-07
7.20704e-06
5.98922e-07
7.206e-06
5.4879e-07
7.20506e-06
5.09228e-07
7.20421e-06
4.76619e-07
7.20343e-06
4.48982e-07
7.20272e-06
4.25134e-07
7.20206e-06
4.04203e-07
7.20145e-06
3.85507e-07
7.20084e-06
3.68498e-07
7.20024e-06
3.52741e-07
7.19963e-06
3.37865e-07
7.19898e-06
3.23572e-07
7.19828e-06
3.09602e-07
7.19752e-06
2.95759e-07
7.19668e-06
2.81887e-07
7.19575e-06
2.67888e-07
7.19474e-06
2.53718e-07
7.19363e-06
2.3938e-07
7.19243e-06
2.24929e-07
7.19113e-06
2.10443e-07
7.18976e-06
1.96044e-07
7.18831e-06
1.81851e-07
7.18681e-06
1.68002e-07
7.18527e-06
1.54609e-07
7.1837e-06
1.41782e-07
7.18211e-06
1.2959e-07
7.18052e-06
1.18108e-07
7.17894e-06
1.07386e-07
7.17739e-06
9.74536e-08
7.17585e-06
8.82892e-08
7.17435e-06
7.98576e-08
7.17288e-06
7.21388e-08
7.17149e-06
6.52052e-08
7.17038e-06
5.83605e-08
4.11091e-08
8.04902e-06
1.37763e-06
8.05704e-06
1.11033e-06
8.05939e-06
8.65455e-07
8.06081e-06
7.46336e-07
8.06028e-06
6.64879e-07
8.05915e-06
6.00052e-07
8.05808e-06
5.4986e-07
8.05713e-06
5.10178e-07
8.05628e-06
4.77462e-07
8.05555e-06
4.49716e-07
8.05492e-06
4.25761e-07
8.05439e-06
4.04731e-07
8.05395e-06
3.85949e-07
8.05358e-06
3.68867e-07
8.05327e-06
3.53049e-07
8.05301e-06
3.38127e-07
8.05278e-06
3.238e-07
8.05257e-06
3.09812e-07
8.05237e-06
2.95964e-07
8.05215e-06
2.82101e-07
8.05191e-06
2.68125e-07
8.05164e-06
2.5399e-07
8.05132e-06
2.39695e-07
8.05096e-06
2.25296e-07
8.05054e-06
2.10865e-07
8.05006e-06
1.96522e-07
8.04953e-06
1.82383e-07
8.04895e-06
1.68583e-07
8.04832e-06
1.55235e-07
8.04766e-06
1.42445e-07
8.04697e-06
1.30283e-07
8.04626e-06
1.18822e-07
8.04553e-06
1.08114e-07
8.04479e-06
9.81939e-08
8.04405e-06
8.90386e-08
8.0433e-06
8.06113e-08
8.04255e-06
7.28919e-08
8.04185e-06
6.59136e-08
8.04132e-06
5.8888e-08
4.28159e-08
8.99917e-06
1.32742e-06
9.00928e-06
1.10022e-06
9.01175e-06
8.62986e-07
9.01341e-06
7.4468e-07
9.01304e-06
6.65251e-07
9.01189e-06
6.01195e-07
9.01077e-06
5.50987e-07
9.00976e-06
5.11182e-07
9.00888e-06
4.78349e-07
9.00811e-06
4.50483e-07
9.00747e-06
4.26403e-07
9.00694e-06
4.05255e-07
9.00653e-06
3.86365e-07
9.00621e-06
3.69186e-07
9.00598e-06
3.53282e-07
9.00581e-06
3.38287e-07
9.00572e-06
3.23899e-07
9.00566e-06
3.09864e-07
9.00564e-06
2.95983e-07
9.00564e-06
2.821e-07
9.00565e-06
2.68119e-07
9.00565e-06
2.53993e-07
9.00562e-06
2.3972e-07
9.00557e-06
2.2535e-07
9.00547e-06
2.10958e-07
9.00534e-06
1.96657e-07
9.00516e-06
1.82563e-07
9.00494e-06
1.68806e-07
9.00467e-06
1.555e-07
9.00437e-06
1.42748e-07
9.00404e-06
1.30618e-07
9.00368e-06
1.19182e-07
9.0033e-06
1.08497e-07
9.00289e-06
9.8599e-08
9.00247e-06
8.94649e-08
9.00203e-06
8.10551e-08
9.00157e-06
7.33491e-08
9.00114e-06
6.63434e-08
9.00084e-06
5.91949e-08
4.44408e-08
1.00614e-05
1.27535e-06
1.00739e-05
1.08765e-06
1.00766e-05
8.60293e-07
1.00785e-05
7.42796e-07
1.00783e-05
6.65426e-07
1.00772e-05
6.0233e-07
1.0076e-05
5.52171e-07
1.0075e-05
5.12247e-07
1.0074e-05
4.79296e-07
1.00732e-05
4.51302e-07
1.00725e-05
4.27088e-07
1.0072e-05
4.05811e-07
1.00715e-05
3.868e-07
1.00712e-05
3.69511e-07
1.0071e-05
3.53509e-07
1.00708e-05
3.38428e-07
1.00708e-05
3.23967e-07
1.00707e-05
3.09871e-07
1.00708e-05
2.95945e-07
1.00709e-05
2.82033e-07
1.00709e-05
2.68037e-07
1.0071e-05
2.5391e-07
1.00711e-05
2.3965e-07
1.00711e-05
2.25305e-07
1.00711e-05
2.10946e-07
1.00711e-05
1.96684e-07
1.0071e-05
1.82632e-07
1.00709e-05
1.68917e-07
1.00708e-05
1.55654e-07
1.00706e-05
1.4294e-07
1.00704e-05
1.30846e-07
1.00701e-05
1.19437e-07
1.00698e-05
1.08778e-07
1.00695e-05
9.89069e-08
1.00692e-05
8.97996e-08
1.00688e-05
8.14129e-08
1.00684e-05
7.37258e-08
1.00681e-05
6.67031e-08
1.00678e-05
5.94807e-08
4.60729e-08
1.12489e-05
1.22191e-06
1.12643e-05
1.07232e-06
1.12673e-05
8.57218e-07
1.12694e-05
7.407e-07
1.12695e-05
6.65364e-07
1.12684e-05
6.03423e-07
1.12672e-05
5.53402e-07
1.1266e-05
5.13373e-07
1.1265e-05
4.80303e-07
1.12642e-05
4.52179e-07
1.12634e-05
4.27824e-07
1.12628e-05
4.06408e-07
1.12624e-05
3.87266e-07
1.1262e-05
3.69858e-07
1.12618e-05
3.53748e-07
1.12616e-05
3.38572e-07
1.12616e-05
3.2403e-07
1.12616e-05
3.09868e-07
1.12616e-05
2.9589e-07
1.12617e-05
2.81943e-07
1.12618e-05
2.67928e-07
1.12619e-05
2.53798e-07
1.1262e-05
2.3955e-07
1.12621e-05
2.25228e-07
1.12621e-05
2.10904e-07
1.12621e-05
1.96682e-07
1.12621e-05
1.82674e-07
1.1262e-05
1.69003e-07
1.12619e-05
1.55785e-07
1.12617e-05
1.43113e-07
1.12615e-05
1.31057e-07
1.12613e-05
1.19679e-07
1.1261e-05
1.09049e-07
1.12607e-05
9.92082e-08
1.12604e-05
9.0132e-08
1.126e-05
8.17726e-08
1.12596e-05
7.4109e-08
1.12592e-05
6.70799e-08
1.12589e-05
5.98352e-08
4.76914e-08
1.25767e-05
1.16768e-06
1.2595e-05
1.054e-06
1.25987e-05
8.53551e-07
1.2601e-05
7.384e-07
1.26013e-05
6.65025e-07
1.26003e-05
6.04431e-07
1.2599e-05
5.54663e-07
1.25979e-05
5.14552e-07
1.25968e-05
4.81367e-07
1.25959e-05
4.53111e-07
1.25951e-05
4.28611e-07
1.25944e-05
4.07047e-07
1.25939e-05
3.87766e-07
1.25936e-05
3.7023e-07
1.25933e-05
3.54003e-07
1.25932e-05
3.38724e-07
1.25931e-05
3.24093e-07
1.25931e-05
3.09859e-07
1.25932e-05
2.95824e-07
1.25933e-05
2.81839e-07
1.25934e-05
2.67803e-07
1.25935e-05
2.53669e-07
1.25936e-05
2.39433e-07
1.25937e-05
2.25137e-07
1.25938e-05
2.10849e-07
1.25938e-05
1.96669e-07
1.25938e-05
1.82708e-07
1.25937e-05
1.69085e-07
1.25936e-05
1.55915e-07
1.25934e-05
1.4329e-07
1.25932e-05
1.31274e-07
1.25929e-05
1.19928e-07
1.25926e-05
1.0933e-07
1.25923e-05
9.95231e-08
1.2592e-05
9.04812e-08
1.25916e-05
8.21515e-08
1.25912e-05
7.45142e-08
1.25908e-05
6.74896e-08
1.25903e-05
6.02706e-08
4.94455e-08
1.40613e-05
1.11329e-06
1.40827e-05
1.03257e-06
1.40873e-05
8.49031e-07
1.40898e-05
7.3589e-07
1.40904e-05
6.64379e-07
1.40895e-05
6.05303e-07
1.40883e-05
5.55928e-07
1.40871e-05
5.15773e-07
1.40859e-05
4.8248e-07
1.4085e-05
4.54094e-07
1.40841e-05
4.29445e-07
1.40834e-05
4.07727e-07
1.40829e-05
3.88298e-07
1.40825e-05
3.70625e-07
1.40822e-05
3.54274e-07
1.40821e-05
3.38885e-07
1.4082e-05
3.24158e-07
1.4082e-05
3.09846e-07
1.40821e-05
2.95751e-07
1.40822e-05
2.81724e-07
1.40824e-05
2.67665e-07
1.40825e-05
2.53527e-07
1.40826e-05
2.39304e-07
1.40827e-05
2.25035e-07
1.40828e-05
2.10787e-07
1.40828e-05
1.96655e-07
1.40828e-05
1.82745e-07
1.40827e-05
1.69174e-07
1.40825e-05
1.56058e-07
1.40823e-05
1.43484e-07
1.40821e-05
1.31514e-07
1.40818e-05
1.20206e-07
1.40815e-05
1.09644e-07
1.40811e-05
9.9878e-08
1.40808e-05
9.0877e-08
1.40803e-05
8.25828e-08
1.40799e-05
7.4978e-08
1.40794e-05
6.79751e-08
1.40788e-05
6.08446e-08
5.08946e-08
1.57214e-05
1.05942e-06
1.57459e-05
1.00806e-06
1.57516e-05
8.43363e-07
1.57543e-05
7.33142e-07
1.57553e-05
6.63399e-07
1.57546e-05
6.05982e-07
1.57534e-05
5.57162e-07
1.57522e-05
5.17018e-07
1.5751e-05
4.8363e-07
1.575e-05
4.5512e-07
1.57491e-05
4.3032e-07
1.57484e-05
4.08443e-07
1.57478e-05
3.88858e-07
1.57474e-05
3.7104e-07
1.57471e-05
3.54556e-07
1.5747e-05
3.39049e-07
1.57469e-05
3.2422e-07
1.57469e-05
3.09823e-07
1.5747e-05
2.95663e-07
1.57472e-05
2.8159e-07
1.57473e-05
2.67506e-07
1.57475e-05
2.53363e-07
1.57476e-05
2.39153e-07
1.57477e-05
2.24912e-07
1.57478e-05
2.10705e-07
1.57479e-05
1.96621e-07
1.57478e-05
1.82764e-07
1.57478e-05
1.69247e-07
1.57476e-05
1.56188e-07
1.57475e-05
1.43668e-07
1.57472e-05
1.31743e-07
1.5747e-05
1.20472e-07
1.57467e-05
1.09948e-07
1.57463e-05
1.00224e-07
1.57459e-05
9.1268e-08
1.57455e-05
8.30127e-08
1.5745e-05
7.54472e-08
1.57445e-05
6.84838e-08
1.57439e-05
6.14899e-08
5.3082e-08
1.75779e-05
1.00674e-06
1.76053e-05
9.80677e-07
1.76124e-05
8.36247e-07
1.76155e-05
7.3009e-07
1.76168e-05
6.62066e-07
1.76164e-05
6.06405e-07
1.76152e-05
5.58319e-07
1.7614e-05
5.18263e-07
1.76128e-05
4.84802e-07
1.76117e-05
4.56176e-07
1.76108e-05
4.31229e-07
1.76101e-05
4.09191e-07
1.76095e-05
3.89446e-07
1.76091e-05
3.71476e-07
1.76088e-05
3.54854e-07
1.76086e-05
3.39224e-07
1.76085e-05
3.24289e-07
1.76085e-05
3.09804e-07
1.76086e-05
2.95576e-07
1.76088e-05
2.81457e-07
1.76089e-05
2.67349e-07
1.76091e-05
2.53202e-07
1.76092e-05
2.39008e-07
1.76093e-05
2.24801e-07
1.76094e-05
2.10641e-07
1.76094e-05
1.96613e-07
1.76093e-05
1.82817e-07
1.76092e-05
1.69363e-07
1.7609e-05
1.56369e-07
1.76088e-05
1.43912e-07
1.76085e-05
1.32043e-07
1.76082e-05
1.20814e-07
1.76078e-05
1.10332e-07
1.76073e-05
1.00659e-07
1.76069e-05
9.17519e-08
1.76063e-05
8.3536e-08
1.76058e-05
7.60112e-08
1.76051e-05
6.9107e-08
1.76043e-05
6.22921e-08
5.37501e-08
1.96541e-05
9.55927e-07
1.9684e-05
9.50798e-07
1.96928e-05
8.27414e-07
1.96963e-05
7.26633e-07
1.9698e-05
6.60366e-07
1.96979e-05
6.06511e-07
1.96969e-05
5.59343e-07
1.96957e-05
5.19475e-07
1.96945e-05
4.8597e-07
1.96934e-05
4.57239e-07
1.96925e-05
4.32149e-07
1.96917e-05
4.09947e-07
1.96912e-05
3.90033e-07
1.96907e-05
3.71903e-07
1.96905e-05
3.55132e-07
1.96903e-05
3.39367e-07
1.96903e-05
3.24315e-07
1.96904e-05
3.09733e-07
1.96905e-05
2.95429e-07
1.96907e-05
2.81257e-07
1.96909e-05
2.67119e-07
1.96912e-05
2.52964e-07
1.96914e-05
2.38783e-07
1.96916e-05
2.24607e-07
1.96917e-05
2.10491e-07
1.96918e-05
1.96518e-07
1.96919e-05
1.82781e-07
1.96918e-05
1.69389e-07
1.96917e-05
1.56462e-07
1.96916e-05
1.44069e-07
1.96914e-05
1.32257e-07
1.96911e-05
1.21074e-07
1.96908e-05
1.10643e-07
1.96904e-05
1.01032e-07
1.969e-05
9.21924e-08
1.96895e-05
8.4035e-08
1.96889e-05
7.6576e-08
1.96883e-05
6.97655e-08
1.96873e-05
6.3236e-08
5.7193e-08
2.19762e-05
9.07589e-07
2.2008e-05
9.18989e-07
2.20187e-05
8.1667e-07
2.20227e-05
7.22634e-07
2.20248e-05
6.58285e-07
2.20251e-05
6.06248e-07
2.20242e-05
5.60177e-07
2.20231e-05
5.20624e-07
2.20219e-05
4.87128e-07
2.20209e-05
4.58321e-07
2.20199e-05
4.33111e-07
2.20191e-05
4.10761e-07
2.20184e-05
3.90691e-07
2.20179e-05
3.72408e-07
2.20175e-05
3.55493e-07
2.20173e-05
3.39598e-07
2.20172e-05
3.2443e-07
2.20172e-05
3.09752e-07
2.20172e-05
2.95372e-07
2.20173e-05
2.81147e-07
2.20175e-05
2.6698e-07
2.20176e-05
2.5282e-07
2.20178e-05
2.38656e-07
2.20178e-05
2.24515e-07
2.20179e-05
2.10451e-07
2.20179e-05
1.96539e-07
2.20178e-05
1.82868e-07
2.20176e-05
1.69543e-07
2.20174e-05
1.56688e-07
2.20171e-05
1.44365e-07
2.20167e-05
1.32609e-07
2.20164e-05
1.2146e-07
2.20159e-05
1.11067e-07
2.20155e-05
1.01508e-07
2.20149e-05
9.27217e-08
2.20144e-05
8.45963e-08
2.20138e-05
7.71811e-08
2.20131e-05
7.04681e-08
2.20122e-05
6.4103e-08
5.5867e-08
2.45733e-05
8.6228e-07
2.46063e-05
8.85964e-07
2.4619e-05
8.03938e-07
2.46238e-05
7.17912e-07
2.46263e-05
6.55774e-07
2.4627e-05
6.05527e-07
2.46265e-05
5.60687e-07
2.46255e-05
5.21567e-07
2.46245e-05
4.88112e-07
2.46236e-05
4.59226e-07
2.46229e-05
4.33884e-07
2.46223e-05
4.11372e-07
2.46218e-05
3.91133e-07
2.46215e-05
3.72687e-07
2.46214e-05
3.55622e-07
2.46214e-05
3.39594e-07
2.46215e-05
3.24313e-07
2.46217e-05
3.09541e-07
2.4622e-05
2.95091e-07
2.46223e-05
2.80818e-07
2.46227e-05
2.66627e-07
2.4623e-05
2.52466e-07
2.46234e-05
2.38322e-07
2.46237e-05
2.24221e-07
2.46239e-05
2.10213e-07
2.46241e-05
1.96369e-07
2.46242e-05
1.8277e-07
2.46242e-05
1.69521e-07
2.46241e-05
1.56755e-07
2.4624e-05
1.44521e-07
2.46237e-05
1.32846e-07
2.46234e-05
1.21761e-07
2.46231e-05
1.11446e-07
2.46226e-05
1.01989e-07
2.4622e-05
9.33099e-08
2.46213e-05
8.52716e-08
2.46205e-05
7.7967e-08
2.46196e-05
7.14173e-08
2.46181e-05
6.55864e-08
6.20976e-08
2.7478e-05
8.20508e-07
2.75113e-05
8.52611e-07
2.75259e-05
7.89372e-07
2.75314e-05
7.12397e-07
2.75342e-05
6.52935e-07
2.75352e-05
6.04514e-07
2.75348e-05
5.61095e-07
2.75338e-05
5.22632e-07
2.75325e-05
4.89362e-07
2.75313e-05
4.60479e-07
2.75301e-05
4.35055e-07
2.75291e-05
4.12403e-07
2.75282e-05
3.9199e-07
2.75275e-05
3.73361e-07
2.7527e-05
3.56117e-07
2.75267e-05
3.39921e-07
2.75265e-05
3.24491e-07
2.75265e-05
3.09593e-07
2.75265e-05
2.95042e-07
2.75266e-05
2.80697e-07
2.75268e-05
2.66461e-07
2.7527e-05
2.52282e-07
2.75272e-05
2.38147e-07
2.75273e-05
2.24076e-07
2.75274e-05
2.10115e-07
2.75274e-05
1.96328e-07
2.75274e-05
1.82785e-07
2.75274e-05
1.69592e-07
2.75272e-05
1.56895e-07
2.7527e-05
1.44727e-07
2.75268e-05
1.33093e-07
2.75265e-05
1.22004e-07
2.75263e-05
1.11711e-07
2.75259e-05
1.02303e-07
2.75256e-05
9.3683e-08
2.75252e-05
8.56567e-08
2.75248e-05
7.83823e-08
2.75242e-05
7.19695e-08
2.75237e-05
6.60648e-08
5.69351e-08
3.07271e-05
7.82553e-07
3.07601e-05
8.19659e-07
3.07765e-05
7.7296e-07
3.07834e-05
7.05497e-07
3.07873e-05
6.49031e-07
3.07895e-05
6.02262e-07
3.07904e-05
5.60198e-07
3.07906e-05
5.22459e-07
3.07905e-05
4.89448e-07
3.07904e-05
4.60649e-07
3.07902e-05
4.35245e-07
3.079e-05
4.1257e-07
3.07899e-05
3.92105e-07
3.07898e-05
3.73407e-07
3.07899e-05
3.56088e-07
3.079e-05
3.39817e-07
3.07901e-05
3.24317e-07
3.07904e-05
3.09358e-07
3.07907e-05
2.94759e-07
3.0791e-05
2.80384e-07
3.07913e-05
2.66138e-07
3.07916e-05
2.5197e-07
3.07919e-05
2.37868e-07
3.07921e-05
2.23851e-07
3.07922e-05
2.09963e-07
3.07923e-05
1.96263e-07
3.07923e-05
1.82815e-07
3.07921e-05
1.69723e-07
3.07919e-05
1.57153e-07
3.07915e-05
1.45114e-07
3.0791e-05
1.33602e-07
3.07904e-05
1.22609e-07
3.07897e-05
1.12426e-07
3.07888e-05
1.0317e-07
3.07878e-05
9.47398e-08
3.07866e-05
8.67696e-08
3.07853e-05
7.96895e-08
3.07838e-05
7.34866e-08
3.07815e-05
6.83806e-08
6.8374e-08
3.43589e-05
7.49472e-07
3.43894e-05
7.89081e-07
3.44057e-05
7.56668e-07
3.44121e-05
6.99162e-07
3.44146e-05
6.46456e-07
3.44154e-05
6.0151e-07
3.44148e-05
5.60814e-07
3.44135e-05
5.23783e-07
3.4412e-05
4.90911e-07
3.44107e-05
4.6199e-07
3.44095e-05
4.36372e-07
3.44086e-05
4.13447e-07
3.4408e-05
3.92723e-07
3.44077e-05
3.73774e-07
3.44075e-05
3.56227e-07
3.44076e-05
3.39755e-07
3.44078e-05
3.24083e-07
3.44082e-05
3.08983e-07
3.44087e-05
2.94275e-07
3.44092e-05
2.79819e-07
3.44099e-05
2.65522e-07
3.44105e-05
2.51331e-07
3.44111e-05
2.37229e-07
3.44117e-05
2.23234e-07
3.44123e-05
2.09384e-07
3.44129e-05
1.95729e-07
3.44134e-05
1.82304e-07
3.44138e-05
1.69234e-07
3.44143e-05
1.56729e-07
3.44146e-05
1.4474e-07
3.4415e-05
1.33249e-07
3.44155e-05
1.2213e-07
3.44159e-05
1.11996e-07
3.44162e-05
1.02823e-07
3.44166e-05
9.43722e-08
3.44168e-05
8.65827e-08
3.44168e-05
7.96556e-08
3.44167e-05
7.36229e-08
3.44171e-05
6.79801e-08
5.65669e-08
3.84309e-05
7.18813e-07
3.84621e-05
7.57941e-07
3.84826e-05
7.36114e-07
3.84941e-05
6.87669e-07
3.85014e-05
6.392e-07
3.85063e-05
5.96574e-07
3.85093e-05
5.57852e-07
3.85107e-05
5.22308e-07
3.85113e-05
4.90353e-07
3.85113e-05
4.61979e-07
3.8511e-05
4.36705e-07
3.85104e-05
4.13984e-07
3.85098e-05
3.93359e-07
3.85091e-05
3.74436e-07
3.85085e-05
3.56869e-07
3.85079e-05
3.4035e-07
3.85074e-05
3.2462e-07
3.85069e-05
3.09462e-07
3.85064e-05
2.94703e-07
3.85061e-05
2.80214e-07
3.85057e-05
2.65905e-07
3.85053e-05
2.51726e-07
3.85048e-05
2.37662e-07
3.85043e-05
2.23729e-07
3.85038e-05
2.09968e-07
3.85031e-05
1.96424e-07
3.85022e-05
1.83133e-07
3.85013e-05
1.70175e-07
3.85002e-05
1.57847e-07
3.84988e-05
1.4607e-07
3.84974e-05
1.34723e-07
3.84958e-05
1.23755e-07
3.84941e-05
1.13697e-07
3.84924e-05
1.04533e-07
3.84906e-05
9.61276e-08
3.84887e-05
8.84617e-08
3.84867e-05
8.16862e-08
3.84843e-05
7.59917e-08
3.84803e-05
7.20182e-08
7.55539e-08
4.29448e-05
7.00511e-07
4.2964e-05
7.38783e-07
4.29755e-05
7.24554e-07
4.29805e-05
6.82724e-07
4.29829e-05
6.3679e-07
4.29846e-05
5.94848e-07
4.29859e-05
5.5654e-07
4.2987e-05
5.21226e-07
4.29881e-05
4.89241e-07
4.29894e-05
4.60708e-07
4.29908e-05
4.35265e-07
4.29924e-05
4.12397e-07
4.29941e-05
3.91642e-07
4.29959e-05
3.72605e-07
4.29979e-05
3.54939e-07
4.29999e-05
3.38336e-07
4.3002e-05
3.22533e-07
4.30041e-05
3.07315e-07
4.30063e-05
2.92508e-07
4.30085e-05
2.77983e-07
4.30108e-05
2.63651e-07
4.3013e-05
2.49464e-07
4.30153e-05
2.35406e-07
4.30175e-05
2.21494e-07
4.30197e-05
2.07767e-07
4.30219e-05
1.94257e-07
4.30241e-05
1.80887e-07
4.30264e-05
1.67906e-07
4.30285e-05
1.55717e-07
4.30307e-05
1.43907e-07
4.30328e-05
1.32633e-07
4.30347e-05
1.2184e-07
4.30365e-05
1.11883e-07
4.30382e-05
1.02811e-07
4.30398e-05
9.45415e-08
4.30411e-05
8.70725e-08
4.30423e-05
8.05309e-08
4.30433e-05
7.4987e-08
4.30457e-05
6.95882e-08
5.54058e-08
4.81187e-05
6.72055e-07
4.81481e-05
7.0937e-07
4.81696e-05
7.03105e-07
4.81816e-05
6.70713e-07
4.81873e-05
6.31044e-07
4.81895e-05
5.92706e-07
4.81891e-05
5.56854e-07
4.81871e-05
5.23278e-07
4.8184e-05
4.92331e-07
4.81804e-05
4.64307e-07
4.81766e-05
4.39065e-07
4.81728e-05
4.16222e-07
4.8169e-05
3.95385e-07
4.81654e-05
3.76207e-07
4.8162e-05
3.58374e-07
4.81587e-05
3.41602e-07
4.81556e-05
3.25646e-07
4.81526e-05
3.10298e-07
4.81497e-05
2.9539e-07
4.81469e-05
2.80797e-07
4.81442e-05
2.66429e-07
4.81414e-05
2.52236e-07
4.81386e-05
2.38201e-07
4.81358e-05
2.2434e-07
4.81328e-05
2.10698e-07
4.81297e-05
1.97349e-07
4.81264e-05
1.84197e-07
4.81231e-05
1.71272e-07
4.81198e-05
1.59028e-07
4.81164e-05
1.4724e-07
4.81131e-05
1.35971e-07
4.81097e-05
1.25231e-07
4.81064e-05
1.1525e-07
4.81031e-05
1.06116e-07
4.80998e-05
9.77906e-08
4.80966e-05
9.02978e-08
4.80933e-05
8.38083e-08
4.80896e-05
7.87444e-08
4.80824e-05
7.6743e-08
8.16742e-08
5.35621e-05
5.35678e-05
5.35799e-05
5.3594e-05
5.36081e-05
5.36216e-05
5.36344e-05
5.36461e-05
5.36568e-05
5.36665e-05
5.36755e-05
5.36837e-05
5.36915e-05
5.36988e-05
5.37058e-05
5.37126e-05
5.37192e-05
5.37258e-05
5.37324e-05
5.3739e-05
5.37456e-05
5.37522e-05
5.37588e-05
5.37654e-05
5.3772e-05
5.37785e-05
5.37849e-05
5.37911e-05
5.37972e-05
5.38031e-05
5.38088e-05
5.38141e-05
5.38191e-05
5.38238e-05
5.38282e-05
5.38322e-05
5.38357e-05
5.38393e-05
5.38458e-05
)
;

boundaryField
{
    inlet
    {
        type            calculated;
        value           nonuniform List<scalar> 
36
(
-1.0756e-06
-1.2028e-06
-1.34504e-06
-1.5041e-06
-1.68197e-06
-1.88087e-06
-2.1033e-06
-2.35204e-06
-2.63018e-06
-2.94122e-06
-3.28905e-06
-3.678e-06
-4.11295e-06
-4.59934e-06
-5.14325e-06
-5.75148e-06
-6.43164e-06
-7.19223e-06
-8.04277e-06
-8.9939e-06
-1.00575e-05
-1.12469e-05
-1.25769e-05
-1.40642e-05
-1.57274e-05
-1.75873e-05
-1.96671e-05
-2.19929e-05
-2.45938e-05
-2.75022e-05
-3.07545e-05
-3.43914e-05
-3.84585e-05
-4.30064e-05
-4.80922e-05
-5.37795e-05
)
;
    }
    outlet
    {
        type            calculated;
        value           nonuniform List<scalar> 
36
(
2.33846e-08
8.16118e-08
1.60415e-07
2.65174e-07
4.02263e-07
5.79017e-07
8.03543e-07
1.08428e-06
1.4292e-06
1.84447e-06
2.33272e-06
2.89117e-06
3.51079e-06
4.17781e-06
4.87854e-06
5.60594e-06
6.36422e-06
7.16844e-06
8.03962e-06
8.99922e-06
1.00662e-05
1.12573e-05
1.25886e-05
1.40773e-05
1.57417e-05
1.76037e-05
1.96839e-05
2.20135e-05
2.46119e-05
2.75289e-05
3.07701e-05
3.44289e-05
3.84613e-05
4.30659e-05
4.80562e-05
5.38703e-05
)
;
    }
    plate
    {
        type            calculated;
        value           uniform 0;
    }
    farfield
    {
        type            calculated;
        value           nonuniform List<scalar> 
50
(
3.99731e-08
6.64812e-08
1.00751e-07
1.41632e-07
1.92334e-07
2.55649e-07
3.33164e-07
4.23841e-07
5.21518e-07
6.12674e-07
6.782e-07
7.03616e-07
6.90988e-07
6.56689e-07
6.16952e-07
5.79111e-07
5.44092e-07
5.11554e-07
4.81653e-07
4.5457e-07
4.30132e-07
4.07958e-07
3.87659e-07
3.68895e-07
3.51367e-07
3.34806e-07
3.1898e-07
3.037e-07
2.88815e-07
2.74214e-07
2.59826e-07
2.45614e-07
2.31573e-07
2.17728e-07
2.04122e-07
1.90796e-07
1.77768e-07
1.65026e-07
1.52928e-07
1.41336e-07
1.30305e-07
1.19872e-07
1.10206e-07
1.01393e-07
9.34176e-08
8.63248e-08
8.02347e-08
7.51796e-08
7.01652e-08
5.71917e-08
)
;
    }
    upstreamSlip
    {
        type            symmetry;
        value           uniform 0;
    }
    frontAndBack
    {
        type            empty;
    }
}


// ************************************************************************* //
