/*--------------------------------*- C++ -*----------------------------------*\
| =========                 |                                                 |
| \\      /  F ield         | OpenFOAM: The Open Source CFD Toolbox           |
|  \\    /   O peration     | Version:  2512                                  |
|   \\  /    A nd           | Website:  www.openfoam.com                      |
|    \\/     M anipulation  |                                                 |
\*---------------------------------------------------------------------------*/
FoamFile
{
    version     2.0;
    format      ascii;
    arch        "LSB;label=32;scalar=64";
    class       volScalarField;
    location    "0.0149697";
    object      T;
}
// * * * * * * * * * * * * * * * * * * * * * * * * * * * * * * * * * * * * * //

dimensions      [0 0 0 1 0 0 0];

internalField   nonuniform List<scalar> 
1800
(
388.89
388.89
388.891
388.891
388.892
388.893
388.895
388.895
388.917
388.86
388.89
388.89
388.891
388.891
388.892
388.893
388.895
388.895
388.916
388.861
388.89
388.89
388.891
388.891
388.892
388.893
388.895
388.895
388.916
388.864
388.89
388.89
388.891
388.891
388.892
388.893
388.895
388.895
388.915
388.87
388.89
388.89
388.891
388.891
388.892
388.893
388.895
388.896
388.914
388.877
388.89
388.89
388.891
388.891
388.892
388.893
388.895
388.896
388.912
388.886
388.89
388.89
388.891
388.891
388.892
388.893
388.895
388.896
388.911
388.893
388.89
388.89
388.891
388.891
388.892
388.893
388.895
388.896
388.91
388.898
388.89
388.89
388.891
388.891
388.892
388.893
388.895
388.896
388.909
388.902
388.89
388.89
388.891
388.891
388.892
388.893
388.895
388.897
388.908
388.904
388.89
388.89
388.891
388.891
388.892
388.893
388.895
388.897
388.907
388.904
388.89
388.89
388.891
388.891
388.892
388.893
388.895
388.897
388.907
388.905
388.89
388.89
388.891
388.891
388.892
388.893
388.895
388.897
388.906
388.904
388.89
388.89
388.891
388.891
388.892
388.893
388.895
388.897
388.906
388.904
388.89
388.89
388.891
388.891
388.892
388.893
388.895
388.897
388.905
388.904
388.89
388.89
388.891
388.891
388.892
388.893
388.895
388.897
388.905
388.903
388.89
388.89
388.891
388.891
388.892
388.893
388.895
388.897
388.904
388.903
388.89
388.89
388.891
388.891
388.892
388.893
388.895
388.897
388.903
388.902
388.89
388.89
388.891
388.891
388.892
388.893
388.895
388.897
388.903
388.902
388.89
388.89
388.891
388.891
388.892
388.893
388.895
388.897
388.902
388.901
388.89
388.89
388.891
388.891
388.892
388.893
388.895
388.897
388.901
388.9
388.89
388.89
388.891
388.891
388.892
388.893
388.895
388.897
388.901
388.9
388.89
388.89
388.891
388.891
388.892
388.893
388.894
388.896
388.9
388.899
388.89
388.89
388.891
388.891
388.892
388.893
388.894
388.896
388.899
388.898
388.89
388.89
388.891
388.891
388.892
388.893
388.894
388.896
388.898
388.898
388.89
388.89
388.891
388.891
388.892
388.893
388.894
388.896
388.898
388.897
388.89
388.89
388.891
388.891
388.892
388.893
388.894
388.895
388.897
388.896
388.89
388.89
388.891
388.891
388.892
388.893
388.894
388.895
388.896
388.896
388.89
388.89
388.891
388.891
388.892
388.892
388.893
388.895
388.896
388.895
388.89
388.89
388.891
388.891
388.892
388.892
388.893
388.894
388.895
388.894
388.89
388.89
388.891
388.891
388.891
388.892
388.893
388.894
388.894
388.894
388.89
388.89
388.89
388.891
388.891
388.892
388.893
388.893
388.894
388.893
388.89
388.89
388.89
388.891
388.891
388.892
388.892
388.893
388.893
388.893
388.89
388.89
388.89
388.891
388.891
388.892
388.892
388.893
388.893
388.893
388.89
388.89
388.89
388.89
388.89
388.891
388.891
388.891
388.891
388.89
388.89
388.891
388.891
388.891
388.892
388.893
388.893
388.894
388.895
388.896
389.37
389.334
389.316
389.306
389.299
389.293
389.289
389.286
389.283
389.281
389.279
389.278
389.276
389.275
389.274
389.273
389.273
389.273
389.273
389.273
389.274
389.274
389.276
389.277
389.279
389.281
389.284
389.286
389.289
389.291
389.295
389.297
389.3
389.303
389.305
389.308
389.31
389.313
389.316
389.317
389.311
389.329
389.315
389.305
389.298
389.293
389.289
389.286
389.283
389.281
389.279
389.278
389.276
389.275
389.274
389.273
389.273
389.272
389.273
389.273
389.274
389.274
389.276
389.277
389.279
389.281
389.284
389.286
389.289
389.291
389.294
389.297
389.3
389.302
389.305
389.308
389.31
389.313
389.316
389.317
389.215
389.302
389.308
389.303
389.297
389.292
389.289
389.286
389.283
389.281
389.279
389.278
389.276
389.275
389.274
389.273
389.273
389.272
389.272
389.272
389.273
389.274
389.275
389.277
389.279
389.28
389.283
389.285
389.288
389.29
389.294
389.296
389.299
389.301
389.304
389.307
389.309
389.312
389.315
389.316
389.116
389.242
389.283
389.292
389.291
389.289
389.287
389.284
389.282
389.28
389.278
389.277
389.276
389.275
389.273
389.273
389.272
389.272
389.272
389.272
389.273
389.273
389.275
389.276
389.278
389.279
389.282
389.284
389.287
389.289
389.292
389.294
389.297
389.3
389.303
389.305
389.308
389.31
389.313
389.315
389.032
389.162
389.232
389.262
389.274
389.279
389.28
389.279
389.278
389.277
389.276
389.275
389.274
389.273
389.273
389.272
389.271
389.271
389.271
389.271
389.272
389.272
389.273
389.274
389.276
389.278
389.28
389.282
389.285
389.287
389.29
389.292
389.295
389.298
389.3
389.303
389.305
389.308
389.311
389.313
388.971
389.078
389.16
389.21
389.238
389.254
389.262
389.267
389.269
389.27
389.271
389.271
389.271
389.27
389.27
389.27
389.269
389.269
389.269
389.269
389.27
389.27
389.271
389.272
389.274
389.275
389.278
389.279
389.282
389.284
389.287
389.289
389.292
389.294
389.297
389.3
389.302
389.305
389.307
389.31
388.93
389.006
389.081
389.14
389.181
389.209
389.228
389.24
389.249
389.254
389.258
389.26
389.262
389.263
389.264
389.264
389.264
389.265
389.265
389.266
389.266
389.267
389.268
389.269
389.27
389.272
389.274
389.275
389.278
389.28
389.282
389.285
389.287
389.29
389.292
389.295
389.297
389.3
389.302
389.305
388.907
388.953
389.01
389.065
389.11
389.147
389.175
389.196
389.211
389.223
389.232
389.238
389.243
389.247
389.25
389.252
389.254
389.256
389.257
389.258
389.259
389.26
389.261
389.263
389.264
389.265
389.267
389.269
389.271
389.273
389.275
389.278
389.28
389.283
389.285
389.288
389.29
389.293
389.295
389.298
388.895
388.919
388.956
388.998
389.039
389.076
389.108
389.135
389.157
389.175
389.19
389.201
389.211
389.219
389.225
389.23
389.234
389.238
389.241
389.243
389.246
389.248
389.25
389.251
389.253
389.255
389.257
389.259
389.261
389.263
389.265
389.267
389.27
389.272
389.275
389.277
389.279
389.282
389.284
389.287
388.89
388.899
388.921
388.948
388.978
389.009
389.038
389.066
389.091
389.112
389.131
389.148
389.162
389.174
389.184
389.193
389.201
389.207
389.213
389.218
389.222
389.225
389.229
389.232
389.234
389.237
389.24
389.242
389.244
389.247
389.249
389.251
389.254
389.256
389.259
389.261
389.264
389.266
389.268
389.271
388.889
388.89
388.901
388.916
388.935
388.956
388.979
389.002
389.024
389.045
389.065
389.084
389.1
389.115
389.129
389.141
389.152
389.161
389.17
389.177
389.184
389.19
389.195
389.2
389.204
389.208
389.212
389.215
389.218
389.221
389.224
389.227
389.23
389.232
389.235
389.237
389.24
389.243
389.245
389.248
388.888
388.886
388.891
388.899
388.909
388.921
388.936
388.952
388.968
388.985
389.002
389.019
389.035
389.051
389.065
389.079
389.091
389.103
389.113
389.123
389.132
389.14
389.148
389.154
389.161
389.166
389.171
389.176
389.18
389.184
389.188
389.191
389.195
389.198
389.201
389.204
389.206
389.209
389.212
389.215
388.889
388.885
388.887
388.891
388.895
388.902
388.909
388.919
388.929
388.94
388.952
388.965
388.978
388.991
389.003
389.016
389.028
389.039
389.051
389.061
389.071
389.08
389.089
389.097
389.104
389.111
389.118
389.124
389.129
389.134
389.139
389.143
389.147
389.151
389.155
389.158
389.161
389.164
389.167
389.171
388.889
388.885
388.886
388.887
388.889
388.892
388.896
388.9
388.906
388.912
388.919
388.927
388.935
388.944
388.953
388.963
388.972
388.982
388.991
389.001
389.01
389.019
389.027
389.035
389.043
389.05
389.057
389.063
389.069
389.075
389.08
389.085
389.09
389.094
389.098
389.102
389.106
389.109
389.112
389.116
388.889
388.885
388.885
388.886
388.887
388.888
388.89
388.892
388.894
388.897
388.901
388.905
388.909
388.914
388.92
388.926
388.932
388.938
388.945
388.952
388.959
388.965
388.972
388.979
388.985
388.992
388.998
389.004
389.009
389.015
389.02
389.025
389.029
389.033
389.037
389.041
389.045
389.049
389.052
389.055
388.89
388.885
388.885
388.886
388.887
388.887
388.888
388.888
388.889
388.891
388.892
388.894
388.896
388.898
388.901
388.904
388.907
388.911
388.915
388.919
388.923
388.927
388.932
388.936
388.941
388.945
388.95
388.954
388.959
388.963
388.967
388.971
388.975
388.978
388.982
388.985
388.988
388.991
388.994
388.997
388.89
388.885
388.885
388.886
388.886
388.887
388.887
388.887
388.888
388.888
388.889
388.889
388.89
388.891
388.892
388.894
388.895
388.897
388.899
388.9
388.903
388.905
388.907
388.91
388.912
388.915
388.918
388.92
388.923
388.926
388.928
388.931
388.934
388.936
388.939
388.941
388.943
388.945
388.947
388.95
388.89
388.885
388.885
388.886
388.886
388.887
388.887
388.887
388.887
388.888
388.888
388.888
388.888
388.889
388.889
388.89
388.89
388.891
388.891
388.892
388.893
388.894
388.895
388.896
388.897
388.899
388.9
388.901
388.903
388.904
388.905
388.907
388.908
388.91
388.911
388.912
388.914
388.915
388.916
388.918
388.891
388.886
388.886
388.886
388.886
388.887
388.887
388.887
388.887
388.887
388.888
388.888
388.888
388.888
388.888
388.888
388.888
388.889
388.889
388.889
388.889
388.89
388.89
388.89
388.891
388.891
388.892
388.892
388.893
388.894
388.894
388.895
388.895
388.896
388.897
388.897
388.898
388.899
388.899
388.9
388.891
388.886
388.886
388.886
388.887
388.887
388.887
388.887
388.887
388.887
388.888
388.888
388.888
388.888
388.888
388.888
388.888
388.888
388.888
388.888
388.888
388.888
388.888
388.889
388.889
388.889
388.889
388.889
388.889
388.89
388.89
388.89
388.89
388.891
388.891
388.891
388.891
388.892
388.892
388.892
388.891
388.886
388.886
388.886
388.887
388.887
388.887
388.887
388.887
388.887
388.888
388.888
388.888
388.888
388.888
388.888
388.888
388.888
388.888
388.888
388.888
388.888
388.888
388.888
388.888
388.888
388.888
388.888
388.888
388.888
388.888
388.889
388.889
388.889
388.889
388.889
388.889
388.889
388.889
388.89
388.891
388.887
388.886
388.887
388.887
388.887
388.887
388.887
388.887
388.888
388.888
388.888
388.888
388.888
388.888
388.888
388.888
388.888
388.888
388.888
388.888
388.888
388.888
388.888
388.888
388.888
388.888
388.888
388.888
388.888
388.888
388.888
388.888
388.888
388.888
388.888
388.888
388.889
388.889
388.889
388.892
388.887
388.886
388.887
388.887
388.887
388.887
388.887
388.887
388.888
388.888
388.888
388.888
388.888
388.888
388.888
388.888
388.888
388.888
388.888
388.888
388.888
388.888
388.888
388.888
388.888
388.888
388.888
388.888
388.888
388.888
388.888
388.888
388.888
388.888
388.888
388.888
388.888
388.888
388.889
388.892
388.887
388.887
388.887
388.887
388.887
388.887
388.887
388.888
388.888
388.888
388.888
388.888
388.888
388.888
388.888
388.888
388.888
388.888
388.888
388.888
388.888
388.888
388.888
388.888
388.888
388.888
388.888
388.888
388.888
388.888
388.888
388.888
388.888
388.888
388.888
388.888
388.888
388.888
388.889
388.892
388.888
388.887
388.887
388.887
388.887
388.887
388.887
388.888
388.888
388.888
388.888
388.888
388.888
388.888
388.888
388.888
388.888
388.888
388.888
388.888
388.888
388.888
388.888
388.888
388.888
388.888
388.888
388.888
388.888
388.888
388.888
388.888
388.888
388.888
388.888
388.888
388.888
388.888
388.889
388.892
388.888
388.887
388.887
388.887
388.887
388.887
388.888
388.888
388.888
388.888
388.888
388.888
388.888
388.888
388.888
388.888
388.888
388.888
388.888
388.888
388.888
388.888
388.888
388.888
388.888
388.888
388.888
388.888
388.888
388.888
388.888
388.888
388.888
388.888
388.888
388.888
388.888
388.889
388.889
388.892
388.889
388.887
388.887
388.887
388.888
388.888
388.888
388.888
388.888
388.888
388.888
388.888
388.888
388.888
388.888
388.888
388.888
388.888
388.888
388.888
388.888
388.888
388.888
388.888
388.888
388.888
388.888
388.888
388.888
388.888
388.888
388.888
388.888
388.888
388.888
388.888
388.888
388.889
388.889
388.892
388.889
388.888
388.888
388.888
388.888
388.888
388.888
388.888
388.888
388.888
388.888
388.888
388.888
388.888
388.888
388.888
388.888
388.888
388.888
388.888
388.888
388.888
388.888
388.888
388.888
388.888
388.888
388.888
388.888
388.888
388.888
388.888
388.888
388.888
388.889
388.889
388.889
388.889
388.889
388.892
388.889
388.888
388.888
388.888
388.888
388.888
388.888
388.888
388.888
388.888
388.888
388.888
388.888
388.888
388.888
388.888
388.888
388.888
388.888
388.888
388.888
388.888
388.888
388.888
388.888
388.888
388.888
388.888
388.888
388.888
388.888
388.888
388.888
388.888
388.888
388.889
388.889
388.889
388.889
388.892
388.89
388.888
388.888
388.888
388.888
388.888
388.888
388.888
388.888
388.888
388.888
388.888
388.889
388.889
388.889
388.889
388.889
388.889
388.889
388.889
388.889
388.889
388.889
388.889
388.889
388.889
388.889
388.889
388.889
388.889
388.889
388.889
388.889
388.889
388.889
388.889
388.889
388.889
388.889
388.892
388.89
388.889
388.888
388.888
388.888
388.888
388.888
388.888
388.888
388.888
388.888
388.888
388.888
388.888
388.888
388.888
388.888
388.888
388.888
388.888
388.888
388.888
388.888
388.888
388.888
388.888
388.888
388.888
388.888
388.888
388.888
388.889
388.889
388.889
388.889
388.889
388.889
388.889
388.889
388.892
388.89
388.889
388.889
388.889
388.889
388.889
388.889
388.889
388.889
388.889
388.889
388.889
388.889
388.889
388.889
388.889
388.889
388.889
388.889
388.889
388.889
388.889
388.889
388.889
388.889
388.889
388.889
388.889
388.889
388.889
388.889
388.889
388.889
388.889
388.889
388.889
388.889
388.889
388.888
388.892
388.89
388.889
388.889
388.888
388.888
388.888
388.888
388.888
388.888
388.888
388.888
388.888
388.888
388.888
388.888
388.888
388.888
388.888
388.888
388.888
388.888
388.888
388.889
388.889
388.889
388.889
388.889
388.889
388.889
388.889
388.889
388.889
388.889
388.889
388.889
388.889
388.889
388.889
388.89
388.892
388.891
388.891
388.891
388.89
388.89
388.89
388.89
388.89
388.89
388.89
388.89
388.89
388.889
388.889
388.889
388.889
388.889
388.889
388.889
388.889
388.889
388.889
388.889
388.889
388.889
388.888
388.888
388.888
388.888
388.888
388.888
388.888
388.888
388.888
388.888
388.888
388.888
388.888
388.888
388.89
388.889
388.888
388.887
388.887
388.887
388.887
388.887
388.887
388.887
388.888
388.888
388.888
388.888
388.888
388.888
388.888
388.889
388.889
388.889
388.889
388.889
388.889
388.889
388.889
388.889
388.889
388.889
388.89
388.89
388.89
388.89
388.89
388.89
388.89
388.89
388.89
388.89
388.89
388.891
388.896
388.895
388.895
388.894
388.894
388.893
388.893
388.892
388.892
388.892
388.891
388.891
388.891
388.891
388.89
388.89
388.89
388.89
388.89
388.89
388.889
388.889
388.889
388.889
388.889
388.889
388.889
388.889
388.889
388.888
388.888
388.888
388.888
388.888
388.888
388.888
388.888
388.888
388.888
388.888
)
;

boundaryField
{
    inlet
    {
        type            fixedValue;
        value           uniform 388.89;
    }
    outlet
    {
        type            zeroGradient;
    }
    plate
    {
        type            zeroGradient;
    }
    farfield
    {
        type            fixedValue;
        value           uniform 388.89;
    }
    upstreamSlip
    {
        type            symmetry;
    }
    frontAndBack
    {
        type            empty;
    }
}


// ************************************************************************* //
