/*--------------------------------*- C++ -*----------------------------------*\
| =========                 |                                                 |
| \\      /  F ield         | OpenFOAM: The Open Source CFD Toolbox           |
|  \\    /   O peration     | Version:  2512                                  |
|   \\  /    A nd           | Website:  www.openfoam.com                      |
|    \\/     M anipulation  |                                                 |
\*---------------------------------------------------------------------------*/
FoamFile
{
    version     2.0;
    format      ascii;
    arch        "LSB;label=32;scalar=64";
    class       volVectorField;
    location    "0.0149697";
    object      U;
}
// * * * * * * * * * * * * * * * * * * * * * * * * * * * * * * * * * * * * * //

dimensions      [0 1 -1 0 0 0 0];

internalField   nonuniform List<vector> 
1800
(
(39.5288 1.58113e-05 0)
(39.5245 3.01166e-05 0)
(39.5164 4.93708e-05 0)
(39.5038 7.30317e-05 0)
(39.4857 0.00010533 0)
(39.4597 0.000155598 0)
(39.4203 0.000239993 0)
(39.3589 0.000532497 0)
(39.1813 0.000814896 0)
(39.1005 0.0811147 0)
(39.5288 4.93706e-05 0)
(39.5245 9.39915e-05 0)
(39.5164 0.000154043 0)
(39.5038 0.000227841 0)
(39.4857 0.000328591 0)
(39.4597 0.000485394 0)
(39.4203 0.000748715 0)
(39.3589 0.00165952 0)
(39.182 0.00253416 0)
(39.102 0.193367 0)
(39.5288 8.68422e-05 0)
(39.5245 0.000165518 0)
(39.5164 0.000271097 0)
(39.5038 0.000400945 0)
(39.4857 0.000578224 0)
(39.4597 0.000854 0)
(39.4203 0.0013176 0)
(39.359 0.0029055 0)
(39.1835 0.00446998 0)
(39.1047 0.275953 0)
(39.5288 0.000128448 0)
(39.5245 0.000245533 0)
(39.5164 0.000401776 0)
(39.5038 0.000594196 0)
(39.4857 0.000856913 0)
(39.4597 0.00126515 0)
(39.4203 0.00195269 0)
(39.359 0.00426556 0)
(39.1856 0.00669181 0)
(39.1081 0.327813 0)
(39.5288 0.000174714 0)
(39.5245 0.000335168 0)
(39.5164 0.000547785 0)
(39.5038 0.00081008 0)
(39.4857 0.00116822 0)
(39.4597 0.00172398 0)
(39.4204 0.00266216 0)
(39.359 0.00574616 0)
(39.1882 0.00924915 0)
(39.1123 0.359112 0)
(39.5288 0.000226175 0)
(39.5245 0.000435613 0)
(39.5164 0.000710948 0)
(39.5038 0.00105127 0)
(39.4858 0.001516 0)
(39.4597 0.00223601 0)
(39.4204 0.0034547 0)
(39.3591 0.00735533 0)
(39.1912 0.0121854 0)
(39.1171 0.377334 0)
(39.5288 0.000283397 0)
(39.5245 0.000548166 0)
(39.5164 0.000893265 0)
(39.5038 0.00132071 0)
(39.4858 0.00190446 0)
(39.4597 0.00280729 0)
(39.4204 0.00433975 0)
(39.3592 0.00910185 0)
(39.1946 0.0155446 0)
(39.1226 0.386901 0)
(39.5288 0.000347013 0)
(39.5245 0.000674279 0)
(39.5164 0.00109697 0)
(39.5039 0.00162166 0)
(39.4858 0.0023383 0)
(39.4597 0.00344454 0)
(39.4205 0.00532769 0)
(39.3593 0.0109963 0)
(39.1984 0.0193691 0)
(39.1286 0.390675 0)
(39.5288 0.000417736 0)
(39.5245 0.00081557 0)
(39.5164 0.00132456 0)
(39.5039 0.00195779 0)
(39.4858 0.00282279 0)
(39.4597 0.00415528 0)
(39.4206 0.00642995 0)
(39.3594 0.0130518 0)
(39.2026 0.0236971 0)
(39.1353 0.390681 0)
(39.5288 0.000496375 0)
(39.5245 0.000973836 0)
(39.5164 0.00157883 0)
(39.5039 0.00233318 0)
(39.4858 0.00336378 0)
(39.4598 0.00494787 0)
(39.4207 0.00765902 0)
(39.3597 0.0152841 0)
(39.2073 0.0285593 0)
(39.1426 0.388307 0)
(39.5288 0.00058384 0)
(39.5245 0.00115107 0)
(39.5164 0.00186289 0)
(39.5039 0.00275239 0)
(39.4858 0.00396776 0)
(39.4598 0.00583163 0)
(39.4208 0.00902856 0)
(39.36 0.017712 0)
(39.2124 0.033977 0)
(39.1506 0.38442 0)
(39.5288 0.00068116 0)
(39.5245 0.00134949 0)
(39.5164 0.00218022 0)
(39.5039 0.00322049 0)
(39.4859 0.00464197 0)
(39.4599 0.00681685 0)
(39.421 0.0105534 0)
(39.3604 0.020357 0)
(39.218 0.0399593 0)
(39.1593 0.379517 0)
(39.5288 0.000789494 0)
(39.5245 0.00157153 0)
(39.5164 0.00253469 0)
(39.5039 0.00374309 0)
(39.4859 0.00539443 0)
(39.46 0.00791492 0)
(39.4212 0.0122496 0)
(39.3609 0.0232427 0)
(39.2241 0.046501 0)
(39.1687 0.373864 0)
(39.5288 0.000910142 0)
(39.5245 0.00181989 0)
(39.5164 0.00293058 0)
(39.5039 0.00432646 0)
(39.486 0.00623399 0)
(39.4601 0.00913833 0)
(39.4215 0.0141342 0)
(39.3616 0.0263945 0)
(39.2307 0.0535812 0)
(39.1789 0.3676 0)
(39.5288 0.00104456 0)
(39.5245 0.00209757 0)
(39.5164 0.00337265 0)
(39.504 0.00497747 0)
(39.486 0.00717037 0)
(39.4602 0.0105007 0)
(39.4219 0.0162257 0)
(39.3625 0.0298385 0)
(39.238 0.0611611 0)
(39.1899 0.360802 0)
(39.5288 0.00119437 0)
(39.5245 0.00240785 0)
(39.5164 0.00386616 0)
(39.504 0.00570372 0)
(39.4861 0.00821424 0)
(39.4604 0.0120169 0)
(39.4223 0.0185432 0)
(39.3636 0.0336002 0)
(39.2458 0.0691838 0)
(39.2017 0.353527 0)
(39.5288 0.00136138 0)
(39.5245 0.00275435 0)
(39.5165 0.00441687 0)
(39.5041 0.00651353 0)
(39.4862 0.0093772 0)
(39.4607 0.0137026 0)
(39.4229 0.0211062 0)
(39.365 0.0377026 0)
(39.2542 0.0775736 0)
(39.2142 0.345827 0)
(39.5288 0.00154756 0)
(39.5246 0.00314103 0)
(39.5165 0.0050311 0)
(39.5042 0.00741597 0)
(39.4864 0.0106718 0)
(39.4609 0.0155747 0)
(39.4236 0.0239348 0)
(39.3667 0.0421645 0)
(39.2633 0.0862373 0)
(39.2275 0.337763 0)
(39.5288 0.00175512 0)
(39.5246 0.00357221 0)
(39.5165 0.00571572 0)
(39.5042 0.00842082 0)
(39.4866 0.0121113 0)
(39.4613 0.0176506 0)
(39.4244 0.0270479 0)
(39.3688 0.0469985 0)
(39.2729 0.095065 0)
(39.2415 0.329403 0)
(39.5288 0.00198642 0)
(39.5246 0.0040526 0)
(39.5166 0.00647815 0)
(39.5044 0.00953859 0)
(39.4868 0.01371 0)
(39.4618 0.019948 0)
(39.4254 0.0304633 0)
(39.3714 0.0522078 0)
(39.2832 0.103933 0)
(39.2562 0.320822 0)
(39.5288 0.00224404 0)
(39.5246 0.00458723 0)
(39.5167 0.00732629 0)
(39.5045 0.0107803 0)
(39.4871 0.0154823 0)
(39.4624 0.0224845 0)
(39.4267 0.034196 0)
(39.3745 0.0577847 0)
(39.2942 0.112709 0)
(39.2714 0.3121 0)
(39.5288 0.00253074 0)
(39.5246 0.00518149 0)
(39.5168 0.00826844 0)
(39.5047 0.0121575 0)
(39.4874 0.017443 0)
(39.4631 0.0252767 0)
(39.4282 0.0382563 0)
(39.3781 0.0637072 0)
(39.3057 0.121255 0)
(39.2871 0.303317 0)
(39.5288 0.00284944 0)
(39.5247 0.00584101 0)
(39.5169 0.00931318 0)
(39.5049 0.0136818 0)
(39.4879 0.0196064 0)
(39.4639 0.0283391 0)
(39.4301 0.0426489 0)
(39.3823 0.0699378 0)
(39.3177 0.129433 0)
(39.3032 0.294554 0)
(39.5288 0.00320316 0)
(39.5247 0.00657157 0)
(39.517 0.0104691 0)
(39.5052 0.0153645 0)
(39.4885 0.0219857 0)
(39.465 0.0316829 0)
(39.4323 0.0473699 0)
(39.3873 0.0764221 0)
(39.3303 0.137113 0)
(39.3195 0.285884 0)
(39.5288 0.00359497 0)
(39.5248 0.00737893 0)
(39.5172 0.0117445 0)
(39.5056 0.017216 0)
(39.4892 0.024592 0)
(39.4664 0.0353143 0)
(39.4349 0.0524049 0)
(39.3929 0.0830886 0)
(39.3433 0.144183 0)
(39.3359 0.277373 0)
(39.5288 0.00402788 0)
(39.5249 0.00826857 0)
(39.5174 0.0131466 0)
(39.506 0.0192449 0)
(39.49 0.0274326 0)
(39.468 0.0392326 0)
(39.438 0.057727 0)
(39.3992 0.0898502 0)
(39.3566 0.150547 0)
(39.3523 0.269081 0)
(39.5289 0.00450473 0)
(39.525 0.00924534 0)
(39.5176 0.0146815 0)
(39.5066 0.021457 0)
(39.491 0.0305099 0)
(39.4699 0.0434279 0)
(39.4417 0.0632948 0)
(39.4063 0.0966075 0)
(39.3702 0.156139 0)
(39.3685 0.261058 0)
(39.5289 0.00502801 0)
(39.5251 0.0103129 0)
(39.5179 0.0163524 0)
(39.5072 0.0238534 0)
(39.4923 0.0338189 0)
(39.4722 0.0478786 0)
(39.4459 0.0690514 0)
(39.414 0.103254 0)
(39.384 0.160928 0)
(39.3844 0.25336 0)
(39.5289 0.00559969 0)
(39.5252 0.0114731 0)
(39.5183 0.0181585 0)
(39.508 0.0264291 0)
(39.4938 0.0373448 0)
(39.4749 0.0525492 0)
(39.4506 0.0749228 0)
(39.4225 0.10967 0)
(39.3978 0.164875 0)
(39.3998 0.245928 0)
(39.529 0.00622109 0)
(39.5254 0.0127252 0)
(39.5188 0.0200938 0)
(39.509 0.02917 0)
(39.4956 0.0410607 0)
(39.478 0.0573967 0)
(39.456 0.0808677 0)
(39.4314 0.115907 0)
(39.4115 0.168405 0)
(39.4145 0.23965 0)
(39.529 0.00689297 0)
(39.5256 0.0140643 0)
(39.5193 0.0221439 0)
(39.5101 0.0320477 0)
(39.4977 0.0448871 0)
(39.4816 0.0621724 0)
(39.462 0.0862214 0)
(39.441 0.120492 0)
(39.4252 0.168738 0)
(39.4288 0.229386 0)
(39.529 0.00761617 0)
(39.5258 0.0154804 0)
(39.5199 0.024297 0)
(39.5115 0.035174 0)
(39.5001 0.0494481 0)
(39.4856 0.0688064 0)
(39.4683 0.0955253 0)
(39.4504 0.13248 0)
(39.4376 0.181989 0)
(39.4408 0.241161 0)
(39.5291 0.00839375 0)
(39.526 0.0169062 0)
(39.5207 0.0259599 0)
(39.5132 0.0361627 0)
(39.5035 0.0482232 0)
(39.4913 0.0631236 0)
(39.4771 0.0822095 0)
(39.4632 0.106928 0)
(39.4543 0.137545 0)
(39.4585 0.169517 0)
(39.5291 0.00936255 0)
(39.526 0.0198927 0)
(39.5207 0.0336082 0)
(39.5133 0.0523733 0)
(39.5034 0.0778152 0)
(39.4912 0.111774 0)
(39.4771 0.156401 0)
(39.4628 0.213724 0)
(39.4521 0.284343 0)
(39.4504 0.364723 0)
(39.5295 0.00774287 0)
(39.5283 0.010442 0)
(39.5263 0.00879499 0)
(39.5237 0.00363182 0)
(39.5202 -0.00497221 0)
(39.5159 -0.0173766 0)
(39.5114 -0.0343043 0)
(39.5084 -0.0570089 0)
(39.5096 -0.087723 0)
(39.5188 -0.130393 0)
(39.5267 0.023447 0)
(39.5191 0.05431 0)
(39.5098 0.0952356 0)
(39.4984 0.148441 0)
(39.4843 0.217149 0)
(39.4667 0.305313 0)
(39.4458 0.416891 0)
(39.4223 0.554417 0)
(39.3989 0.716386 0)
(39.3795 0.893835 0)
(9.72743 0.0931717 0)
(4.42879 0.00758499 0)
(3.15254 0.00132444 0)
(2.56401 0.000640048 0)
(2.21999 0.000400024 0)
(1.98741 0.000286287 0)
(1.81519 0.000219206 0)
(1.68091 0.000173995 0)
(1.57275 0.000141928 0)
(1.48342 0.000118373 0)
(1.4081 0.000100775 0)
(1.34353 8.68769e-05 0)
(1.28744 7.60081e-05 0)
(1.23821 6.68594e-05 0)
(1.19465 5.95053e-05 0)
(1.15586 5.2938e-05 0)
(1.12116 4.75513e-05 0)
(1.09003 4.25328e-05 0)
(1.06207 3.82763e-05 0)
(1.03695 3.42859e-05 0)
(1.01441 3.06768e-05 0)
(0.994234 2.74354e-05 0)
(0.976236 2.42739e-05 0)
(0.960237 2.15912e-05 0)
(0.946096 1.87558e-05 0)
(0.93365 1.66752e-05 0)
(0.922769 1.41633e-05 0)
(0.91329 1.25071e-05 0)
(0.905095 1.0428e-05 0)
(0.898025 9.13999e-06 0)
(0.891974 7.50938e-06 0)
(0.886801 6.47873e-06 0)
(0.882406 5.29318e-06 0)
(0.878665 4.50606e-06 0)
(0.875491 3.69584e-06 0)
(0.872795 3.10699e-06 0)
(0.870502 2.59824e-06 0)
(0.868626 1.48114e-06 0)
(0.867702 2.45891e-06 0)
(0.861358 1.41811e-05 0)
(21.3052 0.245059 0)
(13.2166 0.0618458 0)
(9.76015 0.0196091 0)
(7.98553 0.00989121 0)
(6.92018 0.00614339 0)
(6.19588 0.00432246 0)
(5.65972 0.00327418 0)
(5.24173 0.00258982 0)
(4.9048 0.00211011 0)
(4.62631 0.00175953 0)
(4.39139 0.00149549 0)
(4.18994 0.0012898 0)
(4.0149 0.0011263 0)
(3.86126 0.000992059 0)
(3.72526 0.000880832 0)
(3.60417 0.000785561 0)
(3.49583 0.000703962 0)
(3.39864 0.000631446 0)
(3.31133 0.000567378 0)
(3.23288 0.00050917 0)
(3.1625 0.000456071 0)
(3.09947 0.000407651 0)
(3.04326 0.000362441 0)
(2.9933 0.000321454 0)
(2.94913 0.000282738 0)
(2.91025 0.000248517 0)
(2.87625 0.000215837 0)
(2.84663 0.000187817 0)
(2.82101 0.000161205 0)
(2.7989 0.000138957 0)
(2.77997 0.000118013 0)
(2.76377 0.000100779 0)
(2.75 8.50839e-05 0)
(2.73828 7.22675e-05 0)
(2.72833 6.09584e-05 0)
(2.71989 5.16223e-05 0)
(2.71271 4.32069e-05 0)
(2.70682 2.99648e-05 0)
(2.70328 6.02886e-05 0)
(2.68665 9.51007e-05 0)
(28.5268 0.369271 0)
(21.1233 0.133239 0)
(16.6067 0.0567005 0)
(13.8531 0.0310084 0)
(12.0818 0.0196537 0)
(10.8461 0.0138728 0)
(9.92225 0.0105083 0)
(9.19823 0.00831537 0)
(8.61237 0.00678025 0)
(8.12675 0.00565741 0)
(7.71626 0.00480994 0)
(7.36376 0.00414985 0)
(7.05715 0.00362395 0)
(6.78777 0.00319309 0)
(6.54915 0.00283507 0)
(6.33654 0.00252941 0)
(6.14621 0.00226646 0)
(5.97538 0.00203387 0)
(5.82181 0.00182763 0)
(5.68376 0.00164054 0)
(5.55984 0.00147017 0)
(5.44881 0.00131403 0)
(5.34971 0.00116929 0)
(5.26157 0.00103705 0)
(5.1836 0.00091335 0)
(5.11491 0.000802475 0)
(5.05479 0.000698702 0)
(5.00236 0.000607571 0)
(4.95695 0.000523259 0)
(4.91773 0.000450642 0)
(4.8841 0.000384342 0)
(4.85529 0.000328114 0)
(4.83077 0.000278186 0)
(4.80987 0.000236385 0)
(4.79212 0.000200011 0)
(4.77705 0.000169618 0)
(4.76424 0.000142071 0)
(4.75367 0.000104663 0)
(4.7464 0.000187673 0)
(4.72145 0.000246876 0)
(33.0072 0.461828 0)
(27.4093 0.206532 0)
(23.0047 0.106756 0)
(19.8058 0.0642772 0)
(17.5242 0.0424826 0)
(15.8445 0.0304789 0)
(14.5539 0.0232445 0)
(13.5267 0.0184667 0)
(12.687 0.0151 0)
(11.9859 0.0126255 0)
(11.3903 0.0107493 0)
(10.8769 0.00928453 0)
(10.429 0.00811409 0)
(10.0346 0.00715491 0)
(9.68455 0.0063558 0)
(9.37214 0.00567434 0)
(9.09207 0.00508638 0)
(8.84035 0.00456734 0)
(8.61377 0.00410576 0)
(8.40983 0.00368765 0)
(8.22651 0.00330645 0)
(8.06206 0.00295678 0)
(7.91508 0.00263326 0)
(7.78417 0.0023364 0)
(7.66817 0.00206054 0)
(7.56583 0.00181068 0)
(7.47608 0.00157949 0)
(7.39768 0.00137377 0)
(7.32964 0.00118578 0)
(7.27076 0.00102149 0)
(7.22016 0.000873388 0)
(7.17673 0.000746128 0)
(7.13966 0.000634102 0)
(7.10802 0.000539262 0)
(7.0811 0.000457138 0)
(7.05821 0.000387904 0)
(7.03874 0.000325475 0)
(7.02257 0.000249892 0)
(7.01027 0.000403259 0)
(6.97877 0.00047282 0)
(35.7523 0.526091 0)
(31.9851 0.270124 0)
(28.3787 0.159506 0)
(25.3279 0.105124 0)
(22.8929 0.0734037 0)
(20.96 0.0542568 0)
(19.4029 0.0420476 0)
(18.1258 0.0337287 0)
(17.0606 0.027759 0)
(16.1584 0.0233169 0)
(15.3839 0.0199175 0)
(14.711 0.0172466 0)
(14.1205 0.0151011 0)
(13.5979 0.0133375 0)
(13.1324 0.0118631 0)
(12.7155 0.0106041 0)
(12.3406 0.00951482 0)
(12.0028 0.00855302 0)
(11.698 0.0076957 0)
(11.423 0.00691891 0)
(11.1752 0.00620994 0)
(10.9524 0.00555862 0)
(10.7528 0.00495628 0)
(10.5746 0.00440204 0)
(10.4163 0.00388809 0)
(10.2763 0.00342008 0)
(10.1531 0.00298899 0)
(10.0453 0.00260255 0)
(9.95135 0.00225127 0)
(9.86985 0.00194168 0)
(9.79955 0.00166418 0)
(9.73904 0.00142372 0)
(9.68721 0.00121279 0)
(9.64285 0.00103281 0)
(9.60499 0.000877191 0)
(9.57271 0.000745158 0)
(9.54521 0.000626603 0)
(9.52222 0.00049808 0)
(9.50342 0.000722012 0)
(9.46655 0.000774452 0)
(37.3964 0.567591 0)
(35.0985 0.319597 0)
(32.488 0.207006 0)
(29.9785 0.147075 0)
(27.7548 0.108631 0)
(25.8377 0.0834179 0)
(24.1959 0.0662738 0)
(22.7883 0.0540516 0)
(21.5758 0.0450035 0)
(20.5242 0.0381196 0)
(19.605 0.0327638 0)
(18.7954 0.0285044 0)
(18.0772 0.0250502 0)
(17.4362 0.0221915 0)
(16.8609 0.0197871 0)
(16.3427 0.017726 0)
(15.8743 0.015935 0)
(15.4502 0.0143501 0)
(15.066 0.0129328 0)
(14.718 0.0116466 0)
(14.4033 0.0104702 0)
(14.1193 0.0093872 0)
(13.8639 0.0083847 0)
(13.635 0.00745962 0)
(13.4309 0.00660202 0)
(13.2497 0.00581756 0)
(13.0896 0.00509609 0)
(12.9488 0.00444569 0)
(12.8257 0.00385552 0)
(12.7185 0.00333211 0)
(12.6255 0.00286389 0)
(12.5452 0.00245554 0)
(12.476 0.00209745 0)
(12.4166 0.00178994 0)
(12.3657 0.00152382 0)
(12.3221 0.00129669 0)
(12.2848 0.00109374 0)
(12.2534 0.000894271 0)
(12.2266 0.00116931 0)
(12.1846 0.0011589 0)
(38.3483 0.591813 0)
(37.0932 0.354867 0)
(35.3846 0.245119 0)
(33.5496 0.184628 0)
(31.7687 0.143302 0)
(30.1073 0.114446 0)
(28.5876 0.0936666 0)
(27.2136 0.0781127 0)
(25.979 0.0661384 0)
(24.872 0.0567426 0)
(23.8786 0.049252 0)
(22.9849 0.0431804 0)
(22.1786 0.038181 0)
(21.4487 0.0339945 0)
(20.7863 0.0304381 0)
(20.1835 0.0273663 0)
(19.6342 0.0246786 0)
(19.1332 0.0222883 0)
(18.6762 0.02014 0)
(18.2598 0.0181832 0)
(17.881 0.016387 0)
(17.5373 0.014728 0)
(17.2265 0.0131885 0)
(16.9465 0.0117628 0)
(16.6954 0.0104389 0)
(16.4713 0.00922267 0)
(16.2723 0.00810314 0)
(16.0963 0.00708867 0)
(15.9415 0.00616752 0)
(15.8058 0.00534593 0)
(15.6876 0.0046106 0)
(15.5847 0.00396543 0)
(15.4957 0.00339867 0)
(15.4188 0.00290893 0)
(15.3525 0.00248407 0)
(15.2955 0.00211925 0)
(15.2465 0.00179473 0)
(15.2048 0.00149978 0)
(15.1683 0.00178674 0)
(15.1207 0.00164251 0)
(38.8756 0.60356 0)
(38.2956 0.377974 0)
(37.2784 0.272807 0)
(36.0653 0.214614 0)
(34.7922 0.173382 0)
(33.5173 0.143411 0)
(32.2741 0.120904 0)
(31.086 0.103336 0)
(29.9667 0.0892763 0)
(28.9221 0.0778617 0)
(27.9526 0.0684913 0)
(27.0557 0.0607062 0)
(26.2272 0.0541613 0)
(25.4622 0.0485855 0)
(24.7561 0.0437789 0)
(24.1043 0.0395771 0)
(23.5028 0.0358614 0)
(22.948 0.0325285 0)
(22.437 0.0295094 0)
(21.9672 0.0267418 0)
(21.5361 0.0241865 0)
(21.142 0.0218138 0)
(20.7829 0.0196021 0)
(20.457 0.0175438 0)
(20.1626 0.015626 0)
(19.8979 0.0138548 0)
(19.6611 0.01222 0)
(19.4502 0.0107302 0)
(19.2634 0.00937387 0)
(19.0984 0.00815699 0)
(18.9535 0.00706509 0)
(18.8266 0.00610109 0)
(18.7159 0.00525123 0)
(18.6196 0.00451211 0)
(18.536 0.00386835 0)
(18.4636 0.00331198 0)
(18.401 0.00281877 0)
(18.3471 0.00239397 0)
(18.2996 0.00263505 0)
(18.2451 0.00225202 0)
(39.1522 0.606754 0)
(38.974 0.391779 0)
(38.4268 0.291056 0)
(37.6956 0.236205 0)
(36.8748 0.196698 0)
(35.9997 0.167396 0)
(35.0945 0.144855 0)
(34.1814 0.126737 0)
(33.2786 0.111778 0)
(32.3992 0.0992546 0)
(31.5516 0.0886739 0)
(30.7412 0.0796488 0)
(29.9706 0.0718789 0)
(29.2411 0.0651188 0)
(28.5526 0.0591808 0)
(27.9047 0.0539044 0)
(27.2966 0.0491696 0)
(26.7271 0.0448689 0)
(26.1953 0.0409284 0)
(25.7003 0.0372809 0)
(25.2409 0.0338834 0)
(24.8163 0.0307035 0)
(24.4255 0.0277188 0)
(24.0673 0.024922 0)
(23.7407 0.0223015 0)
(23.4443 0.0198655 0)
(23.1767 0.017606 0)
(22.9362 0.0155337 0)
(22.7211 0.0136383 0)
(22.5295 0.0119265 0)
(22.3596 0.0103838 0)
(22.2095 0.00901238 0)
(22.0774 0.00779719 0)
(21.9615 0.00673279 0)
(21.8599 0.00580071 0)
(21.7712 0.00498949 0)
(21.694 0.00427148 0)
(21.6268 0.00367131 0)
(21.5673 0.00379216 0)
(21.5048 0.00302436 0)
(39.2885 0.604349 0)
(39.3292 0.399163 0)
(39.07 0.30189 0)
(38.666 0.250258 0)
(38.186 0.212956 0)
(37.6458 0.185148 0)
(37.0561 0.163591 0)
(36.4302 0.146008 0)
(35.7817 0.131197 0)
(35.1222 0.118519 0)
(34.4614 0.107555 0)
(33.8067 0.0979836 0)
(33.1639 0.0895546 0)
(32.5375 0.0820608 0)
(31.9309 0.0753426 0)
(31.3465 0.0692588 0)
(30.7863 0.0637023 0)
(30.2516 0.058574 0)
(29.7435 0.0538054 0)
(29.2629 0.0493327 0)
(28.8103 0.0451163 0)
(28.3862 0.041127 0)
(27.9908 0.037346 0)
(27.6239 0.0337705 0)
(27.2853 0.0303936 0)
(26.9744 0.0272284 0)
(26.6905 0.0242723 0)
(26.4325 0.0215399 0)
(26.1992 0.0190249 0)
(25.9892 0.0167361 0)
(25.8009 0.0146607 0)
(25.6328 0.0128016 0)
(25.4833 0.0111434 0)
(25.3506 0.00967955 0)
(25.2333 0.00838905 0)
(25.1298 0.00725722 0)
(25.0387 0.00625467 0)
(24.9586 0.00542565 0)
(24.8874 0.00534018 0)
(24.8169 0.00400161 0)
(39.3511 0.598365 0)
(39.4997 0.402541 0)
(39.4003 0.307565 0)
(39.1939 0.258505 0)
(38.9378 0.223177 0)
(38.6372 0.196927 0)
(38.2929 0.176672 0)
(37.9096 0.160126 0)
(37.4943 0.146081 0)
(37.0541 0.133916 0)
(36.5956 0.123242 0)
(36.1247 0.11377 0)
(35.6467 0.105278 0)
(35.1664 0.0975883 0)
(34.688 0.0905634 0)
(34.2149 0.0840822 0)
(33.7503 0.078053 0)
(33.297 0.0723899 0)
(32.8574 0.0670347 0)
(32.4336 0.0619328 0)
(32.0275 0.0570528 0)
(31.6405 0.0523734 0)
(31.2741 0.0478841 0)
(30.929 0.0435902 0)
(30.6059 0.0394936 0)
(30.3052 0.0356154 0)
(30.027 0.0319616 0)
(29.7707 0.0285533 0)
(29.5361 0.0253914 0)
(29.3221 0.0224889 0)
(29.1279 0.0198372 0)
(28.9524 0.0174414 0)
(28.7944 0.0152882 0)
(28.6525 0.0133708 0)
(28.5256 0.0116674 0)
(28.4123 0.0101608 0)
(28.3114 0.00882223 0)
(28.2218 0.00771278 0)
(28.1417 0.00733355 0)
(28.0649 0.00521725 0)
(39.3777 0.590048 0)
(39.5733 0.403656 0)
(39.5544 0.310046 0)
(39.4544 0.262837 0)
(39.328 0.228983 0)
(39.1765 0.203945 0)
(38.9959 0.184829 0)
(38.7861 0.169331 0)
(38.5492 0.156208 0)
(38.288 0.144822 0)
(38.0055 0.134785 0)
(37.7051 0.125807 0)
(37.3898 0.117675 0)
(37.0628 0.110218 0)
(36.7275 0.103307 0)
(36.3867 0.0968322 0)
(36.0433 0.0907092 0)
(35.7001 0.0848613 0)
(35.3598 0.0792381 0)
(35.0247 0.0737933 0)
(34.6972 0.0685036 0)
(34.3793 0.0633567 0)
(34.0728 0.0583514 0)
(33.7793 0.0535027 0)
(33.5001 0.048823 0)
(33.2362 0.0443434 0)
(32.9883 0.0400806 0)
(32.7566 0.0360646 0)
(32.5414 0.0323051 0)
(32.3424 0.028822 0)
(32.1594 0.025613 0)
(31.9917 0.0226873 0)
(31.8386 0.0200357 0)
(31.6994 0.0176533 0)
(31.5733 0.0155188 0)
(31.4592 0.0136146 0)
(31.3565 0.0119142 0)
(31.264 0.010491 0)
(31.1808 0.00974671 0)
(31.1023 0.00667013 0)
(39.3884 0.580091 0)
(39.6003 0.403603 0)
(39.6186 0.310764 0)
(39.5699 0.26484 0)
(39.5098 0.231994 0)
(39.4395 0.207727 0)
(39.3538 0.189383 0)
(39.2507 0.174671 0)
(39.13 0.162314 0)
(38.9923 0.151652 0)
(38.8383 0.14228 0)
(38.6688 0.1339 0)
(38.4851 0.12629 0)
(38.2888 0.119274 0)
(38.0813 0.112721 0)
(37.8644 0.106517 0)
(37.6401 0.100579 0)
(37.4103 0.0948305 0)
(37.1769 0.0892231 0)
(36.942 0.0837133 0)
(36.7074 0.0782819 0)
(36.4751 0.072922 0)
(36.2469 0.0676393 0)
(36.0243 0.0624568 0)
(35.8089 0.057396 0)
(35.6019 0.0524974 0)
(35.4042 0.0477879 0)
(35.2166 0.0433066 0)
(35.0396 0.0390731 0)
(34.8736 0.0351144 0)
(34.7186 0.031436 0)
(34.5745 0.0280525 0)
(34.4413 0.0249603 0)
(34.3184 0.0221578 0)
(34.2055 0.0196259 0)
(34.102 0.0173478 0)
(34.0076 0.0153013 0)
(33.9214 0.0135657 0)
(33.8435 0.0124218 0)
(33.7698 0.00829281 0)
(39.3926 0.568831 0)
(39.6069 0.402966 0)
(39.6415 0.310612 0)
(39.6153 0.265609 0)
(39.5852 0.23347 0)
(39.5535 0.209622 0)
(39.5155 0.191697 0)
(39.4691 0.177451 0)
(39.4136 0.165589 0)
(39.3487 0.155431 0)
(39.2742 0.146563 0)
(39.1898 0.138676 0)
(39.0957 0.131537 0)
(38.9921 0.12496 0)
(38.8796 0.118807 0)
(38.7587 0.112957 0)
(38.6304 0.107321 0)
(38.4954 0.101816 0)
(38.3551 0.096391 0)
(38.2105 0.0910002 0)
(38.063 0.0856232 0)
(37.9138 0.0802541 0)
(37.7643 0.0749013 0)
(37.6156 0.0695915 0)
(37.4691 0.0643521 0)
(37.3259 0.0592297 0)
(37.1867 0.0542595 0)
(37.0526 0.0494874 0)
(36.924 0.0449415 0)
(36.8016 0.0406555 0)
(36.6855 0.0366419 0)
(36.5762 0.0329208 0)
(36.4735 0.0294944 0)
(36.3776 0.026365 0)
(36.2882 0.0235168 0)
(36.2052 0.0209345 0)
(36.1284 0.0186007 0)
(36.0575 0.0165943 0)
(35.9928 0.0150657 0)
(35.9308 0.0099414 0)
(39.3945 0.556412 0)
(39.6053 0.401989 0)
(39.6474 0.310073 0)
(39.6304 0.265783 0)
(39.6124 0.234212 0)
(39.5969 0.210576 0)
(39.5799 0.192826 0)
(39.5595 0.178797 0)
(39.5353 0.167185 0)
(39.5071 0.157302 0)
(39.4745 0.148729 0)
(39.4371 0.14115 0)
(39.3946 0.134327 0)
(39.3467 0.128068 0)
(39.2934 0.122225 0)
(39.2348 0.116673 0)
(39.171 0.111313 0)
(39.1022 0.10606 0)
(39.029 0.100854 0)
(38.9519 0.0956448 0)
(38.8713 0.0904091 0)
(38.7881 0.0851381 0)
(38.7029 0.0798391 0)
(38.6166 0.0745391 0)
(38.5299 0.0692677 0)
(38.4436 0.0640737 0)
(38.3583 0.0589973 0)
(38.2746 0.0540883 0)
(38.1932 0.049381 0)
(38.1144 0.0449131 0)
(38.0387 0.0407031 0)
(37.9662 0.0367749 0)
(37.8973 0.0331361 0)
(37.832 0.0297927 0)
(37.7704 0.0267315 0)
(37.7124 0.0239393 0)
(37.658 0.0214028 0)
(37.6072 0.0191944 0)
(37.5606 0.0173397 0)
(37.5142 0.0114393 0)
(39.3958 0.542895 0)
(39.6006 0.400725 0)
(39.6468 0.309378 0)
(39.634 0.265674 0)
(39.6204 0.234644 0)
(39.611 0.211135 0)
(39.602 0.193428 0)
(39.5919 0.179468 0)
(39.5808 0.167947 0)
(39.5684 0.158175 0)
(39.5547 0.14973 0)
(39.5392 0.142297 0)
(39.5218 0.135635 0)
(39.5021 0.129548 0)
(39.48 0.123887 0)
(39.4553 0.118519 0)
(39.4279 0.113343 0)
(39.3978 0.108269 0)
(39.365 0.103232 0)
(39.3297 0.098179 0)
(39.2921 0.0930804 0)
(39.2523 0.087925 0)
(39.2108 0.0827175 0)
(39.1677 0.0774829 0)
(39.1237 0.0722506 0)
(39.0789 0.0670689 0)
(39.0339 0.06198 0)
(38.989 0.0570349 0)
(38.9446 0.0522713 0)
(38.9009 0.0477291 0)
(38.8583 0.0434301 0)
(38.8169 0.0394007 0)
(38.777 0.0356526 0)
(38.7387 0.0321942 0)
(38.702 0.0290148 0)
(38.6671 0.0261022 0)
(38.634 0.0234465 0)
(38.6026 0.0211089 0)
(38.5739 0.0190081 0)
(38.543 0.0126613 0)
(39.3971 0.528315 0)
(39.5947 0.399127 0)
(39.6439 0.308621 0)
(39.6334 0.265413 0)
(39.6216 0.234954 0)
(39.6144 0.211561 0)
(39.6082 0.19384 0)
(39.6018 0.179877 0)
(39.5952 0.168367 0)
(39.5888 0.158615 0)
(39.5822 0.1502 0)
(39.5755 0.14281 0)
(39.5685 0.136202 0)
(39.5608 0.130181 0)
(39.5524 0.124595 0)
(39.5432 0.119311 0)
(39.533 0.114225 0)
(39.5217 0.109245 0)
(39.5093 0.104303 0)
(39.4957 0.0993438 0)
(39.4809 0.0943358 0)
(39.4649 0.0892644 0)
(39.4478 0.0841323 0)
(39.4297 0.0789618 0)
(39.4108 0.0737814 0)
(39.3911 0.0686378 0)
(39.3709 0.0635731 0)
(39.3504 0.0586381 0)
(39.3297 0.0538719 0)
(39.3089 0.0493146 0)
(39.2884 0.04499 0)
(39.2681 0.040925 0)
(39.2483 0.0371344 0)
(39.229 0.033628 0)
(39.2103 0.0303967 0)
(39.1922 0.0274287 0)
(39.1748 0.0247158 0)
(39.1582 0.0223057 0)
(39.1431 0.0200345 0)
(39.1243 0.0135872 0)
(39.3987 0.512716 0)
(39.5882 0.397096 0)
(39.6399 0.307838 0)
(39.6315 0.265047 0)
(39.6206 0.235206 0)
(39.6143 0.211955 0)
(39.6091 0.194206 0)
(39.6039 0.180211 0)
(39.5988 0.168678 0)
(39.5943 0.158906 0)
(39.5902 0.150475 0)
(39.5864 0.143076 0)
(39.5829 0.136466 0)
(39.5796 0.130452 0)
(39.5764 0.124878 0)
(39.5731 0.119614 0)
(39.5696 0.114555 0)
(39.566 0.109607 0)
(39.5621 0.104702 0)
(39.5578 0.0997842 0)
(39.553 0.0948197 0)
(39.5478 0.089793 0)
(39.5421 0.0847051 0)
(39.5358 0.0795766 0)
(39.5291 0.074435 0)
(39.5218 0.0693248 0)
(39.5142 0.0642881 0)
(39.5062 0.0593742 0)
(39.498 0.0546231 0)
(39.4895 0.0500739 0)
(39.4809 0.0457514 0)
(39.4723 0.0416822 0)
(39.4638 0.037883 0)
(39.4553 0.0343648 0)
(39.4469 0.0311192 0)
(39.4386 0.0281344 0)
(39.4306 0.0254031 0)
(39.4228 0.0229586 0)
(39.4159 0.0205777 0)
(39.4045 0.0143154 0)
(39.4007 0.496164 0)
(39.5815 0.394512 0)
(39.6354 0.307033 0)
(39.6291 0.264591 0)
(39.619 0.235413 0)
(39.6131 0.212352 0)
(39.6084 0.194577 0)
(39.6037 0.18054 0)
(39.5991 0.168971 0)
(39.5951 0.159163 0)
(39.5917 0.150697 0)
(39.5889 0.143267 0)
(39.5865 0.136632 0)
(39.5845 0.130596 0)
(39.5829 0.125007 0)
(39.5815 0.119733 0)
(39.5803 0.114667 0)
(39.5792 0.109719 0)
(39.5782 0.104819 0)
(39.5772 0.0999113 0)
(39.5762 0.0949608 0)
(39.575 0.089952 0)
(39.5736 0.0848848 0)
(39.5719 0.0797787 0)
(39.57 0.0746604 0)
(39.5679 0.0695726 0)
(39.5654 0.0645569 0)
(39.5627 0.0596611 0)
(39.5598 0.0549257 0)
(39.5567 0.0503883 0)
(39.5534 0.0460739 0)
(39.55 0.0420083 0)
(39.5465 0.0382096 0)
(39.543 0.0346893 0)
(39.5394 0.0314389 0)
(39.5358 0.0284457 0)
(39.5321 0.0257019 0)
(39.5286 0.0232257 0)
(39.5256 0.0207523 0)
(39.5179 0.0148259 0)
(39.4031 0.478755 0)
(39.5745 0.391246 0)
(39.6305 0.306193 0)
(39.6263 0.264051 0)
(39.6169 0.23557 0)
(39.6116 0.212756 0)
(39.6072 0.194967 0)
(39.6027 0.180885 0)
(39.5985 0.169275 0)
(39.5947 0.159426 0)
(39.5916 0.150918 0)
(39.589 0.143449 0)
(39.5869 0.136777 0)
(39.5853 0.13071 0)
(39.584 0.125092 0)
(39.5832 0.119795 0)
(39.5826 0.114711 0)
(39.5823 0.109749 0)
(39.5822 0.104839 0)
(39.5821 0.099927 0)
(39.5822 0.0949773 0)
(39.5822 0.0899739 0)
(39.5822 0.0849166 0)
(39.582 0.0798238 0)
(39.5817 0.0747217 0)
(39.5812 0.0696516 0)
(39.5805 0.064655 0)
(39.5797 0.0597784 0)
(39.5786 0.0550628 0)
(39.5774 0.050545 0)
(39.576 0.0462504 0)
(39.5745 0.0422044 0)
(39.5728 0.0384276 0)
(39.5711 0.034933 0)
(39.5693 0.0317136 0)
(39.5674 0.0287573 0)
(39.5655 0.0260588 0)
(39.5635 0.0236258 0)
(39.5619 0.0211713 0)
(39.5558 0.0157847 0)
(39.406 0.460619 0)
(39.5673 0.387169 0)
(39.625 0.305285 0)
(39.6232 0.263432 0)
(39.6146 0.235663 0)
(39.6097 0.213161 0)
(39.6058 0.195379 0)
(39.6015 0.181253 0)
(39.5975 0.169601 0)
(39.5939 0.159707 0)
(39.5908 0.151153 0)
(39.5884 0.143639 0)
(39.5864 0.136926 0)
(39.5849 0.130822 0)
(39.5838 0.125171 0)
(39.5831 0.119844 0)
(39.5827 0.114735 0)
(39.5825 0.109753 0)
(39.5826 0.104828 0)
(39.5828 0.0999053 0)
(39.5831 0.0949496 0)
(39.5835 0.0899444 0)
(39.5838 0.0848888 0)
(39.584 0.0797998 0)
(39.5841 0.074703 0)
(39.5841 0.0696372 0)
(39.5839 0.0646429 0)
(39.5836 0.0597643 0)
(39.583 0.0550418 0)
(39.5824 0.0505096 0)
(39.5815 0.046191 0)
(39.5806 0.0421085 0)
(39.5795 0.0382817 0)
(39.5784 0.0347207 0)
(39.5771 0.0314138 0)
(39.5757 0.0283417 0)
(39.5743 0.025492 0)
(39.5728 0.0228516 0)
(39.5715 0.0201105 0)
(39.5661 0.0148738 0)
(39.4094 0.441915 0)
(39.5602 0.382164 0)
(39.619 0.304263 0)
(39.6197 0.262738 0)
(39.6121 0.23568 0)
(39.6076 0.213557 0)
(39.6041 0.19581 0)
(39.6002 0.181643 0)
(39.5963 0.169948 0)
(39.5928 0.160008 0)
(39.5899 0.151405 0)
(39.5876 0.143844 0)
(39.5857 0.137086 0)
(39.5842 0.130942 0)
(39.5832 0.125255 0)
(39.5825 0.119897 0)
(39.5822 0.114762 0)
(39.5821 0.109759 0)
(39.5822 0.104821 0)
(39.5824 0.0998917 0)
(39.5828 0.0949382 0)
(39.5832 0.0899441 0)
(39.5836 0.0849094 0)
(39.5839 0.0798515 0)
(39.5841 0.0747969 0)
(39.5842 0.0697848 0)
(39.5841 0.0648571 0)
(39.5839 0.0600597 0)
(39.5835 0.0554363 0)
(39.583 0.051024 0)
(39.5823 0.0468508 0)
(39.5815 0.042945 0)
(39.5806 0.0393363 0)
(39.5795 0.0360458 0)
(39.5784 0.0330735 0)
(39.5772 0.0304121 0)
(39.5759 0.028063 0)
(39.5745 0.0260159 0)
(39.5732 0.0239731 0)
(39.5682 0.0200768 0)
(39.4134 0.422833 0)
(39.553 0.376138 0)
(39.6125 0.303058 0)
(39.6159 0.261973 0)
(39.6093 0.235607 0)
(39.6053 0.21393 0)
(39.6021 0.196254 0)
(39.5985 0.182053 0)
(39.5949 0.170315 0)
(39.5916 0.160329 0)
(39.5888 0.151675 0)
(39.5866 0.144061 0)
(39.5848 0.137255 0)
(39.5834 0.131064 0)
(39.5824 0.125333 0)
(39.5818 0.119935 0)
(39.5814 0.11476 0)
(39.5813 0.10972 0)
(39.5815 0.104742 0)
(39.5817 0.099772 0)
(39.5821 0.094772 0)
(39.5825 0.0897233 0)
(39.5829 0.0846219 0)
(39.5832 0.0794804 0)
(39.5835 0.0743202 0)
(39.5836 0.0691736 0)
(39.5835 0.0640756 0)
(39.5834 0.0590635 0)
(39.583 0.0541722 0)
(39.5825 0.0494264 0)
(39.5819 0.0448402 0)
(39.5811 0.0404257 0)
(39.5803 0.036197 0)
(39.5794 0.0321577 0)
(39.5783 0.0282884 0)
(39.5772 0.0245639 0)
(39.5759 0.020974 0)
(39.5746 0.0174966 0)
(39.5733 0.0138387 0)
(39.5683 0.00855633 0)
(39.418 0.403588 0)
(39.5461 0.369031 0)
(39.6056 0.301584 0)
(39.6116 0.261136 0)
(39.6061 0.235432 0)
(39.6027 0.214262 0)
(39.5999 0.196705 0)
(39.5967 0.182481 0)
(39.5933 0.170704 0)
(39.5902 0.160673 0)
(39.5876 0.15197 0)
(39.5854 0.144307 0)
(39.5837 0.137458 0)
(39.5824 0.131232 0)
(39.5814 0.125478 0)
(39.5808 0.120072 0)
(39.5805 0.114909 0)
(39.5804 0.109905 0)
(39.5806 0.104995 0)
(39.5808 0.100131 0)
(39.5812 0.0952822 0)
(39.5816 0.0904371 0)
(39.582 0.0855999 0)
(39.5823 0.0807914 0)
(39.5826 0.0760427 0)
(39.5827 0.0713964 0)
(39.5826 0.0669 0)
(39.5825 0.0626058 0)
(39.5821 0.0585669 0)
(39.5816 0.0548272 0)
(39.581 0.0514222 0)
(39.5803 0.0483857 0)
(39.5794 0.0457554 0)
(39.5785 0.0435529 0)
(39.5774 0.0417673 0)
(39.5763 0.0403706 0)
(39.575 0.0393388 0)
(39.5736 0.0386166 0)
(39.5722 0.0379124 0)
(39.5681 0.0361461 0)
(39.4231 0.38441 0)
(39.5395 0.360833 0)
(39.5982 0.299742 0)
(39.6068 0.260218 0)
(39.6026 0.235145 0)
(39.5997 0.214534 0)
(39.5974 0.197147 0)
(39.5946 0.182913 0)
(39.5914 0.171093 0)
(39.5886 0.161006 0)
(39.5861 0.152233 0)
(39.5841 0.144488 0)
(39.5824 0.137543 0)
(39.5812 0.131204 0)
(39.5803 0.125309 0)
(39.5798 0.119724 0)
(39.5795 0.114333 0)
(39.5794 0.109039 0)
(39.5796 0.103762 0)
(39.5798 0.0984411 0)
(39.5802 0.0930308 0)
(39.5806 0.0875049 0)
(39.581 0.0818519 0)
(39.5814 0.0760755 0)
(39.5817 0.0701884 0)
(39.5818 0.0642127 0)
(39.5818 0.0581739 0)
(39.5817 0.0521011 0)
(39.5814 0.0460249 0)
(39.581 0.0399662 0)
(39.5805 0.0339405 0)
(39.5799 0.0279681 0)
(39.5792 0.0220879 0)
(39.5783 0.0163347 0)
(39.5774 0.0107218 0)
(39.5764 0.00526014 0)
(39.5752 -1.30854e-05 0)
(39.574 -0.00508249 0)
(39.5726 -0.010157 0)
(39.5674 -0.0158437 0)
(39.4287 0.365541 0)
(39.5332 0.351586 0)
(39.5904 0.297428 0)
(39.6015 0.259205 0)
(39.5988 0.234747 0)
(39.5964 0.214742 0)
(39.5946 0.197601 0)
(39.5921 0.183407 0)
(39.5893 0.17159 0)
(39.5866 0.161513 0)
(39.5843 0.152772 0)
(39.5825 0.145103 0)
(39.5809 0.1383 0)
(39.5798 0.132197 0)
(39.5789 0.126662 0)
(39.5784 0.121586 0)
(39.5781 0.116883 0)
(39.5781 0.112479 0)
(39.5782 0.108319 0)
(39.5784 0.104359 0)
(39.5788 0.100571 0)
(39.5791 0.0969452 0)
(39.5795 0.0934832 0)
(39.5798 0.0902023 0)
(39.58 0.0871293 0)
(39.5801 0.0842997 0)
(39.58 0.0817523 0)
(39.5798 0.0795273 0)
(39.5795 0.077663 0)
(39.579 0.0761797 0)
(39.5784 0.0750826 0)
(39.5776 0.0743695 0)
(39.5768 0.0740417 0)
(39.5759 0.0740775 0)
(39.5749 0.0744154 0)
(39.5737 0.0749775 0)
(39.5725 0.0757007 0)
(39.5711 0.0764954 0)
(39.5696 0.0771121 0)
(39.5673 0.0768509 0)
(39.4348 0.347214 0)
(39.5276 0.341392 0)
(39.5824 0.294525 0)
(39.5957 0.258027 0)
(39.5944 0.234162 0)
(39.5927 0.214737 0)
(39.5913 0.197825 0)
(39.5893 0.183575 0)
(39.5868 0.171566 0)
(39.5844 0.161186 0)
(39.5823 0.151992 0)
(39.5806 0.143674 0)
(39.5793 0.135978 0)
(39.5782 0.128688 0)
(39.5775 0.121623 0)
(39.5771 0.114641 0)
(39.5769 0.107627 0)
(39.577 0.100496 0)
(39.5772 0.0931845 0)
(39.5775 0.0856523 0)
(39.578 0.0778764 0)
(39.5785 0.0698517 0)
(39.5789 0.0615871 0)
(39.5794 0.0531049 0)
(39.5797 0.0444368 0)
(39.58 0.0356236 0)
(39.5801 0.0267123 0)
(39.5801 0.0177589 0)
(39.58 0.00882803 0)
(39.5797 -2.63339e-05 0)
(39.5793 -0.00875355 0)
(39.5789 -0.0172924 0)
(39.5783 -0.0255463 0)
(39.5776 -0.0334297 0)
(39.5768 -0.040896 0)
(39.5758 -0.0479134 0)
(39.5747 -0.0544117 0)
(39.5735 -0.0603489 0)
(39.5719 -0.0658334 0)
(39.5655 -0.0707831 0)
(39.4413 0.329682 0)
(39.5225 0.330482 0)
(39.5742 0.291086 0)
(39.5894 0.256885 0)
(39.5896 0.233821 0)
(39.5885 0.21524 0)
(39.5875 0.199016 0)
(39.586 0.185371 0)
(39.5838 0.174141 0)
(39.5817 0.164891 0)
(39.5798 0.157304 0)
(39.5781 0.151175 0)
(39.5768 0.146335 0)
(39.5757 0.142617 0)
(39.5749 0.139855 0)
(39.5744 0.137893 0)
(39.5741 0.136581 0)
(39.574 0.135784 0)
(39.574 0.135384 0)
(39.5741 0.135286 0)
(39.5744 0.135414 0)
(39.5746 0.135718 0)
(39.5749 0.136164 0)
(39.5751 0.13674 0)
(39.5752 0.137441 0)
(39.5752 0.138272 0)
(39.5751 0.139242 0)
(39.5749 0.140356 0)
(39.5746 0.141622 0)
(39.5741 0.14302 0)
(39.5735 0.14452 0)
(39.5728 0.146081 0)
(39.5721 0.14768 0)
(39.5713 0.149271 0)
(39.5703 0.150769 0)
(39.5693 0.152084 0)
(39.5683 0.15317 0)
(39.5671 0.153944 0)
(39.5657 0.15425 0)
(39.5665 0.153529 0)
(39.4481 0.312917 0)
(39.518 0.318624 0)
(39.566 0.28623 0)
(39.5825 0.254288 0)
(39.5843 0.231352 0)
(39.5839 0.212432 0)
(39.5835 0.195136 0)
(39.5825 0.179414 0)
(39.5809 0.165035 0)
(39.5793 0.151473 0)
(39.5778 0.138319 0)
(39.5767 0.125347 0)
(39.5758 0.112439 0)
(39.5752 0.0995383 0)
(39.5749 0.0866235 0)
(39.5748 0.0736946 0)
(39.5749 0.0607591 0)
(39.5752 0.0478256 0)
(39.5756 0.0349022 0)
(39.5761 0.021997 0)
(39.5766 0.00912082 0)
(39.5772 -0.00371021 0)
(39.5778 -0.0164726 0)
(39.5783 -0.0291339 0)
(39.5787 -0.0416532 0)
(39.579 -0.0539812 0)
(39.5793 -0.0660605 0)
(39.5794 -0.0778173 0)
(39.5793 -0.0891623 0)
(39.5791 -0.100028 0)
(39.5788 -0.110357 0)
(39.5784 -0.120076 0)
(39.5778 -0.129045 0)
(39.5771 -0.137167 0)
(39.5763 -0.144413 0)
(39.5753 -0.150786 0)
(39.5741 -0.15623 0)
(39.5727 -0.160673 0)
(39.5708 -0.16416 0)
(39.5617 -0.166215 0)
(39.4549 0.29868 0)
(39.5142 0.308852 0)
(39.5576 0.284512 0)
(39.5748 0.257433 0)
(39.5779 0.238118 0)
(39.578 0.223875 0)
(39.5778 0.212818 0)
(39.5768 0.205111 0)
(39.5752 0.200785 0)
(39.5732 0.199364 0)
(39.5714 0.200262 0)
(39.5697 0.202957 0)
(39.5684 0.206988 0)
(39.5672 0.211952 0)
(39.5664 0.217511 0)
(39.5658 0.223393 0)
(39.5654 0.229385 0)
(39.5652 0.235322 0)
(39.5652 0.241086 0)
(39.5653 0.246591 0)
(39.5656 0.251782 0)
(39.5658 0.256628 0)
(39.5661 0.261114 0)
(39.5663 0.265238 0)
(39.5665 0.269006 0)
(39.5666 0.272425 0)
(39.5666 0.2755 0)
(39.5665 0.278232 0)
(39.5664 0.280624 0)
(39.5661 0.282648 0)
(39.5658 0.284266 0)
(39.5654 0.285437 0)
(39.565 0.286135 0)
(39.5646 0.286352 0)
(39.5641 0.286045 0)
(39.5636 0.28508 0)
(39.563 0.283574 0)
(39.5623 0.281481 0)
(39.5616 0.278736 0)
(39.5666 0.275277 0)
(39.4621 0.278425 0)
(39.5116 0.287673 0)
(39.5504 0.2647 0)
(39.5682 0.233879 0)
(39.5732 0.205577 0)
(39.5748 0.178381 0)
(39.5762 0.150513 0)
(39.5769 0.122261 0)
(39.577 0.0942801 0)
(39.5768 0.0669093 0)
(39.5765 0.0403383 0)
(39.5762 0.014728 0)
(39.576 -0.00980625 0)
(39.5759 -0.0332114 0)
(39.5759 -0.0554871 0)
(39.576 -0.0766684 0)
(39.5762 -0.0968125 0)
(39.5764 -0.115987 0)
(39.5768 -0.134261 0)
(39.5771 -0.151699 0)
(39.5776 -0.16835 0)
(39.578 -0.184253 0)
(39.5784 -0.199426 0)
(39.5787 -0.21387 0)
(39.5789 -0.227572 0)
(39.5791 -0.240506 0)
(39.5791 -0.252635 0)
(39.579 -0.263885 0)
(39.5788 -0.274159 0)
(39.5784 -0.283421 0)
(39.5778 -0.29163 0)
(39.577 -0.298755 0)
(39.5762 -0.304584 0)
(39.5752 -0.309089 0)
(39.5739 -0.312394 0)
(39.5725 -0.314352 0)
(39.571 -0.315194 0)
(39.5692 -0.315259 0)
(39.5668 -0.314633 0)
(39.5538 -0.312802 0)
(39.467 0.29208 0)
(39.5064 0.314562 0)
(39.5388 0.3134 0)
(39.5544 0.308224 0)
(39.5583 0.309569 0)
(39.5583 0.317025 0)
(39.5576 0.328037 0)
(39.5564 0.341358 0)
(39.5548 0.356273 0)
(39.5531 0.372015 0)
(39.5516 0.387891 0)
(39.5504 0.403413 0)
(39.5495 0.418264 0)
(39.5489 0.432244 0)
(39.5486 0.445226 0)
(39.5485 0.457139 0)
(39.5487 0.467948 0)
(39.5491 0.477642 0)
(39.5496 0.486227 0)
(39.5502 0.493718 0)
(39.5508 0.500138 0)
(39.5516 0.505514 0)
(39.5523 0.509876 0)
(39.553 0.513257 0)
(39.5537 0.515687 0)
(39.5544 0.517194 0)
(39.555 0.517795 0)
(39.5555 0.517484 0)
(39.5561 0.516297 0)
(39.5565 0.514232 0)
(39.5569 0.511235 0)
(39.5574 0.507293 0)
(39.5579 0.502426 0)
(39.5584 0.496675 0)
(39.5588 0.490348 0)
(39.5591 0.483836 0)
(39.5593 0.477071 0)
(39.5592 0.470085 0)
(39.5593 0.462812 0)
(39.5697 0.454499 0)
(39.4808 0.188031 0)
(39.5145 0.176663 0)
(39.5451 0.136173 0)
(39.5639 0.0812967 0)
(39.5731 0.0239464 0)
(39.5782 -0.0318848 0)
(39.5816 -0.0854041 0)
(39.5839 -0.135832 0)
(39.5849 -0.182441 0)
(39.5851 -0.224986 0)
(39.5849 -0.263599 0)
(39.5844 -0.298554 0)
(39.5838 -0.330167 0)
(39.5831 -0.35876 0)
(39.5824 -0.384647 0)
(39.5818 -0.408115 0)
(39.5812 -0.429422 0)
(39.5806 -0.448785 0)
(39.5802 -0.466387 0)
(39.5798 -0.482373 0)
(39.5794 -0.496855 0)
(39.579 -0.509913 0)
(39.5785 -0.521599 0)
(39.5781 -0.531944 0)
(39.5775 -0.540962 0)
(39.5769 -0.548657 0)
(39.5761 -0.555021 0)
(39.5752 -0.559963 0)
(39.5741 -0.563371 0)
(39.5728 -0.565344 0)
(39.5714 -0.565837 0)
(39.5698 -0.564832 0)
(39.568 -0.562762 0)
(39.5663 -0.559822 0)
(39.5645 -0.55589 0)
(39.5626 -0.551115 0)
(39.5606 -0.545487 0)
(39.5584 -0.538998 0)
(39.5552 -0.531601 0)
(39.5379 -0.52298 0)
(39.4611 0.44446 0)
(39.4796 0.511824 0)
(39.4962 0.564839 0)
(39.5054 0.61004 0)
(39.5084 0.652401 0)
(39.5093 0.692073 0)
(39.5102 0.727794 0)
(39.5112 0.759244 0)
(39.5123 0.786801 0)
(39.5133 0.810869 0)
(39.5145 0.831753 0)
(39.5159 0.849732 0)
(39.5174 0.865079 0)
(39.5191 0.878039 0)
(39.5208 0.888813 0)
(39.5226 0.897564 0)
(39.5245 0.904418 0)
(39.5265 0.909471 0)
(39.5285 0.912799 0)
(39.5305 0.914461 0)
(39.5326 0.914504 0)
(39.5347 0.912973 0)
(39.5368 0.909911 0)
(39.5388 0.905367 0)
(39.5409 0.899391 0)
(39.5429 0.892034 0)
(39.5449 0.883306 0)
(39.547 0.873172 0)
(39.5491 0.861686 0)
(39.551 0.849131 0)
(39.553 0.835818 0)
(39.5549 0.821975 0)
(39.5566 0.807666 0)
(39.5582 0.792993 0)
(39.5597 0.777982 0)
(39.5611 0.762697 0)
(39.5623 0.747273 0)
(39.5633 0.731821 0)
(39.5647 0.716291 0)
(39.5799 0.699743 0)
(39.5376 -0.19063 0)
(39.5625 -0.271197 0)
(39.5857 -0.36573 0)
(39.6012 -0.461355 0)
(39.6087 -0.548107 0)
(39.6113 -0.623016 0)
(39.6114 -0.68711 0)
(39.6102 -0.741931 0)
(39.608 -0.788611 0)
(39.6052 -0.828172 0)
(39.602 -0.861651 0)
(39.5988 -0.890002 0)
(39.5957 -0.914014 0)
(39.5926 -0.934312 0)
(39.5897 -0.951395 0)
(39.5869 -0.965652 0)
(39.5843 -0.977386 0)
(39.5818 -0.986824 0)
(39.5794 -0.994134 0)
(39.577 -0.999438 0)
(39.5747 -1.00282 0)
(39.5724 -1.00435 0)
(39.5701 -1.00407 0)
(39.5678 -1.00202 0)
(39.5654 -0.998232 0)
(39.5629 -0.992748 0)
(39.5603 -0.985597 0)
(39.5575 -0.976947 0)
(39.5547 -0.967062 0)
(39.552 -0.95591 0)
(39.5492 -0.943615 0)
(39.5465 -0.930335 0)
(39.5437 -0.916094 0)
(39.5409 -0.900976 0)
(39.5382 -0.885118 0)
(39.5355 -0.868627 0)
(39.5328 -0.85157 0)
(39.53 -0.833976 0)
(39.5258 -0.815757 0)
(39.5058 -0.79676 0)
(39.3687 1.06885 0)
(39.3681 1.22043 0)
(39.3752 1.33637 0)
(39.3859 1.41848 0)
(39.3971 1.47604 0)
(39.4076 1.51722 0)
(39.4174 1.54659 0)
(39.4265 1.56682 0)
(39.4348 1.58009 0)
(39.4423 1.58819 0)
(39.4492 1.59243 0)
(39.4556 1.59363 0)
(39.4615 1.59233 0)
(39.467 1.58888 0)
(39.4723 1.5835 0)
(39.4774 1.5763 0)
(39.4823 1.56732 0)
(39.4872 1.55656 0)
(39.4921 1.54399 0)
(39.497 1.5296 0)
(39.5018 1.51336 0)
(39.5067 1.49526 0)
(39.5116 1.47533 0)
(39.5165 1.45363 0)
(39.5214 1.43026 0)
(39.5262 1.40533 0)
(39.5311 1.37905 0)
(39.5358 1.35171 0)
(39.5403 1.32357 0)
(39.5448 1.29468 0)
(39.549 1.26516 0)
(39.5531 1.2352 0)
(39.557 1.20505 0)
(39.5606 1.17494 0)
(39.5639 1.14503 0)
(39.567 1.11547 0)
(39.5698 1.08652 0)
(39.5724 1.05846 0)
(39.5759 1.03162 0)
(39.5924 1.00645 0)
)
;

boundaryField
{
    inlet
    {
        type            fixedValue;
        value           uniform (39.53 0 0);
    }
    outlet
    {
        type            zeroGradient;
    }
    plate
    {
        type            noSlip;
    }
    farfield
    {
        type            fixedValue;
        value           uniform (39.53 0 0);
    }
    upstreamSlip
    {
        type            symmetry;
    }
    frontAndBack
    {
        type            empty;
    }
}


// ************************************************************************* //
