/*--------------------------------*- C++ -*----------------------------------*\
| =========                 |                                                 |
| \\      /  F ield         | OpenFOAM: The Open Source CFD Toolbox           |
|  \\    /   O peration     | Version:  2512                                  |
|   \\  /    A nd           | Website:  www.openfoam.com                      |
|    \\/     M anipulation  |                                                 |
\*---------------------------------------------------------------------------*/
FoamFile
{
    version     2.0;
    format      ascii;
    arch        "LSB;label=32;scalar=64";
    class       volVectorField;
    location    "0.249985";
    object      wallShearStress;
}
// * * * * * * * * * * * * * * * * * * * * * * * * * * * * * * * * * * * * * //

dimensions      [1 -1 -2 0 0 0 0];

internalField   uniform (0 0 0);

boundaryField
{
    inlet
    {
        type            calculated;
        value           uniform (0 0 0);
    }
    outlet
    {
        type            calculated;
        value           uniform (0 0 0);
    }
    top
    {
        type            calculated;
        value           uniform (0 0 0);
    }
    upstreamWall
    {
        type            symmetryPlane;
    }
    plate
    {
        type            calculated;
        value           nonuniform List<vector> 
96
(
(-10.941089 -0.061360888 0)
(-15.751748 -0.14487368 0)
(-15.993203 -0.1604386 0)
(-13.994869 -0.10640289 0)
(-12.289402 -0.042890778 0)
(-11.398764 0.00093368527 0)
(-11.360293 0.017699483 0)
(-11.530109 0.015799694 0)
(-11.72189 0.0092010906 0)
(-11.743304 0.0027557324 0)
(-11.659924 -0.00096613589 0)
(-11.516375 -0.0024994833 0)
(-11.346536 -0.0030215144 0)
(-11.168688 -0.0032114788 0)
(-10.985669 -0.0032704831 0)
(-10.800457 -0.0032055828 0)
(-10.620123 -0.0030316274 0)
(-10.446504 -0.0028228 0)
(-10.27919 -0.0026207113 0)
(-10.118606 -0.0024248923 0)
(-9.9650473 -0.0022375635 0)
(-9.8182596 -0.002049248 0)
(-9.6798007 -0.0018639238 0)
(-9.5485197 -0.0017030473 0)
(-9.4229208 -0.0015663902 0)
(-9.3024175 -0.0014456961 0)
(-9.1867544 -0.0013320969 0)
(-9.076184 -0.0012219478 0)
(-8.9708559 -0.0011227642 0)
(-8.8695502 -0.0010371551 0)
(-8.7719137 -0.00096185371 0)
(-8.6774758 -0.00089092996 0)
(-8.5867685 -0.00082381547 0)
(-8.4992381 -0.0007634233 0)
(-8.4146695 -0.0007096377 0)
(-8.3325495 -0.00066101091 0)
(-8.2529776 -0.0006146398 0)
(-8.1759858 -0.00057228502 0)
(-8.1010936 -0.00053423387 0)
(-8.028235 -0.00049893104 0)
(-7.9573651 -0.00046576301 0)
(-7.8884496 -0.00043563821 0)
(-7.8211117 -0.00040836473 0)
(-7.7553554 -0.0003825065 0)
(-7.6912367 -0.00035823024 0)
(-7.6286008 -0.00033618441 0)
(-7.567248 -0.00031577147 0)
(-7.5072432 -0.00029640732 0)
(-7.448534 -0.00027852408 0)
(-7.3909688 -0.00026202734 0)
(-7.3345216 -0.00024654397 0)
(-7.2791633 -0.00023212147 0)
(-7.2247944 -0.00021862013 0)
(-7.171448 -0.00020602213 0)
(-7.1189752 -0.00019432891 0)
(-7.067407 -0.00018319156 0)
(-7.0167345 -0.00017290469 0)
(-6.9668079 -0.00016329036 0)
(-6.9176886 -0.00015413335 0)
(-6.869353 -0.0001456076 0)
(-6.8216953 -0.00013762802 0)
(-6.7747669 -0.00013009156 0)
(-6.7284782 -0.00012299118 0)
(-6.6828859 -0.00011634988 0)
(-6.6378517 -0.00011003681 0)
(-6.5935229 -0.00010410904 0)
(-6.5496965 -9.8565842e-05 0)
(-6.5064971 -9.3300124e-05 0)
(-6.4638054 -8.8352361e-05 0)
(-6.4216886 -8.3696754e-05 0)
(-6.3800285 -7.9274688e-05 0)
(-6.338955 -7.5114588e-05 0)
(-6.2982741 -7.1180271e-05 0)
(-6.25818 -6.7466509e-05 0)
(-6.2184294 -6.39541e-05 0)
(-6.1792606 -6.0647097e-05 0)
(-6.1403808 -5.750074e-05 0)
(-6.1020998 -5.4541545e-05 0)
(-6.0640474 -5.172752e-05 0)
(-6.0266148 -4.9078144e-05 0)
(-5.9893459 -4.6559735e-05 0)
(-5.9527256 -4.4187945e-05 0)
(-5.9161959 -4.1925503e-05 0)
(-5.8803642 -3.9796808e-05 0)
(-5.8445432 -3.7770343e-05 0)
(-5.8094629 -3.5859764e-05 0)
(-5.7743186 -3.4037683e-05 0)
(-5.7399694 -3.2332117e-05 0)
(-5.7054472 -3.0690708e-05 0)
(-5.6718177 -2.9178725e-05 0)
(-5.6378423 -2.7692767e-05 0)
(-5.6049183 -2.630969e-05 0)
(-5.5716019 -2.5519986e-05 0)
(-5.5375992 -2.2441836e-05 0)
(-5.5112073 -2.668228e-05 0)
(-5.4582744 -1.8714236e-05 0)
)
;
    }
    frontAndBack
    {
        type            empty;
    }
}


// ************************************************************************* //
