/*--------------------------------*- C++ -*----------------------------------*\
| =========                 |                                                 |
| \\      /  F ield         | OpenFOAM: The Open Source CFD Toolbox           |
|  \\    /   O peration     | Version:  2512                                  |
|   \\  /    A nd           | Website:  www.openfoam.com                      |
|    \\/     M anipulation  |                                                 |
\*---------------------------------------------------------------------------*/
FoamFile
{
    version     2.0;
    format      ascii;
    arch        "LSB;label=32;scalar=64";
    class       surfaceScalarField;
    location    "0.0349697";
    object      phi;
}
// * * * * * * * * * * * * * * * * * * * * * * * * * * * * * * * * * * * * * //

dimensions      [1 0 -1 0 0 0 0];

oriented        oriented;

internalField   nonuniform List<scalar> 
3514
(
1.07551e-06
8.91826e-11
1.07534e-06
1.70059e-10
1.07506e-06
2.78774e-10
1.07465e-06
4.12369e-10
1.07405e-06
5.94736e-10
1.07317e-06
8.78461e-10
1.07182e-06
1.3549e-09
1.06882e-06
3.00013e-09
1.06421e-06
4.61224e-09
4.00039e-07
6.64168e-07
1.2027e-06
1.889e-10
1.20251e-06
3.60236e-10
1.20219e-06
5.90508e-10
1.20173e-06
8.73488e-10
1.20107e-06
1.25978e-09
1.20009e-06
1.86072e-09
1.19857e-06
2.86998e-09
1.19522e-06
6.34598e-09
1.19014e-06
9.69532e-09
6.71437e-07
9.18744e-07
1.34492e-06
2.99945e-10
1.34471e-06
5.7327e-10
1.34436e-06
9.3893e-10
1.34385e-06
1.38879e-09
1.34311e-06
2.00294e-09
1.34201e-06
2.95752e-09
1.34032e-06
4.56322e-09
1.33665e-06
1.00117e-08
1.33081e-06
1.55378e-08
8.51792e-07
1.15045e-06
1.50397e-06
4.23549e-10
1.50373e-06
8.11945e-10
1.50335e-06
1.32833e-09
1.50277e-06
1.9646e-09
1.50194e-06
2.83329e-09
1.50072e-06
4.18193e-09
1.49882e-06
6.45531e-09
1.49482e-06
1.40129e-08
1.4881e-06
2.22547e-08
9.67896e-07
1.372e-06
1.68183e-06
5.61073e-10
1.68156e-06
1.07938e-09
1.68113e-06
1.7635e-09
1.68049e-06
2.60794e-09
1.67956e-06
3.76097e-09
1.67819e-06
5.5485e-09
1.67608e-06
8.56923e-09
1.67172e-06
1.83677e-08
1.66401e-06
2.99712e-08
1.03897e-06
1.59293e-06
1.88072e-06
7.14033e-10
1.88042e-06
1.37907e-09
1.87994e-06
2.2498e-09
1.87922e-06
3.32668e-09
1.87818e-06
4.79727e-09
1.87666e-06
7.07342e-09
1.87429e-06
1.09304e-08
1.86956e-06
2.3098e-08
1.86072e-06
3.88162e-08
1.07899e-06
1.8207e-06
2.10313e-06
8.84124e-10
2.1028e-06
1.7149e-09
2.10225e-06
2.79318e-09
2.10145e-06
4.12958e-09
2.10029e-06
5.9548e-09
2.09859e-06
8.77469e-09
2.09596e-06
1.35668e-08
2.09082e-06
2.82306e-08
2.08072e-06
4.89157e-08
1.09812e-06
2.0616e-06
2.35185e-06
1.07325e-09
2.35147e-06
2.09121e-09
2.35086e-06
3.40034e-09
2.34997e-06
5.02642e-09
2.34867e-06
7.24758e-09
2.34678e-06
1.06724e-08
2.34383e-06
1.65093e-08
2.33827e-06
3.37985e-08
2.32679e-06
6.03861e-08
1.10357e-06
2.32134e-06
2.62997e-06
1.28355e-09
2.62955e-06
2.51282e-09
2.62887e-06
4.07871e-09
2.62787e-06
6.02812e-09
2.62643e-06
8.69125e-09
2.62431e-06
1.2789e-08
2.62103e-06
1.97916e-08
2.61498e-06
3.98423e-08
2.60204e-06
7.33276e-08
1.1003e-06
2.60531e-06
2.94099e-06
1.51744e-09
2.94052e-06
2.98507e-09
2.93976e-06
4.83661e-09
2.93864e-06
7.14683e-09
2.93703e-06
1.03032e-08
2.93467e-06
1.51492e-08
2.93101e-06
2.34507e-08
2.92444e-06
4.64104e-08
2.90995e-06
8.78161e-08
1.0915e-06
2.91876e-06
3.28879e-06
1.77766e-09
3.28826e-06
3.51389e-09
3.28741e-06
5.68333e-09
3.28616e-06
8.39609e-09
3.28436e-06
1.21029e-08
3.28173e-06
1.77808e-08
3.27765e-06
2.75266e-08
3.2705e-06
5.35592e-08
3.25442e-06
1.03897e-07
1.07909e-06
3.26683e-06
3.67771e-06
2.06726e-09
3.67712e-06
4.10583e-09
3.67617e-06
6.62918e-09
3.67478e-06
9.79098e-09
3.67277e-06
1.41116e-08
3.66984e-06
2.07142e-08
3.6653e-06
3.20629e-08
3.65751e-06
6.13525e-08
3.63983e-06
1.21578e-07
1.06416e-06
3.65475e-06
4.11263e-06
2.38972e-09
4.11197e-06
4.76815e-09
4.11091e-06
7.68565e-09
4.10936e-06
1.13482e-08
4.10711e-06
1.63532e-08
4.10385e-06
2.39832e-08
4.0988e-06
3.71064e-08
4.09029e-06
6.986e-08
4.07105e-06
1.40822e-07
1.04729e-06
4.08792e-06
4.59898e-06
2.74891e-09
4.59824e-06
5.50884e-09
4.59706e-06
8.86548e-09
4.59533e-06
1.30863e-08
4.59283e-06
1.88539e-08
4.58918e-06
2.76245e-08
4.58358e-06
4.27074e-08
4.57429e-06
7.91547e-08
4.55356e-06
1.61546e-07
1.02878e-06
4.57207e-06
5.14285e-06
3.14917e-09
5.14202e-06
6.33675e-09
5.14071e-06
1.01828e-08
5.13877e-06
1.50256e-08
5.13598e-06
2.16424e-08
5.13193e-06
3.16783e-08
5.12571e-06
4.89186e-08
5.11556e-06
8.93102e-08
5.09349e-06
1.83613e-07
1.00883e-06
5.11345e-06
5.75104e-06
3.59531e-09
5.75011e-06
7.26161e-09
5.74864e-06
1.1653e-08
5.74648e-06
1.71885e-08
5.74337e-06
2.475e-08
5.73886e-06
3.61878e-08
5.73199e-06
5.5795e-08
5.7209e-06
1.00396e-07
5.69768e-06
2.06835e-07
9.87571e-07
5.71893e-06
6.43114e-06
4.09269e-09
6.43011e-06
8.29409e-09
6.42847e-06
1.32934e-08
6.42606e-06
1.95997e-08
6.4226e-06
2.82109e-08
6.41759e-06
4.1199e-08
6.40999e-06
6.33926e-08
6.39791e-06
1.12472e-07
6.37378e-06
2.30972e-07
9.65184e-07
6.39617e-06
7.19168e-06
4.64719e-09
7.19053e-06
9.44587e-09
7.1887e-06
1.51223e-08
7.18601e-06
2.22856e-08
7.18216e-06
3.20615e-08
7.1766e-06
4.67602e-08
7.16823e-06
7.17667e-08
7.15512e-06
1.25585e-07
7.13035e-06
2.55733e-07
9.41849e-07
7.15369e-06
8.04216e-06
5.26524e-09
8.04087e-06
1.07297e-08
8.03883e-06
1.71601e-08
8.03584e-06
2.52749e-08
8.03157e-06
3.63408e-08
8.0254e-06
5.29214e-08
8.0162e-06
8.09698e-08
8.00203e-06
1.39757e-07
7.97698e-06
2.80785e-07
9.17776e-07
8.00105e-06
8.99321e-06
5.95387e-09
8.99178e-06
1.21593e-08
8.98951e-06
1.94282e-08
8.98619e-06
2.85981e-08
8.98144e-06
4.10892e-08
8.97463e-06
5.97326e-08
8.96455e-06
9.10483e-08
8.94932e-06
1.54984e-07
8.92434e-06
3.05763e-07
8.93189e-07
8.94893e-06
1.00567e-05
6.72061e-09
1.00551e-05
1.37494e-08
1.00526e-05
2.19498e-08
1.00489e-05
3.2287e-08
1.00437e-05
4.63482e-08
1.00362e-05
6.72422e-08
1.00252e-05
1.02039e-07
1.00089e-05
1.71223e-07
9.98441e-06
3.30279e-07
8.68324e-07
1.00093e-05
1.1246e-05
7.5735e-09
1.12443e-05
1.55155e-08
1.12415e-05
2.47485e-08
1.12374e-05
3.63745e-08
1.12316e-05
5.21592e-08
1.12233e-05
7.54947e-08
1.12114e-05
1.13964e-07
1.11942e-05
1.88393e-07
1.11705e-05
3.5394e-07
8.43416e-07
1.11955e-05
1.2576e-05
8.52095e-09
1.2574e-05
1.74739e-08
1.25709e-05
2.78488e-08
1.25664e-05
4.08929e-08
1.256e-05
5.85611e-08
1.25509e-05
8.45269e-08
1.25381e-05
1.26824e-07
1.25201e-05
2.06362e-07
1.24977e-05
3.76366e-07
8.18687e-07
1.25224e-05
1.40632e-05
9.57163e-09
1.4061e-05
1.96409e-08
1.40576e-05
3.12746e-08
1.40526e-05
4.58733e-08
1.40456e-05
6.55887e-08
1.40357e-05
9.43641e-08
1.4022e-05
1.40596e-07
1.40034e-05
2.24951e-07
1.39825e-05
3.97209e-07
7.94343e-07
1.40069e-05
1.57263e-05
1.07342e-08
1.57239e-05
2.20326e-08
1.57201e-05
3.50483e-08
1.57146e-05
5.13428e-08
1.57069e-05
7.32684e-08
1.56963e-05
1.05015e-07
1.56817e-05
1.5522e-07
1.56627e-05
2.43936e-07
1.56437e-05
4.16173e-07
7.70564e-07
1.56675e-05
1.7586e-05
1.20171e-08
1.75834e-05
2.46637e-08
1.75793e-05
3.91889e-08
1.75733e-05
5.73222e-08
1.75649e-05
8.16148e-08
1.75535e-05
1.16464e-07
1.75381e-05
1.70602e-07
1.7519e-05
2.63049e-07
1.75021e-05
4.33032e-07
7.47507e-07
1.75252e-05
1.96657e-05
1.34279e-08
1.96629e-05
2.75465e-08
1.96583e-05
4.37097e-08
1.96518e-05
6.3822e-08
1.96428e-05
9.06248e-08
1.96306e-05
1.2867e-07
1.96146e-05
1.86601e-07
1.95957e-05
2.81997e-07
1.95811e-05
4.47646e-07
7.25308e-07
1.96033e-05
2.19914e-05
1.4973e-08
2.19883e-05
3.06894e-08
2.19833e-05
4.86153e-08
2.19763e-05
7.08372e-08
2.19667e-05
1.00271e-07
2.19538e-05
1.4155e-07
2.19374e-05
2.03035e-07
2.19189e-05
3.00471e-07
2.19066e-05
4.5997e-07
7.04095e-07
2.19278e-05
2.45921e-05
1.66572e-08
2.45887e-05
3.40945e-08
2.45834e-05
5.38967e-08
2.45759e-05
7.83419e-08
2.45657e-05
1.10495e-07
2.45522e-05
1.54984e-07
2.45356e-05
2.19677e-07
2.45179e-05
3.18173e-07
2.45078e-05
4.70058e-07
6.83997e-07
2.45279e-05
2.75003e-05
1.84832e-08
2.74967e-05
3.7755e-08
2.7491e-05
5.95264e-08
2.74831e-05
8.6281e-08
2.74724e-05
1.21199e-07
2.74586e-05
1.68802e-07
2.7442e-05
2.36271e-07
2.74253e-05
3.34841e-07
2.74173e-05
4.7808e-07
6.65191e-07
2.74361e-05
3.07525e-05
2.04525e-08
3.07486e-05
4.16522e-08
3.07427e-05
6.54503e-08
3.07344e-05
9.45612e-08
3.07234e-05
1.32232e-07
3.07094e-05
1.82769e-07
3.06932e-05
2.52502e-07
3.06778e-05
3.50215e-07
3.06717e-05
4.84219e-07
6.47782e-07
3.06891e-05
3.43893e-05
2.25682e-08
3.43852e-05
4.57506e-08
3.43791e-05
7.15807e-08
3.43706e-05
1.0306e-07
3.43594e-05
1.43445e-07
3.43454e-05
1.96727e-07
3.43297e-05
2.68259e-07
3.43154e-05
3.64432e-07
3.43105e-05
4.89206e-07
6.32534e-07
3.43257e-05
3.84562e-05
2.48448e-08
3.8452e-05
4.99818e-08
3.84458e-05
7.76866e-08
3.84376e-05
1.11332e-07
3.84269e-05
1.54121e-07
3.8414e-05
2.09669e-07
3.83999e-05
2.82309e-07
3.83881e-05
3.76219e-07
3.83854e-05
4.91923e-07
6.17753e-07
3.84002e-05
4.30039e-05
2.73848e-08
4.29992e-05
5.46642e-08
4.29924e-05
8.45086e-08
4.29831e-05
1.2064e-07
4.29711e-05
1.66107e-07
4.29566e-05
2.24131e-07
4.29408e-05
2.98093e-07
4.29268e-05
3.90281e-07
4.292e-05
4.98729e-07
6.11327e-07
4.29264e-05
4.80908e-05
2.87739e-08
4.80889e-05
5.65904e-08
4.80862e-05
8.71809e-08
4.80825e-05
1.24415e-07
4.80776e-05
1.70933e-07
4.80722e-05
2.29594e-07
4.80673e-05
3.02934e-07
4.80658e-05
3.91773e-07
4.80721e-05
4.92488e-07
5.93188e-07
4.80902e-05
5.37682e-05
5.37583e-05
5.37447e-05
5.37274e-05
5.3706e-05
5.36798e-05
5.36494e-05
5.36171e-05
5.35878e-05
5.3568e-05
1.93082e-07
4.71086e-07
1.0272e-07
9.03628e-08
7.75818e-08
2.51378e-08
6.50043e-08
1.25775e-08
5.71804e-08
7.82394e-09
5.16743e-08
5.50605e-09
4.75042e-08
4.17012e-09
4.42055e-08
3.29866e-09
4.15169e-08
2.68867e-09
3.92727e-08
2.24414e-09
3.73627e-08
1.91004e-09
3.57111e-08
1.65167e-09
3.42641e-08
1.447e-09
3.29826e-08
1.28145e-09
3.18372e-08
1.14544e-09
3.08053e-08
1.03193e-09
2.98691e-08
9.36226e-10
2.90147e-08
8.54398e-10
2.82306e-08
7.84099e-10
2.75078e-08
7.22776e-10
2.68385e-08
6.6933e-10
2.62166e-08
6.21869e-10
2.56366e-08
5.80072e-10
2.50941e-08
5.42388e-10
2.45853e-08
5.08959e-10
2.41068e-08
4.78328e-10
2.36559e-08
4.51063e-10
2.32302e-08
4.25536e-10
2.28275e-08
4.02853e-10
2.24461e-08
3.81218e-10
2.20843e-08
3.61849e-10
2.17409e-08
3.43173e-10
2.14148e-08
3.26016e-10
2.11053e-08
3.09433e-10
2.08116e-08
2.93293e-10
2.05334e-08
2.78354e-10
2.02762e-08
2.56432e-10
2.00711e-08
2.05686e-10
1.97012e-08
3.66918e-10
5.34845e-10
5.25892e-07
8.63937e-07
3.48603e-07
2.67653e-07
2.69472e-07
1.04269e-07
2.26499e-07
5.55505e-08
1.99325e-07
3.49976e-08
1.80159e-07
2.46724e-08
1.65646e-07
1.86828e-08
1.54161e-07
1.47835e-08
1.44793e-07
1.20572e-08
1.36968e-07
1.00686e-08
1.30307e-07
8.57173e-09
1.24545e-07
7.41326e-09
1.19497e-07
6.49502e-09
1.15026e-07
5.75226e-09
1.1103e-07
5.14169e-09
1.0743e-07
4.63229e-09
1.04163e-07
4.20248e-09
1.01182e-07
3.83536e-09
9.84471e-08
3.51944e-09
9.59254e-08
3.2444e-09
9.35907e-08
3.00405e-09
9.14211e-08
2.7914e-09
8.93979e-08
2.60336e-09
8.75055e-08
2.43462e-09
8.57305e-08
2.28416e-09
8.40615e-08
2.14718e-09
8.24887e-08
2.0241e-09
8.10035e-08
1.91051e-09
7.95986e-08
1.80789e-09
7.82677e-08
1.71186e-09
7.70053e-08
1.6243e-09
7.58068e-08
1.54136e-09
7.46684e-08
1.46434e-09
7.35873e-08
1.3903e-09
7.25612e-08
1.31901e-09
7.15887e-08
1.25085e-09
7.06879e-08
1.15639e-09
6.99391e-08
9.54902e-10
6.86628e-08
1.64007e-09
1.9623e-09
8.45434e-07
1.16896e-06
6.40506e-07
4.72581e-07
5.17367e-07
2.27407e-07
4.40708e-07
1.3221e-07
3.89637e-07
8.60683e-08
3.5292e-07
6.13889e-08
3.24896e-07
4.67073e-08
3.02613e-07
3.70661e-08
2.84375e-07
3.02958e-08
2.69105e-07
2.53383e-08
2.56082e-07
2.15942e-08
2.44806e-07
1.86896e-08
2.34918e-07
1.63834e-08
2.26154e-07
1.4516e-08
2.18316e-07
1.29792e-08
2.11252e-07
1.16964e-08
2.04842e-07
1.06131e-08
1.98989e-07
9.68772e-09
1.93618e-07
8.89065e-09
1.88666e-07
8.19701e-09
1.8408e-07
7.59014e-09
1.79817e-07
7.05382e-09
1.75842e-07
6.57872e-09
1.72123e-07
6.15326e-09
1.68635e-07
5.77264e-09
1.65354e-07
5.42747e-09
1.62262e-07
5.11604e-09
1.59343e-07
4.83013e-09
1.5658e-07
4.57032e-09
1.53963e-07
4.32886e-09
1.5148e-07
4.10731e-09
1.49122e-07
3.89892e-09
1.46882e-07
3.70444e-09
1.44754e-07
3.51849e-09
1.42733e-07
3.33976e-09
1.40817e-07
3.167e-09
1.39037e-07
2.93506e-09
1.375e-07
2.49303e-09
1.35103e-07
4.0334e-09
4.29816e-09
1.15042e-06
1.39054e-06
9.57344e-07
6.65657e-07
8.13259e-07
3.71492e-07
7.09384e-07
2.36086e-07
6.34136e-07
1.61316e-07
5.77663e-07
1.17862e-07
5.33584e-07
9.07862e-08
4.9807e-07
7.25801e-08
4.68744e-07
5.96221e-08
4.44039e-07
5.00434e-08
4.22876e-07
4.27572e-08
4.04491e-07
3.70749e-08
3.88328e-07
3.25458e-08
3.73977e-07
2.88677e-08
3.61122e-07
2.58339e-08
3.49521e-07
2.32971e-08
3.38983e-07
2.11513e-08
3.29354e-07
1.93165e-08
3.20511e-07
1.7734e-08
3.12352e-07
1.63562e-08
3.04793e-07
1.51494e-08
2.97764e-07
1.40829e-08
2.91205e-07
1.31369e-08
2.85068e-07
1.22903e-08
2.79309e-07
1.15317e-08
2.73892e-07
1.08446e-08
2.68785e-07
1.02234e-08
2.6396e-07
9.65444e-09
2.59395e-07
9.1359e-09
2.55068e-07
8.65561e-09
2.50962e-07
8.21356e-09
2.47061e-07
7.79921e-09
2.43354e-07
7.41189e-09
2.39829e-07
7.0425e-09
2.36481e-07
6.68819e-09
2.33305e-07
6.34275e-09
2.30345e-07
5.8939e-09
2.27694e-07
5.14481e-09
2.23982e-07
7.74203e-09
7.60454e-09
1.44257e-06
1.54089e-06
1.28219e-06
8.26042e-07
1.14107e-06
5.12605e-07
1.02478e-06
3.52385e-07
9.31963e-07
2.54128e-07
8.57751e-07
1.92074e-07
7.97475e-07
1.51062e-07
7.47647e-07
1.22409e-07
7.05771e-07
1.01497e-07
6.70051e-07
8.57641e-08
6.3917e-07
7.36377e-08
6.12158e-07
6.4087e-08
5.88286e-07
5.64179e-08
5.67e-07
5.01541e-08
5.4787e-07
4.49641e-08
5.30558e-07
4.06083e-08
5.14797e-07
3.69128e-08
5.00368e-07
3.3745e-08
4.87095e-07
3.10069e-08
4.74832e-07
2.86193e-08
4.63458e-07
2.65241e-08
4.52869e-07
2.4671e-08
4.42982e-07
2.30248e-08
4.33721e-07
2.15509e-08
4.25025e-07
2.0228e-08
4.16839e-07
1.90303e-08
4.09117e-07
1.79456e-08
4.01818e-07
1.69531e-08
3.94907e-07
1.60468e-08
3.88354e-07
1.52087e-08
3.82132e-07
1.44358e-08
3.76218e-07
1.37129e-08
3.70594e-07
1.30363e-08
3.65243e-07
1.23926e-08
3.60155e-07
1.17757e-08
3.55328e-07
1.11707e-08
3.50811e-07
1.041e-08
3.46641e-07
9.31485e-09
3.41384e-07
1.29972e-08
1.19432e-08
1.72681e-06
1.63478e-06
1.60578e-06
9.47077e-07
1.48441e-06
6.33967e-07
1.37219e-06
4.6461e-07
1.27375e-06
3.52572e-07
1.18908e-06
2.7674e-07
1.11653e-06
2.23609e-07
1.05419e-06
1.84751e-07
1.00029e-06
1.55394e-07
9.53342e-07
1.32717e-07
9.121e-07
1.1488e-07
8.75579e-07
1.00608e-07
8.42992e-07
8.90054e-08
8.1371e-07
7.94365e-08
7.87229e-07
7.14451e-08
7.63142e-07
6.46952e-08
7.41117e-07
5.89376e-08
7.20881e-07
5.39805e-08
7.02209e-07
4.9679e-08
6.84912e-07
4.59166e-08
6.68831e-07
4.26055e-08
6.53831e-07
3.96705e-08
6.39799e-07
3.7057e-08
6.26636e-07
3.47138e-08
6.14258e-07
3.26065e-08
6.02591e-07
3.0697e-08
5.91572e-07
2.89643e-08
5.81146e-07
2.73789e-08
5.71265e-07
2.59282e-08
5.61886e-07
2.45876e-08
5.52972e-07
2.33493e-08
5.44493e-07
2.21921e-08
5.36421e-07
2.11082e-08
5.28735e-07
2.00784e-08
5.21419e-07
1.9092e-08
5.14469e-07
1.81202e-08
5.0794e-07
1.69388e-08
5.01777e-07
1.54782e-08
4.94686e-07
2.00852e-08
1.7405e-08
2.0099e-06
1.68648e-06
1.92604e-06
1.03094e-06
1.83219e-06
7.27814e-07
1.73635e-06
5.60449e-07
1.64476e-06
4.44165e-07
1.56006e-06
3.61442e-07
1.48302e-06
3.00646e-07
1.41358e-06
2.54193e-07
1.35122e-06
2.17749e-07
1.29524e-06
1.88692e-07
1.24489e-06
1.65231e-07
1.19945e-06
1.46052e-07
1.15827e-06
1.30183e-07
1.1208e-06
1.16905e-07
1.08657e-06
1.05682e-07
1.05516e-06
9.61067e-08
1.02622e-06
8.78699e-08
9.99476e-07
8.07276e-08
9.74663e-07
7.44914e-08
9.51572e-07
6.90082e-08
9.30017e-07
6.416e-08
9.09842e-07
5.98461e-08
8.90908e-07
5.59905e-08
8.73098e-07
5.25238e-08
8.56308e-07
4.93965e-08
8.40448e-07
4.65571e-08
8.25438e-07
4.3974e-08
8.11209e-07
4.16076e-08
7.97701e-07
3.94372e-08
7.84858e-07
3.74303e-08
7.72634e-07
3.55728e-08
7.60989e-07
3.3837e-08
7.49888e-07
3.22094e-08
7.39302e-07
3.0664e-08
7.29211e-07
2.91834e-08
7.19611e-07
2.77198e-08
7.10551e-07
2.59991e-08
7.01872e-07
2.41568e-08
6.92603e-07
2.93523e-08
2.41204e-08
2.29953e-06
1.70829e-06
2.24619e-06
1.08428e-06
2.18032e-06
7.93683e-07
2.10675e-06
6.34015e-07
2.03086e-06
5.20058e-07
1.95578e-06
4.36521e-07
1.88332e-06
3.73107e-07
1.81456e-06
3.22947e-07
1.75007e-06
2.82239e-07
1.69001e-06
2.48754e-07
1.63429e-06
2.20949e-07
1.58269e-06
1.97652e-07
1.53492e-06
1.7796e-07
1.49065e-06
1.61175e-07
1.44957e-06
1.4676e-07
1.41138e-06
1.34293e-07
1.37581e-06
1.23439e-07
1.34261e-06
1.1393e-07
1.31155e-06
1.05551e-07
1.28243e-06
9.8127e-08
1.25508e-06
9.15162e-08
1.22932e-06
8.55983e-08
1.20503e-06
8.02798e-08
1.18208e-06
7.54753e-08
1.16036e-06
7.11215e-08
1.13976e-06
6.71545e-08
1.1202e-06
6.35318e-08
1.10161e-06
6.02041e-08
1.0839e-06
5.71423e-08
1.06703e-06
5.43056e-08
1.05093e-06
5.16733e-08
1.03555e-06
4.92103e-08
1.02086e-06
4.68968e-08
1.00683e-06
4.4699e-08
9.93421e-07
4.25911e-08
9.80639e-07
4.05017e-08
9.68516e-07
3.81223e-08
9.56805e-07
3.58676e-08
9.44982e-07
4.11735e-08
3.22537e-08
2.60367e-06
1.70994e-06
2.57282e-06
1.11513e-06
2.53089e-06
8.3562e-07
2.47978e-06
6.8512e-07
2.42325e-06
5.76591e-07
2.36378e-06
4.95988e-07
2.30308e-06
4.33808e-07
2.24249e-06
3.83541e-07
2.18302e-06
3.41711e-07
2.12536e-06
3.0641e-07
2.06995e-06
2.76357e-07
2.01703e-06
2.50574e-07
1.96669e-06
2.28298e-07
1.91894e-06
2.08926e-07
1.87372e-06
1.91985e-07
1.83092e-06
1.77091e-07
1.79042e-06
1.63933e-07
1.7521e-06
1.52252e-07
1.71581e-06
1.41839e-07
1.68143e-06
1.32514e-07
1.64881e-06
1.24131e-07
1.61785e-06
1.16564e-07
1.58842e-06
1.0971e-07
1.56041e-06
1.03476e-07
1.53375e-06
9.77906e-08
1.50832e-06
9.2582e-08
1.48405e-06
8.77999e-08
1.46087e-06
8.33877e-08
1.4387e-06
7.93097e-08
1.41749e-06
7.55184e-08
1.39717e-06
7.19868e-08
1.37771e-06
6.86736e-08
1.35905e-06
6.55522e-08
1.34117e-06
6.25817e-08
1.32404e-06
5.97259e-08
1.30765e-06
5.68874e-08
1.29203e-06
5.37449e-08
1.27687e-06
5.10248e-08
1.26217e-06
5.58693e-08
4.19505e-08
2.93023e-06
1.69846e-06
2.9144e-06
1.13096e-06
2.89044e-06
8.59584e-07
2.85829e-06
7.1727e-07
2.82026e-06
6.14613e-07
2.77797e-06
5.3828e-07
2.7325e-06
4.79283e-07
2.68485e-06
4.31186e-07
2.63595e-06
3.90609e-07
2.58657e-06
3.55789e-07
2.53733e-06
3.25605e-07
2.48868e-06
2.99222e-07
2.44098e-06
2.75997e-07
2.39448e-06
2.55428e-07
2.34934e-06
2.37121e-07
2.30568e-06
2.20758e-07
2.26353e-06
2.06074e-07
2.22294e-06
1.9285e-07
2.18387e-06
1.80901e-07
2.14632e-06
1.70067e-07
2.11024e-06
1.60216e-07
2.07557e-06
1.51228e-07
2.04227e-06
1.43009e-07
2.01028e-06
1.35466e-07
1.97954e-06
1.2853e-07
1.95e-06
1.22128e-07
1.92159e-06
1.16208e-07
1.89427e-06
1.10712e-07
1.86797e-06
1.05601e-07
1.84267e-06
1.00824e-07
1.8183e-06
9.63505e-08
1.79484e-06
9.21354e-08
1.77225e-06
8.81469e-08
1.75049e-06
8.43376e-08
1.72956e-06
8.06608e-08
1.70945e-06
7.69936e-08
1.69017e-06
7.30257e-08
1.67142e-06
6.97756e-08
1.65374e-06
7.35512e-08
5.32637e-08
3.28678e-06
1.67852e-06
3.28002e-06
1.13771e-06
3.26808e-06
8.71529e-07
3.24983e-06
7.35516e-07
3.2267e-06
6.3775e-07
3.19963e-06
5.65346e-07
3.16911e-06
5.098e-07
3.13565e-06
4.64648e-07
3.09981e-06
4.26452e-07
3.06213e-06
3.93463e-07
3.02313e-06
3.64605e-07
2.98325e-06
3.39102e-07
2.94288e-06
3.16368e-07
2.90235e-06
2.95964e-07
2.86191e-06
2.77552e-07
2.82181e-06
2.60861e-07
2.78221e-06
2.45676e-07
2.74325e-06
2.31814e-07
2.70502e-06
2.19123e-07
2.66762e-06
2.07471e-07
2.63109e-06
1.96747e-07
2.59546e-06
1.86853e-07
2.56077e-06
1.77705e-07
2.52701e-06
1.69225e-07
2.49419e-06
1.61351e-07
2.4623e-06
1.54017e-07
2.43133e-06
1.47178e-07
2.40127e-06
1.40777e-07
2.37209e-06
1.34779e-07
2.34378e-06
1.29134e-07
2.31632e-06
1.23811e-07
2.28969e-06
1.18765e-07
2.26387e-06
1.13961e-07
2.23886e-06
1.09348e-07
2.21465e-06
1.04869e-07
2.19127e-06
1.0038e-07
2.16869e-06
9.56004e-08
2.14669e-06
9.17752e-08
2.12633e-06
9.39154e-08
6.60458e-08
3.68039e-06
1.65288e-06
3.67863e-06
1.13947e-06
3.67387e-06
8.76289e-07
3.66461e-06
7.44774e-07
3.65181e-06
6.50546e-07
3.63618e-06
5.80979e-07
3.61781e-06
5.28167e-07
3.59682e-06
4.85636e-07
3.57342e-06
4.49853e-07
3.54787e-06
4.1902e-07
3.52043e-06
3.92042e-07
3.49139e-06
3.68138e-07
3.46103e-06
3.46731e-07
3.4296e-06
3.27393e-07
3.39735e-06
3.09805e-07
3.36449e-06
2.9372e-07
3.33122e-06
2.78945e-07
3.29772e-06
2.6532e-07
3.26412e-06
2.52715e-07
3.23057e-06
2.41019e-07
3.19718e-06
2.30142e-07
3.16403e-06
2.19999e-07
3.13121e-06
2.10525e-07
3.09878e-06
2.01655e-07
3.0668e-06
1.93338e-07
3.0353e-06
1.85518e-07
3.00432e-06
1.78157e-07
2.97388e-06
1.71208e-07
2.94402e-06
1.6464e-07
2.91475e-06
1.58409e-07
2.88607e-06
1.52486e-07
2.85801e-06
1.46828e-07
2.83057e-06
1.41401e-07
2.80377e-06
1.36152e-07
2.77762e-06
1.31014e-07
2.75217e-06
1.25828e-07
2.72741e-06
1.20358e-07
2.70322e-06
1.15971e-07
2.68109e-06
1.16041e-07
7.98688e-08
4.11775e-06
1.62305e-06
4.11855e-06
1.13868e-06
4.11764e-06
8.77201e-07
4.11354e-06
7.48873e-07
4.107e-06
6.5709e-07
4.09874e-06
5.89236e-07
4.08876e-06
5.38146e-07
4.07697e-06
4.97425e-07
4.06336e-06
4.63465e-07
4.04797e-06
4.34412e-07
4.03087e-06
4.09138e-07
4.01217e-06
3.8684e-07
3.99198e-06
3.66919e-07
3.97044e-06
3.48936e-07
3.94768e-06
3.32565e-07
3.92384e-06
3.17555e-07
3.89907e-06
3.03716e-07
3.8735e-06
2.90893e-07
3.84725e-06
2.78961e-07
3.82045e-06
2.67818e-07
3.79321e-06
2.57381e-07
3.76563e-06
2.47577e-07
3.73781e-06
2.38346e-07
3.70983e-06
2.29634e-07
3.68177e-06
2.21398e-07
3.6537e-06
2.1359e-07
3.62568e-06
2.06179e-07
3.59777e-06
1.99124e-07
3.57001e-06
1.924e-07
3.54245e-06
1.85968e-07
3.51513e-06
1.79804e-07
3.48809e-06
1.73866e-07
3.46137e-06
1.68123e-07
3.435e-06
1.6252e-07
3.40903e-06
1.56985e-07
3.38351e-06
1.51345e-07
3.35846e-06
1.45412e-07
3.33388e-06
1.40554e-07
3.31157e-06
1.38341e-07
9.39982e-08
4.60541e-06
1.58972e-06
4.60754e-06
1.13655e-06
4.60848e-06
8.7626e-07
4.60704e-06
7.50309e-07
4.6038e-06
6.60336e-07
4.59964e-06
5.93395e-07
4.59461e-06
5.43176e-07
4.58858e-06
5.03455e-07
4.58146e-06
4.70585e-07
4.57319e-06
4.42676e-07
4.56375e-06
4.18581e-07
4.55312e-06
3.97475e-07
4.54129e-06
3.78742e-07
4.5283e-06
3.61924e-07
4.51419e-06
3.4668e-07
4.49899e-06
3.3275e-07
4.48278e-06
3.19932e-07
4.46561e-06
3.08064e-07
4.44755e-06
2.9702e-07
4.42867e-06
2.86692e-07
4.40906e-06
2.76997e-07
4.38877e-06
2.67862e-07
4.36789e-06
2.5923e-07
4.34648e-06
2.51046e-07
4.32461e-06
2.4327e-07
4.30234e-06
2.35859e-07
4.27973e-06
2.28783e-07
4.25685e-06
2.22005e-07
4.23375e-06
2.15501e-07
4.21048e-06
2.09237e-07
4.1871e-06
2.0319e-07
4.16364e-06
1.97321e-07
4.14017e-06
1.91597e-07
4.11672e-06
1.85963e-07
4.09337e-06
1.8034e-07
4.07017e-06
1.74548e-07
4.04714e-06
1.68436e-07
4.02444e-06
1.63261e-07
4.00396e-06
1.58818e-07
1.0752e-07
5.14999e-06
1.55318e-06
5.153e-06
1.13353e-06
5.15475e-06
8.7451e-07
5.1546e-06
7.5046e-07
5.15287e-06
6.62058e-07
5.15066e-06
5.95605e-07
5.14812e-06
5.45716e-07
5.14516e-06
5.06423e-07
5.14168e-06
4.74065e-07
5.13762e-06
4.46734e-07
5.13292e-06
4.23276e-07
5.12754e-06
4.0286e-07
5.12142e-06
3.8486e-07
5.11454e-06
3.68808e-07
5.10687e-06
3.54351e-07
5.0984e-06
3.4122e-07
5.08913e-06
3.29202e-07
5.07906e-06
3.18129e-07
5.06822e-06
3.07865e-07
5.05661e-06
2.98299e-07
5.04427e-06
2.8934e-07
5.03122e-06
2.80912e-07
5.0175e-06
2.72953e-07
5.00313e-06
2.65409e-07
4.98817e-06
2.58234e-07
4.97264e-06
2.51385e-07
4.95659e-06
2.44832e-07
4.94006e-06
2.38536e-07
4.92309e-06
2.32474e-07
4.90571e-06
2.26611e-07
4.88798e-06
2.20922e-07
4.86993e-06
2.15369e-07
4.85161e-06
2.09918e-07
4.83307e-06
2.0451e-07
4.81435e-06
1.99058e-07
4.79552e-06
1.9338e-07
4.77661e-06
1.87342e-07
4.75786e-06
1.82011e-07
4.74106e-06
1.75619e-07
1.19581e-07
5.75853e-06
1.51358e-06
5.7624e-06
1.12967e-06
5.76448e-06
8.72434e-07
5.76496e-06
7.49977e-07
5.76387e-06
6.63149e-07
5.76244e-06
5.97037e-07
5.76095e-06
5.47205e-07
5.75935e-06
5.08022e-07
5.75759e-06
4.75829e-07
5.75561e-06
4.48707e-07
5.75339e-06
4.25503e-07
5.75086e-06
4.05388e-07
5.74798e-06
3.87734e-07
5.74472e-06
3.7207e-07
5.74103e-06
3.58039e-07
5.73689e-06
3.45365e-07
5.73226e-06
3.33831e-07
5.72713e-06
3.23263e-07
5.72147e-06
3.13521e-07
5.71528e-06
3.04487e-07
5.70855e-06
2.96069e-07
5.70128e-06
2.88183e-07
5.69347e-06
2.80767e-07
5.68512e-06
2.73759e-07
5.67624e-06
2.67113e-07
5.66684e-06
2.60783e-07
5.65694e-06
2.54733e-07
5.64655e-06
2.48926e-07
5.63569e-06
2.43334e-07
5.62438e-06
2.37921e-07
5.61264e-06
2.32659e-07
5.6005e-06
2.27509e-07
5.58799e-06
2.22432e-07
5.57513e-06
2.17367e-07
5.56197e-06
2.1222e-07
5.54855e-06
2.06804e-07
5.5349e-06
2.00991e-07
5.5213e-06
1.95606e-07
5.50925e-06
1.8767e-07
1.29675e-07
6.43872e-06
1.47102e-06
6.44365e-06
1.12474e-06
6.44585e-06
8.7023e-07
6.44671e-06
7.49119e-07
6.44588e-06
6.6398e-07
6.44469e-06
5.98226e-07
6.44355e-06
5.48346e-07
6.44244e-06
5.09127e-07
6.44134e-06
4.76932e-07
6.44022e-06
4.49828e-07
6.43905e-06
4.26667e-07
6.43782e-06
4.06626e-07
6.43647e-06
3.89078e-07
6.43499e-06
3.73551e-07
6.43334e-06
3.59687e-07
6.4315e-06
3.47208e-07
6.42943e-06
3.35897e-07
6.42712e-06
3.25575e-07
6.42454e-06
3.16102e-07
6.42167e-06
3.07357e-07
6.41849e-06
2.99245e-07
6.415e-06
2.91681e-07
6.41117e-06
2.84597e-07
6.40699e-06
2.77934e-07
6.40246e-06
2.7164e-07
6.39758e-06
2.65668e-07
6.39233e-06
2.5998e-07
6.38672e-06
2.54536e-07
6.38075e-06
2.49306e-07
6.37442e-06
2.44252e-07
6.36774e-06
2.39344e-07
6.36071e-06
2.3454e-07
6.35334e-06
2.29798e-07
6.34565e-06
2.25053e-07
6.33767e-06
2.20206e-07
6.32941e-06
2.15066e-07
6.3209e-06
2.095e-07
6.31243e-06
2.04074e-07
6.30511e-06
1.94987e-07
1.37769e-07
7.19905e-06
1.42566e-06
7.20534e-06
1.11846e-06
7.2076e-06
8.67963e-07
7.20874e-06
7.47979e-07
7.20806e-06
6.64669e-07
7.20691e-06
5.99374e-07
7.20583e-06
5.49424e-07
7.20484e-06
5.10113e-07
7.20393e-06
4.77848e-07
7.20307e-06
4.50682e-07
7.20227e-06
4.27471e-07
7.2015e-06
4.07395e-07
7.20074e-06
3.89834e-07
7.19998e-06
3.74314e-07
7.19919e-06
3.60478e-07
7.19835e-06
3.48046e-07
7.19745e-06
3.36799e-07
7.19646e-06
3.26561e-07
7.19538e-06
3.17187e-07
7.19418e-06
3.08558e-07
7.19285e-06
3.00576e-07
7.19137e-06
2.93156e-07
7.18974e-06
2.86231e-07
7.18793e-06
2.79737e-07
7.18595e-06
2.73624e-07
7.18378e-06
2.67842e-07
7.1814e-06
2.62354e-07
7.17882e-06
2.57117e-07
7.17603e-06
2.52099e-07
7.17302e-06
2.47263e-07
7.16979e-06
2.42576e-07
7.16633e-06
2.37994e-07
7.16265e-06
2.33474e-07
7.15876e-06
2.28947e-07
7.15466e-06
2.24309e-07
7.15035e-06
2.1937e-07
7.14587e-06
2.13981e-07
7.14149e-06
2.08461e-07
7.13795e-06
1.98518e-07
1.44249e-07
8.04899e-06
1.37772e-06
8.057e-06
1.11045e-06
8.05933e-06
8.6563e-07
8.06072e-06
7.46584e-07
8.06016e-06
6.65227e-07
8.059e-06
6.00538e-07
8.05789e-06
5.50537e-07
8.05688e-06
5.11118e-07
8.05597e-06
4.78759e-07
8.05515e-06
4.51501e-07
8.05442e-06
4.282e-07
8.05377e-06
4.08047e-07
8.05318e-06
3.90423e-07
8.05264e-06
3.74855e-07
8.05214e-06
3.60984e-07
8.05165e-06
3.4853e-07
8.05118e-06
3.37275e-07
8.0507e-06
3.27039e-07
8.05021e-06
3.17679e-07
8.04969e-06
3.09074e-07
8.04914e-06
3.01125e-07
8.04855e-06
2.93749e-07
8.0479e-06
2.86875e-07
8.0472e-06
2.80441e-07
8.04643e-06
2.74396e-07
8.04558e-06
2.68689e-07
8.04465e-06
2.63283e-07
8.04364e-06
2.58134e-07
8.04252e-06
2.53211e-07
8.04131e-06
2.48474e-07
8.04e-06
2.4389e-07
8.03858e-06
2.39415e-07
8.03705e-06
2.35003e-07
8.03541e-06
2.30583e-07
8.03367e-06
2.2605e-07
8.03183e-06
2.21213e-07
8.0299e-06
2.15905e-07
8.02815e-06
2.10213e-07
8.02706e-06
1.99613e-07
1.4967e-07
8.99913e-06
1.32752e-06
9.00923e-06
1.10035e-06
9.01168e-06
8.63179e-07
9.01332e-06
7.4495e-07
9.01292e-06
6.65629e-07
9.01173e-06
6.01719e-07
9.01056e-06
5.51712e-07
9.0095e-06
5.12182e-07
9.00853e-06
4.79722e-07
9.00767e-06
4.5236e-07
9.00692e-06
4.28955e-07
9.00626e-06
4.08707e-07
9.00568e-06
3.90999e-07
9.00518e-06
3.7536e-07
9.00473e-06
3.6143e-07
9.00433e-06
3.48928e-07
9.00397e-06
3.37634e-07
9.00364e-06
3.27369e-07
9.00334e-06
3.17987e-07
9.00304e-06
3.09367e-07
9.00276e-06
3.0141e-07
9.00248e-06
2.9403e-07
9.00219e-06
2.87159e-07
9.0019e-06
2.80732e-07
9.0016e-06
2.74699e-07
9.00128e-06
2.69009e-07
9.00094e-06
2.63622e-07
9.00058e-06
2.58497e-07
9.00019e-06
2.536e-07
8.99977e-06
2.48892e-07
8.99932e-06
2.44339e-07
8.99884e-06
2.39897e-07
8.99833e-06
2.35517e-07
8.99778e-06
2.31129e-07
8.9972e-06
2.26624e-07
8.9966e-06
2.21815e-07
8.996e-06
2.16511e-07
8.99562e-06
2.1059e-07
8.99575e-06
1.9948e-07
1.54531e-07
1.00613e-05
1.27546e-06
1.00739e-05
1.0878e-06
1.00766e-05
8.60505e-07
1.00784e-05
7.43092e-07
1.00782e-05
6.65836e-07
1.0077e-05
6.02896e-07
1.00758e-05
5.52949e-07
1.00747e-05
5.13314e-07
1.00736e-05
4.80752e-07
1.00727e-05
4.53281e-07
1.00719e-05
4.29765e-07
1.00712e-05
4.09412e-07
1.00706e-05
3.91611e-07
1.00701e-05
3.7589e-07
1.00696e-05
3.6189e-07
1.00692e-05
3.49329e-07
1.00688e-05
3.37985e-07
1.00685e-05
3.27677e-07
1.00683e-05
3.18259e-07
1.0068e-05
3.0961e-07
1.00678e-05
3.01628e-07
1.00676e-05
2.94229e-07
1.00674e-05
2.87342e-07
1.00673e-05
2.80902e-07
1.00671e-05
2.74858e-07
1.00669e-05
2.6916e-07
1.00668e-05
2.63767e-07
1.00667e-05
2.58638e-07
1.00665e-05
2.53738e-07
1.00664e-05
2.49028e-07
1.00662e-05
2.44472e-07
1.00661e-05
2.40027e-07
1.0066e-05
2.35642e-07
1.00659e-05
2.31246e-07
1.00658e-05
2.2673e-07
1.00657e-05
2.21907e-07
1.00656e-05
2.16564e-07
1.00658e-05
2.10391e-07
1.00664e-05
1.98914e-07
1.59139e-07
1.12489e-05
1.22203e-06
1.12642e-05
1.07249e-06
1.12672e-05
8.57452e-07
1.12693e-05
7.41024e-07
1.12693e-05
6.6581e-07
1.12682e-05
6.04035e-07
1.12669e-05
5.54239e-07
1.12657e-05
5.14513e-07
1.12646e-05
4.81851e-07
1.12636e-05
4.54271e-07
1.12628e-05
4.30638e-07
1.1262e-05
4.10173e-07
1.12613e-05
3.92271e-07
1.12608e-05
3.76462e-07
1.12603e-05
3.62385e-07
1.12598e-05
3.49758e-07
1.12595e-05
3.38357e-07
1.12591e-05
3.28001e-07
1.12589e-05
3.18542e-07
1.12586e-05
3.09857e-07
1.12584e-05
3.01845e-07
1.12582e-05
2.94419e-07
1.1258e-05
2.87509e-07
1.12579e-05
2.81049e-07
1.12578e-05
2.74987e-07
1.12576e-05
2.69273e-07
1.12576e-05
2.63865e-07
1.12575e-05
2.58721e-07
1.12574e-05
2.53807e-07
1.12573e-05
2.49082e-07
1.12573e-05
2.4451e-07
1.12573e-05
2.40048e-07
1.12573e-05
2.35643e-07
1.12573e-05
2.31224e-07
1.12574e-05
2.26679e-07
1.12574e-05
2.21825e-07
1.12576e-05
2.16424e-07
1.1258e-05
2.10006e-07
1.12586e-05
1.98324e-07
1.63604e-07
1.25766e-05
1.16781e-06
1.25949e-05
1.05419e-06
1.25986e-05
8.5381e-07
1.26008e-05
7.38755e-07
1.26011e-05
6.65512e-07
1.26001e-05
6.05094e-07
1.25988e-05
5.55565e-07
1.25975e-05
5.15773e-07
1.25963e-05
4.83015e-07
1.25953e-05
4.55327e-07
1.25943e-05
4.31575e-07
1.25935e-05
4.10992e-07
1.25928e-05
3.92982e-07
1.25922e-05
3.77079e-07
1.25917e-05
3.62919e-07
1.25912e-05
3.50221e-07
1.25908e-05
3.38759e-07
1.25904e-05
3.2835e-07
1.25901e-05
3.18845e-07
1.25899e-05
3.10121e-07
1.25897e-05
3.02075e-07
1.25895e-05
2.94619e-07
1.25893e-05
2.87682e-07
1.25891e-05
2.812e-07
1.2589e-05
2.75116e-07
1.25889e-05
2.69382e-07
1.25888e-05
2.63955e-07
1.25887e-05
2.58794e-07
1.25887e-05
2.53861e-07
1.25886e-05
2.49117e-07
1.25886e-05
2.44525e-07
1.25886e-05
2.4004e-07
1.25887e-05
2.35609e-07
1.25887e-05
2.31161e-07
1.25888e-05
2.26582e-07
1.2589e-05
2.21689e-07
1.25892e-05
2.16224e-07
1.25896e-05
2.09591e-07
1.259e-05
1.97878e-07
1.67987e-07
1.40612e-05
1.11344e-06
1.40827e-05
1.03278e-06
1.40871e-05
8.49316e-07
1.40896e-05
7.3628e-07
1.40902e-05
6.64909e-07
1.40893e-05
6.06023e-07
1.4088e-05
5.569e-07
1.40867e-05
5.17083e-07
1.40854e-05
4.84238e-07
1.40843e-05
4.56445e-07
1.40833e-05
4.32573e-07
1.40824e-05
4.11869e-07
1.40817e-05
3.93746e-07
1.4081e-05
3.77742e-07
1.40804e-05
3.63494e-07
1.40799e-05
3.5072e-07
1.40795e-05
3.39191e-07
1.40791e-05
3.28725e-07
1.40788e-05
3.19172e-07
1.40785e-05
3.10405e-07
1.40783e-05
3.02323e-07
1.4078e-05
2.94836e-07
1.40779e-05
2.8787e-07
1.40777e-05
2.81362e-07
1.40776e-05
2.75255e-07
1.40774e-05
2.695e-07
1.40773e-05
2.64052e-07
1.40773e-05
2.58871e-07
1.40772e-05
2.53917e-07
1.40772e-05
2.49152e-07
1.40772e-05
2.44536e-07
1.40772e-05
2.40026e-07
1.40772e-05
2.35567e-07
1.40773e-05
2.31085e-07
1.40774e-05
2.2647e-07
1.40776e-05
2.21537e-07
1.40778e-05
2.1601e-07
1.40782e-05
2.09204e-07
1.40784e-05
1.97644e-07
1.72104e-07
1.57214e-05
1.05959e-06
1.57458e-05
1.00829e-06
1.57515e-05
8.43677e-07
1.57542e-05
7.33569e-07
1.57551e-05
6.63978e-07
1.57544e-05
6.06762e-07
1.57531e-05
5.58212e-07
1.57517e-05
5.18425e-07
1.57505e-05
4.85509e-07
1.57493e-05
4.57619e-07
1.57482e-05
4.33628e-07
1.57473e-05
4.12799e-07
1.57465e-05
3.94559e-07
1.57458e-05
3.78449e-07
1.57452e-05
3.64108e-07
1.57446e-05
3.51252e-07
1.57442e-05
3.39653e-07
1.57438e-05
3.29126e-07
1.57434e-05
3.19519e-07
1.57431e-05
3.10707e-07
1.57429e-05
3.02584e-07
1.57426e-05
2.95062e-07
1.57424e-05
2.88065e-07
1.57423e-05
2.81529e-07
1.57421e-05
2.75397e-07
1.5742e-05
2.69618e-07
1.57419e-05
2.64148e-07
1.57418e-05
2.58944e-07
1.57418e-05
2.53968e-07
1.57418e-05
2.4918e-07
1.57418e-05
2.4454e-07
1.57418e-05
2.40002e-07
1.57418e-05
2.35513e-07
1.57419e-05
2.30997e-07
1.57421e-05
2.26344e-07
1.57422e-05
2.21373e-07
1.57424e-05
2.1579e-07
1.57428e-05
2.08868e-07
1.57428e-05
1.97632e-07
1.76336e-07
1.75778e-05
1.00693e-06
1.76052e-05
9.80931e-07
1.76123e-05
8.36593e-07
1.76153e-05
7.30559e-07
1.76166e-05
6.62698e-07
1.76161e-05
6.07253e-07
1.76148e-05
5.59454e-07
1.76135e-05
5.19777e-07
1.76122e-05
4.86813e-07
1.7611e-05
4.58837e-07
1.76099e-05
4.34733e-07
1.76089e-05
4.1378e-07
1.7608e-05
3.95421e-07
1.76073e-05
3.79202e-07
1.76066e-05
3.64765e-07
1.7606e-05
3.51824e-07
1.76055e-05
3.40152e-07
1.76051e-05
3.29562e-07
1.76047e-05
3.19901e-07
1.76044e-05
3.11041e-07
1.76041e-05
3.02877e-07
1.76038e-05
2.95318e-07
1.76036e-05
2.88289e-07
1.76034e-05
2.81723e-07
1.76033e-05
2.75564e-07
1.76031e-05
2.69759e-07
1.7603e-05
2.64264e-07
1.76029e-05
2.59036e-07
1.76028e-05
2.54036e-07
1.76028e-05
2.49222e-07
1.76028e-05
2.44554e-07
1.76028e-05
2.39986e-07
1.76029e-05
2.35463e-07
1.76029e-05
2.30911e-07
1.76031e-05
2.26219e-07
1.76032e-05
2.21211e-07
1.76034e-05
2.15585e-07
1.76037e-05
2.08616e-07
1.76034e-05
1.9787e-07
1.79544e-07
1.96541e-05
9.56135e-07
1.96839e-05
9.51079e-07
1.96927e-05
8.27794e-07
1.96961e-05
7.27147e-07
1.96978e-05
6.61055e-07
1.96976e-05
6.07432e-07
1.96965e-05
5.6057e-07
1.96951e-05
5.21104e-07
1.96938e-05
4.88124e-07
1.96926e-05
4.60074e-07
1.96915e-05
4.35864e-07
1.96904e-05
4.14787e-07
1.96896e-05
3.96304e-07
1.96888e-05
3.7997e-07
1.96881e-05
3.65429e-07
1.96876e-05
3.52396e-07
1.96871e-05
3.40644e-07
1.96866e-05
3.29985e-07
1.96863e-05
3.20264e-07
1.9686e-05
3.11353e-07
1.96857e-05
3.03144e-07
1.96855e-05
2.95548e-07
1.96853e-05
2.88485e-07
1.96851e-05
2.8189e-07
1.9685e-05
2.75704e-07
1.96849e-05
2.69875e-07
1.96848e-05
2.64356e-07
1.96847e-05
2.59105e-07
1.96847e-05
2.54081e-07
1.96846e-05
2.49242e-07
1.96846e-05
2.44547e-07
1.96847e-05
2.39949e-07
1.96847e-05
2.35394e-07
1.96848e-05
2.30806e-07
1.9685e-05
2.26078e-07
1.96852e-05
2.21038e-07
1.96854e-05
2.15388e-07
1.96855e-05
2.08438e-07
1.96851e-05
1.98313e-07
1.84196e-07
2.19761e-05
9.0782e-07
2.20079e-05
9.19299e-07
2.20186e-05
8.17089e-07
2.20225e-05
7.23196e-07
2.20246e-05
6.59036e-07
2.20247e-05
6.07248e-07
2.20238e-05
5.61504e-07
2.20225e-05
5.22377e-07
2.20212e-05
4.89435e-07
2.20199e-05
4.61344e-07
2.20188e-05
4.37052e-07
2.20177e-05
4.15871e-07
2.20167e-05
3.97278e-07
2.20158e-05
3.80838e-07
2.20151e-05
3.662e-07
2.20144e-05
3.5308e-07
2.20138e-05
3.41248e-07
2.20132e-05
3.30517e-07
2.20128e-05
3.20733e-07
2.20124e-05
3.11765e-07
2.2012e-05
3.03505e-07
2.20117e-05
2.95862e-07
2.20114e-05
2.88757e-07
2.20112e-05
2.82124e-07
2.2011e-05
2.75902e-07
2.20108e-05
2.70039e-07
2.20107e-05
2.64489e-07
2.20106e-05
2.59207e-07
2.20105e-05
2.54151e-07
2.20105e-05
2.4928e-07
2.20105e-05
2.44552e-07
2.20105e-05
2.39919e-07
2.20106e-05
2.35326e-07
2.20107e-05
2.30701e-07
2.20108e-05
2.25938e-07
2.2011e-05
2.20875e-07
2.20111e-05
2.1523e-07
2.20112e-05
2.08393e-07
2.20105e-05
1.98947e-07
1.8498e-07
2.45732e-05
8.62535e-07
2.46062e-05
8.86306e-07
2.46189e-05
8.04397e-07
2.46235e-05
7.18527e-07
2.4626e-05
6.56593e-07
2.46266e-05
6.06612e-07
2.4626e-05
5.62121e-07
2.46249e-05
5.23454e-07
2.46238e-05
4.90585e-07
2.46227e-05
4.62451e-07
2.46217e-05
4.38069e-07
2.46208e-05
4.16774e-07
2.462e-05
3.98062e-07
2.46193e-05
3.81513e-07
2.46187e-05
3.66779e-07
2.46182e-05
3.53577e-07
2.46178e-05
3.41677e-07
2.46174e-05
3.30889e-07
2.46171e-05
3.21056e-07
2.46168e-05
3.12048e-07
2.46166e-05
3.03754e-07
2.46163e-05
2.96082e-07
2.46161e-05
2.88951e-07
2.4616e-05
2.82294e-07
2.46158e-05
2.76051e-07
2.46157e-05
2.70167e-07
2.46156e-05
2.64595e-07
2.46155e-05
2.59291e-07
2.46154e-05
2.54212e-07
2.46154e-05
2.49316e-07
2.46154e-05
2.44559e-07
2.46154e-05
2.39895e-07
2.46155e-05
2.35267e-07
2.46156e-05
2.30605e-07
2.46157e-05
2.2581e-07
2.46159e-05
2.20731e-07
2.4616e-05
2.1511e-07
2.46159e-05
2.08443e-07
2.4615e-05
1.99902e-07
1.92007e-07
2.74779e-05
8.20789e-07
2.75112e-05
8.52987e-07
2.75257e-05
7.89875e-07
2.75312e-05
7.13068e-07
2.75339e-05
6.53824e-07
2.75348e-05
6.0569e-07
2.75343e-05
5.62642e-07
2.75331e-05
5.2466e-07
2.75317e-05
4.92007e-07
2.75302e-05
4.63913e-07
2.75288e-05
4.39491e-07
2.75275e-05
4.181e-07
2.75263e-05
3.99263e-07
2.75252e-05
3.8258e-07
2.75243e-05
3.67715e-07
2.75235e-05
3.54389e-07
2.75228e-05
3.42375e-07
2.75222e-05
3.31485e-07
2.75217e-05
3.21562e-07
2.75212e-05
3.12474e-07
2.75209e-05
3.04109e-07
2.75206e-05
2.96375e-07
2.75204e-05
2.8919e-07
2.75202e-05
2.82484e-07
2.752e-05
2.76197e-07
2.75199e-05
2.70273e-07
2.75198e-05
2.64665e-07
2.75198e-05
2.59326e-07
2.75198e-05
2.54212e-07
2.75198e-05
2.49282e-07
2.75199e-05
2.4449e-07
2.752e-05
2.3979e-07
2.75202e-05
2.35126e-07
2.75203e-05
2.30432e-07
2.75205e-05
2.25616e-07
2.75207e-05
2.20545e-07
2.75208e-05
2.15004e-07
2.75207e-05
2.08596e-07
2.75201e-05
2.00524e-07
1.87031e-07
3.0727e-05
7.8286e-07
3.07599e-05
8.2007e-07
3.07763e-05
7.73508e-07
3.07831e-05
7.06225e-07
3.0787e-05
6.49996e-07
3.07891e-05
6.03533e-07
3.07899e-05
5.61866e-07
3.07899e-05
5.24638e-07
3.07897e-05
4.9228e-07
3.07893e-05
4.64313e-07
3.07888e-05
4.39959e-07
3.07883e-05
4.186e-07
3.07878e-05
3.9977e-07
3.07873e-05
3.8308e-07
3.07868e-05
3.68202e-07
3.07863e-05
3.5486e-07
3.07859e-05
3.42829e-07
3.07854e-05
3.3192e-07
3.0785e-05
3.21977e-07
3.07846e-05
3.12869e-07
3.07842e-05
3.04484e-07
3.07839e-05
2.96729e-07
3.07836e-05
2.89523e-07
3.07833e-05
2.82795e-07
3.0783e-05
2.76486e-07
3.07827e-05
2.70539e-07
3.07825e-05
2.64906e-07
3.07822e-05
2.5954e-07
3.07821e-05
2.54397e-07
3.07819e-05
2.49435e-07
3.07818e-05
2.44608e-07
3.07817e-05
2.39869e-07
3.07817e-05
2.35165e-07
3.07817e-05
2.30432e-07
3.07817e-05
2.25588e-07
3.07817e-05
2.20521e-07
3.07817e-05
2.1507e-07
3.07812e-05
2.09013e-07
3.07793e-05
2.0246e-07
2.0064e-07
3.43588e-05
7.49808e-07
3.43893e-05
7.89529e-07
3.44055e-05
7.57264e-07
3.44118e-05
6.99952e-07
3.44143e-05
6.47498e-07
3.4415e-05
6.02878e-07
3.44142e-05
5.62603e-07
3.44128e-05
5.2611e-07
3.44111e-05
4.93925e-07
3.44096e-05
4.65874e-07
3.44082e-05
4.41349e-07
3.4407e-05
4.19788e-07
3.4406e-05
4.00747e-07
3.44052e-05
3.83859e-07
3.44046e-05
3.68803e-07
3.44042e-05
3.55308e-07
3.44039e-05
3.43147e-07
3.44036e-05
3.3213e-07
3.44035e-05
3.22097e-07
3.44035e-05
3.12914e-07
3.44035e-05
3.04468e-07
3.44036e-05
2.96662e-07
3.44037e-05
2.89414e-07
3.44038e-05
2.82652e-07
3.4404e-05
2.76313e-07
3.44042e-05
2.7034e-07
3.44044e-05
2.64683e-07
3.44047e-05
2.59295e-07
3.44049e-05
2.54131e-07
3.44052e-05
2.49147e-07
3.44055e-05
2.44297e-07
3.44059e-05
2.39535e-07
3.44062e-05
2.34809e-07
3.44066e-05
2.30061e-07
3.44069e-05
2.25222e-07
3.44073e-05
2.20207e-07
3.44074e-05
2.14901e-07
3.44073e-05
2.09096e-07
3.4408e-05
2.01853e-07
1.83937e-07
3.84308e-05
7.19175e-07
3.84619e-05
7.58424e-07
3.84824e-05
7.36756e-07
3.84939e-05
6.88518e-07
3.8501e-05
6.40318e-07
3.85059e-05
5.9804e-07
3.85087e-05
5.59763e-07
3.851e-05
5.2479e-07
3.85104e-05
4.93557e-07
3.85102e-05
4.66095e-07
3.85096e-05
4.41961e-07
3.85087e-05
4.20656e-07
3.85077e-05
4.01769e-07
3.85066e-05
3.84963e-07
3.85054e-05
3.69941e-07
3.85043e-05
3.56448e-07
3.85032e-05
3.44268e-07
3.85021e-05
3.33218e-07
3.8501e-05
3.23143e-07
3.85e-05
3.13914e-07
3.84991e-05
3.05418e-07
3.84982e-05
2.97562e-07
3.84973e-05
2.90263e-07
3.84965e-05
2.8345e-07
3.84958e-05
2.77061e-07
3.84951e-05
2.71039e-07
3.84945e-05
2.65332e-07
3.84939e-05
2.59894e-07
3.84933e-05
2.54679e-07
3.84928e-05
2.49642e-07
3.84924e-05
2.44739e-07
3.8492e-05
2.39922e-07
3.84916e-05
2.35143e-07
3.84914e-05
2.30349e-07
3.84911e-05
2.25485e-07
3.84908e-05
2.20504e-07
3.84903e-05
2.15388e-07
3.84891e-05
2.10286e-07
3.84847e-05
2.06292e-07
2.11254e-07
4.29447e-05
7.00907e-07
4.29638e-05
7.39309e-07
4.29753e-05
7.25251e-07
4.29802e-05
6.83643e-07
4.29825e-05
6.37997e-07
4.29841e-05
5.96426e-07
4.29853e-05
5.58593e-07
4.29862e-05
5.23884e-07
4.29871e-05
4.92663e-07
4.29881e-05
4.65091e-07
4.29892e-05
4.40846e-07
4.29904e-05
4.19458e-07
4.29916e-05
4.00515e-07
4.29929e-05
3.83674e-07
4.29942e-05
3.68638e-07
4.29955e-05
3.5515e-07
4.29968e-05
3.42986e-07
4.29981e-05
3.31963e-07
4.29993e-05
3.21921e-07
4.30005e-05
3.12728e-07
4.30016e-05
3.04271e-07
4.30027e-05
2.96454e-07
4.30038e-05
2.89194e-07
4.30048e-05
2.82418e-07
4.30058e-05
2.76063e-07
4.30068e-05
2.70072e-07
4.30077e-05
2.64393e-07
4.30087e-05
2.58979e-07
4.30095e-05
2.53784e-07
4.30104e-05
2.48762e-07
4.30113e-05
2.43868e-07
4.30122e-05
2.39058e-07
4.3013e-05
2.34284e-07
4.30139e-05
2.29501e-07
4.30147e-05
2.24667e-07
4.30154e-05
2.1975e-07
4.30161e-05
2.14719e-07
4.3017e-05
2.0935e-07
4.30218e-05
2.01559e-07
1.74193e-07
4.81187e-05
6.7246e-07
4.81481e-05
7.09908e-07
4.81695e-05
7.03819e-07
4.81815e-05
6.71654e-07
4.81872e-05
6.32278e-07
4.81893e-05
5.94317e-07
4.8189e-05
5.58947e-07
4.81869e-05
5.25982e-07
4.81837e-05
4.95806e-07
4.81801e-05
4.68749e-07
4.81762e-05
4.44708e-07
4.81723e-05
4.23344e-07
4.81685e-05
4.04313e-07
4.81649e-05
3.87316e-07
4.81614e-05
3.72089e-07
4.81582e-05
3.58394e-07
4.81551e-05
3.46023e-07
4.81523e-05
3.34796e-07
4.81497e-05
3.24561e-07
4.81472e-05
3.15188e-07
4.81449e-05
3.06563e-07
4.81428e-05
2.9859e-07
4.81408e-05
2.91186e-07
4.81389e-05
2.84278e-07
4.81372e-05
2.77801e-07
4.81356e-05
2.71698e-07
4.8134e-05
2.65915e-07
4.81326e-05
2.60404e-07
4.81313e-05
2.55118e-07
4.813e-05
2.50011e-07
4.81289e-05
2.45039e-07
4.81278e-05
2.40156e-07
4.81267e-05
2.35317e-07
4.81257e-05
2.30486e-07
4.81248e-05
2.25638e-07
4.81237e-05
2.208e-07
4.81223e-05
2.16144e-07
4.81193e-05
2.12325e-07
4.81091e-05
2.11804e-07
2.25465e-07
5.35618e-05
5.35674e-05
5.35794e-05
5.35933e-05
5.36072e-05
5.36205e-05
5.36329e-05
5.36442e-05
5.36544e-05
5.36634e-05
5.36716e-05
5.36788e-05
5.36854e-05
5.36912e-05
5.36965e-05
5.37014e-05
5.37058e-05
5.37098e-05
5.37135e-05
5.37169e-05
5.37201e-05
5.37231e-05
5.37259e-05
5.37285e-05
5.3731e-05
5.37333e-05
5.37355e-05
5.37377e-05
5.37398e-05
5.37418e-05
5.37438e-05
5.37458e-05
5.37477e-05
5.37497e-05
5.37516e-05
5.37536e-05
5.37559e-05
5.37603e-05
5.37753e-05
)
;

boundaryField
{
    inlet
    {
        type            calculated;
        value           nonuniform List<scalar> 
36
(
-1.0756e-06
-1.2028e-06
-1.34504e-06
-1.5041e-06
-1.68197e-06
-1.88087e-06
-2.1033e-06
-2.35204e-06
-2.63018e-06
-2.94122e-06
-3.28905e-06
-3.678e-06
-4.11295e-06
-4.59934e-06
-5.14325e-06
-5.75148e-06
-6.43164e-06
-7.19223e-06
-8.04277e-06
-8.9939e-06
-1.00575e-05
-1.12469e-05
-1.25769e-05
-1.40642e-05
-1.57274e-05
-1.75873e-05
-1.96671e-05
-2.19929e-05
-2.45938e-05
-2.75022e-05
-3.07545e-05
-3.43914e-05
-3.84585e-05
-4.30064e-05
-4.80922e-05
-5.37795e-05
)
;
    }
    outlet
    {
        type            calculated;
        value           nonuniform List<scalar> 
36
(
1.91691e-08
6.72387e-08
1.3277e-07
2.20679e-07
3.37047e-07
4.89227e-07
6.85889e-07
9.3685e-07
1.25248e-06
1.64242e-06
2.11355e-06
2.66727e-06
3.29745e-06
3.99044e-06
4.729e-06
5.49916e-06
6.29702e-06
7.13148e-06
8.02163e-06
8.99089e-06
1.00618e-05
1.12541e-05
1.25856e-05
1.40743e-05
1.57386e-05
1.76002e-05
1.96804e-05
2.20098e-05
2.46079e-05
2.7525e-05
3.07657e-05
3.44247e-05
3.84574e-05
4.30588e-05
4.80578e-05
5.38421e-05
)
;
    }
    plate
    {
        type            calculated;
        value           uniform 0;
    }
    farfield
    {
        type            calculated;
        value           nonuniform List<scalar> 
50
(
3.9988e-08
6.65066e-08
1.0079e-07
1.41689e-07
1.92414e-07
2.55758e-07
3.33313e-07
4.24042e-07
5.21787e-07
6.13033e-07
6.78679e-07
7.04251e-07
6.91827e-07
6.57791e-07
6.18393e-07
5.80988e-07
5.46523e-07
5.14684e-07
4.85663e-07
4.59676e-07
4.36593e-07
4.16078e-07
3.97791e-07
3.81442e-07
3.66777e-07
3.5357e-07
3.41622e-07
3.30765e-07
3.20851e-07
3.11758e-07
3.03379e-07
2.95622e-07
2.88406e-07
2.81663e-07
2.75329e-07
2.69349e-07
2.63672e-07
2.58249e-07
2.53034e-07
2.47981e-07
2.43047e-07
2.38188e-07
2.33362e-07
2.28535e-07
2.23689e-07
2.18814e-07
2.13819e-07
2.07952e-07
1.96853e-07
1.5858e-07
)
;
    }
    upstreamSlip
    {
        type            symmetry;
        value           uniform 0;
    }
    frontAndBack
    {
        type            empty;
    }
}


// ************************************************************************* //
