/*--------------------------------*- C++ -*----------------------------------*\
| =========                 |                                                 |
| \\      /  F ield         | OpenFOAM: The Open Source CFD Toolbox           |
|  \\    /   O peration     | Version:  2512                                  |
|   \\  /    A nd           | Website:  www.openfoam.com                      |
|    \\/     M anipulation  |                                                 |
\*---------------------------------------------------------------------------*/
FoamFile
{
    version     2.0;
    format      ascii;
    arch        "LSB;label=32;scalar=64";
    class       volVectorField;
    location    "0.0349697";
    object      U;
}
// * * * * * * * * * * * * * * * * * * * * * * * * * * * * * * * * * * * * * //

dimensions      [0 1 -1 0 0 0 0];

internalField   nonuniform List<vector> 
1800
(
(39.5288 1.58183e-05 0)
(39.5245 3.01271e-05 0)
(39.5164 4.93914e-05 0)
(39.5038 7.30584e-05 0)
(39.4857 0.000105368 0)
(39.4596 0.00015565 0)
(39.4203 0.000240064 0)
(39.3589 0.00053259 0)
(39.1812 0.000815027 0)
(39.1004 0.0811146 0)
(39.5288 4.93907e-05 0)
(39.5245 9.40242e-05 0)
(39.5164 0.000154103 0)
(39.5038 0.000227923 0)
(39.4857 0.000328706 0)
(39.4596 0.000485554 0)
(39.4203 0.000748934 0)
(39.3589 0.00165981 0)
(39.182 0.00253456 0)
(39.1019 0.193367 0)
(39.5288 8.68776e-05 0)
(39.5245 0.000165575 0)
(39.5164 0.000271203 0)
(39.5038 0.000401089 0)
(39.4857 0.000578428 0)
(39.4596 0.000854282 0)
(39.4203 0.00131798 0)
(39.3589 0.00290601 0)
(39.1835 0.00447069 0)
(39.1045 0.275954 0)
(39.5288 0.000128499 0)
(39.5245 0.000245619 0)
(39.5164 0.000401931 0)
(39.5038 0.000594408 0)
(39.4857 0.000857213 0)
(39.4596 0.00126557 0)
(39.4203 0.00195326 0)
(39.3589 0.00426632 0)
(39.1856 0.00669286 0)
(39.108 0.327813 0)
(39.5288 0.000174783 0)
(39.5245 0.000335285 0)
(39.5164 0.000547995 0)
(39.5038 0.000810369 0)
(39.4857 0.00116863 0)
(39.4597 0.00172455 0)
(39.4203 0.00266294 0)
(39.359 0.0057472 0)
(39.1881 0.00925058 0)
(39.1122 0.359114 0)
(39.5288 0.000226263 0)
(39.5245 0.000435765 0)
(39.5164 0.00071122 0)
(39.5038 0.00105165 0)
(39.4857 0.00151653 0)
(39.4597 0.00223675 0)
(39.4204 0.00345571 0)
(39.359 0.00735668 0)
(39.1912 0.0121873 0)
(39.117 0.377336 0)
(39.5288 0.000283506 0)
(39.5245 0.000548358 0)
(39.5164 0.000893604 0)
(39.5038 0.00132118 0)
(39.4857 0.00190512 0)
(39.4597 0.00280821 0)
(39.4204 0.00434101 0)
(39.3591 0.00910355 0)
(39.1946 0.0155469 0)
(39.1225 0.386904 0)
(39.5288 0.000347145 0)
(39.5245 0.000674515 0)
(39.5164 0.00109738 0)
(39.5038 0.00162224 0)
(39.4858 0.00233912 0)
(39.4597 0.00344567 0)
(39.4205 0.00532924 0)
(39.3592 0.0109984 0)
(39.1984 0.019372 0)
(39.1285 0.390678 0)
(39.5288 0.000417893 0)
(39.5245 0.000815856 0)
(39.5164 0.00132505 0)
(39.5038 0.00195849 0)
(39.4858 0.00282378 0)
(39.4597 0.00415665 0)
(39.4206 0.00643182 0)
(39.3594 0.0130543 0)
(39.2026 0.0237005 0)
(39.1352 0.390686 0)
(39.5288 0.000496559 0)
(39.5245 0.000974178 0)
(39.5164 0.00157941 0)
(39.5039 0.00233402 0)
(39.4858 0.00336496 0)
(39.4598 0.00494951 0)
(39.4207 0.00766125 0)
(39.3596 0.0152871 0)
(39.2072 0.0285635 0)
(39.1425 0.388313 0)
(39.5288 0.000584055 0)
(39.5245 0.00115148 0)
(39.5164 0.00186358 0)
(39.5039 0.00275338 0)
(39.4858 0.00396915 0)
(39.4598 0.00583356 0)
(39.4208 0.00903119 0)
(39.3599 0.0177156 0)
(39.2123 0.0339819 0)
(39.1505 0.384427 0)
(39.5288 0.000681409 0)
(39.5245 0.00134996 0)
(39.5164 0.00218103 0)
(39.5039 0.00322164 0)
(39.4858 0.00464361 0)
(39.4599 0.00681911 0)
(39.421 0.0105565 0)
(39.3603 0.0203611 0)
(39.2179 0.039965 0)
(39.1592 0.379524 0)
(39.5288 0.00078978 0)
(39.5245 0.00157208 0)
(39.5164 0.00253562 0)
(39.5039 0.00374444 0)
(39.4859 0.00539633 0)
(39.46 0.00791754 0)
(39.4212 0.0122531 0)
(39.3609 0.0232475 0)
(39.224 0.0465077 0)
(39.1686 0.373873 0)
(39.5288 0.000910469 0)
(39.5245 0.00182054 0)
(39.5164 0.00293165 0)
(39.5039 0.00432801 0)
(39.4859 0.00623618 0)
(39.4601 0.00914136 0)
(39.4215 0.0141384 0)
(39.3615 0.0264001 0)
(39.2307 0.0535889 0)
(39.1788 0.36761 0)
(39.5288 0.00104493 0)
(39.5245 0.00209831 0)
(39.5164 0.00337389 0)
(39.504 0.00497926 0)
(39.486 0.00717289 0)
(39.4602 0.0105042 0)
(39.4218 0.0162305 0)
(39.3624 0.029845 0)
(39.2379 0.0611699 0)
(39.1898 0.360814 0)
(39.5288 0.0011948 0)
(39.5245 0.0024087 0)
(39.5164 0.00386757 0)
(39.504 0.00570577 0)
(39.4861 0.00821714 0)
(39.4604 0.0120209 0)
(39.4223 0.0185486 0)
(39.3635 0.0336076 0)
(39.2457 0.0691938 0)
(39.2016 0.353541 0)
(39.5288 0.00136186 0)
(39.5245 0.00275532 0)
(39.5165 0.00441847 0)
(39.5041 0.00651587 0)
(39.4862 0.00938051 0)
(39.4606 0.0137072 0)
(39.4228 0.0211125 0)
(39.3649 0.037711 0)
(39.2541 0.0775851 0)
(39.2141 0.345843 0)
(39.5288 0.00154811 0)
(39.5245 0.00314214 0)
(39.5165 0.00503292 0)
(39.5041 0.00741864 0)
(39.4864 0.0106755 0)
(39.4609 0.0155799 0)
(39.4235 0.0239419 0)
(39.3667 0.0421742 0)
(39.2632 0.0862504 0)
(39.2274 0.337781 0)
(39.5288 0.00175573 0)
(39.5246 0.00357348 0)
(39.5165 0.00571779 0)
(39.5042 0.00842386 0)
(39.4865 0.0121156 0)
(39.4613 0.0176565 0)
(39.4244 0.027056 0)
(39.3688 0.0470094 0)
(39.2729 0.0950798 0)
(39.2414 0.329423 0)
(39.5288 0.00198711 0)
(39.5246 0.00405403 0)
(39.5166 0.0064805 0)
(39.5044 0.00954203 0)
(39.4868 0.0137148 0)
(39.4618 0.0199547 0)
(39.4254 0.0304725 0)
(39.3713 0.0522203 0)
(39.2832 0.10395 0)
(39.2561 0.320845 0)
(39.5288 0.00224482 0)
(39.5246 0.00458886 0)
(39.5167 0.00732893 0)
(39.5045 0.0107842 0)
(39.4871 0.0154878 0)
(39.4623 0.0224921 0)
(39.4267 0.0342063 0)
(39.3744 0.0577987 0)
(39.2941 0.112728 0)
(39.2713 0.312126 0)
(39.5288 0.00253163 0)
(39.5246 0.00518333 0)
(39.5167 0.00827143 0)
(39.5047 0.0121619 0)
(39.4874 0.0174492 0)
(39.463 0.0252853 0)
(39.4282 0.038268 0)
(39.378 0.063723 0)
(39.3056 0.121276 0)
(39.287 0.303347 0)
(39.5288 0.00285044 0)
(39.5247 0.00584308 0)
(39.5169 0.00931654 0)
(39.5049 0.0136868 0)
(39.4879 0.0196134 0)
(39.4639 0.0283488 0)
(39.43 0.0426621 0)
(39.3823 0.0699557 0)
(39.3177 0.129457 0)
(39.3031 0.294587 0)
(39.5288 0.00320428 0)
(39.5247 0.0065739 0)
(39.517 0.0104729 0)
(39.5052 0.0153701 0)
(39.4884 0.0219936 0)
(39.465 0.0316938 0)
(39.4323 0.0473847 0)
(39.3872 0.0764422 0)
(39.3302 0.137141 0)
(39.3194 0.285921 0)
(39.5288 0.00359622 0)
(39.5248 0.00738155 0)
(39.5172 0.0117487 0)
(39.5056 0.0172223 0)
(39.4891 0.0246008 0)
(39.4663 0.0353265 0)
(39.4349 0.0524215 0)
(39.3928 0.0831112 0)
(39.3432 0.144213 0)
(39.3358 0.277415 0)
(39.5288 0.00402928 0)
(39.5249 0.00827151 0)
(39.5174 0.0131514 0)
(39.506 0.0192519 0)
(39.49 0.0274425 0)
(39.4679 0.0392463 0)
(39.438 0.0577456 0)
(39.3992 0.0898755 0)
(39.3565 0.150581 0)
(39.3522 0.269128 0)
(39.5289 0.00450629 0)
(39.525 0.00924862 0)
(39.5176 0.0146868 0)
(39.5066 0.0214648 0)
(39.491 0.030521 0)
(39.4699 0.0434432 0)
(39.4416 0.0633156 0)
(39.4062 0.0966357 0)
(39.3701 0.156177 0)
(39.3684 0.26111 0)
(39.5289 0.00502975 0)
(39.5251 0.0103166 0)
(39.5179 0.0163583 0)
(39.5072 0.0238622 0)
(39.4923 0.0338313 0)
(39.4721 0.0478956 0)
(39.4458 0.0690747 0)
(39.414 0.103285 0)
(39.3839 0.160971 0)
(39.3843 0.253417 0)
(39.5289 0.00560163 0)
(39.5252 0.0114772 0)
(39.5183 0.0181651 0)
(39.508 0.0264388 0)
(39.4938 0.0373585 0)
(39.4748 0.0525681 0)
(39.4506 0.0749486 0)
(39.4224 0.109705 0)
(39.3977 0.164922 0)
(39.3997 0.245992 0)
(39.529 0.00622326 0)
(39.5254 0.0127297 0)
(39.5188 0.0201011 0)
(39.509 0.0291808 0)
(39.4956 0.0410759 0)
(39.478 0.0574177 0)
(39.456 0.0808964 0)
(39.4314 0.115946 0)
(39.4115 0.168457 0)
(39.4144 0.239721 0)
(39.529 0.00689538 0)
(39.5256 0.0140693 0)
(39.5193 0.022152 0)
(39.5101 0.0320596 0)
(39.4977 0.0449039 0)
(39.4816 0.0621955 0)
(39.462 0.0862527 0)
(39.441 0.120534 0)
(39.4252 0.168794 0)
(39.4287 0.229461 0)
(39.529 0.00761885 0)
(39.5258 0.0154859 0)
(39.5199 0.0243059 0)
(39.5115 0.0351873 0)
(39.5001 0.0494671 0)
(39.4856 0.0688331 0)
(39.4683 0.0955625 0)
(39.4503 0.132532 0)
(39.4376 0.18206 0)
(39.4407 0.241257 0)
(39.5291 0.00839671 0)
(39.526 0.0169123 0)
(39.5207 0.0259694 0)
(39.5132 0.0361759 0)
(39.5034 0.0482406 0)
(39.4912 0.0631457 0)
(39.4771 0.0822372 0)
(39.4632 0.106963 0)
(39.4543 0.137588 0)
(39.4584 0.169571 0)
(39.5291 0.00936591 0)
(39.526 0.0199003 0)
(39.5207 0.0336216 0)
(39.5133 0.0523952 0)
(39.5034 0.0778491 0)
(39.4912 0.111825 0)
(39.477 0.156474 0)
(39.4627 0.213828 0)
(39.452 0.284487 0)
(39.4504 0.364921 0)
(39.5295 0.00774535 0)
(39.5283 0.0104449 0)
(39.5263 0.00879625 0)
(39.5237 0.00362931 0)
(39.5202 -0.00498095 0)
(39.5159 -0.0173946 0)
(39.5114 -0.0343354 0)
(39.5084 -0.0570581 0)
(39.5096 -0.0877964 0)
(39.5188 -0.130498 0)
(39.5267 0.023456 0)
(39.5191 0.0543315 0)
(39.5098 0.0952748 0)
(39.4984 0.148505 0)
(39.4842 0.217245 0)
(39.4667 0.305452 0)
(39.4458 0.41709 0)
(39.4223 0.554694 0)
(39.3988 0.716767 0)
(39.3794 0.894353 0)
(9.72738 0.0931715 0)
(4.42873 0.00758501 0)
(3.15246 0.00132449 0)
(2.5639 0.000640127 0)
(2.21984 0.000400113 0)
(1.98719 0.000286427 0)
(1.81488 0.000219369 0)
(1.68049 0.000174241 0)
(1.57217 0.000142213 0)
(1.48262 0.000118819 0)
(1.40702 0.000101248 0)
(1.34207 8.76416e-05 0)
(1.28548 7.68535e-05 0)
(1.23559 6.81067e-05 0)
(1.19118 6.09255e-05 0)
(1.15131 5.49123e-05 0)
(1.11525 4.98549e-05 0)
(1.08242 4.55063e-05 0)
(1.05237 4.17955e-05 0)
(1.02473 3.85255e-05 0)
(0.999185 3.5709e-05 0)
(0.975486 3.31636e-05 0)
(0.95342 3.09667e-05 0)
(0.932811 2.89333e-05 0)
(0.913503 2.71891e-05 0)
(0.89537 2.55226e-05 0)
(0.878298 2.41102e-05 0)
(0.862195 2.26974e-05 0)
(0.846973 2.1533e-05 0)
(0.832565 2.0323e-05 0)
(0.818906 1.9326e-05 0)
(0.805947 1.82814e-05 0)
(0.79364 1.73787e-05 0)
(0.781954 1.64703e-05 0)
(0.770865 1.55602e-05 0)
(0.760348 1.48081e-05 0)
(0.750387 1.35391e-05 0)
(0.741518 1.02325e-05 0)
(0.735873 1.51549e-05 0)
(0.708527 5.45711e-05 0)
(21.3051 0.245058 0)
(13.2164 0.0618461 0)
(9.75994 0.0196097 0)
(7.98523 0.00989208 0)
(6.91975 0.00614455 0)
(6.19526 0.0043241 0)
(5.65885 0.00327637 0)
(5.24052 0.00259284 0)
(4.90311 0.00211411 0)
(4.62398 0.00176502 0)
(4.3882 0.00150252 0)
(4.18561 0.00129946 0)
(4.00907 0.00113854 0)
(3.85343 0.00100837 0)
(3.71487 0.000901395 0)
(3.59047 0.000812122 0)
(3.47796 0.000736822 0)
(3.37555 0.000672473 0)
(3.2818 0.000617137 0)
(3.19556 0.000568912 0)
(3.11587 0.00052682 0)
(3.04194 0.000489513 0)
(2.97311 0.000456586 0)
(2.90882 0.000426966 0)
(2.84859 0.000400629 0)
(2.79203 0.000376561 0)
(2.73877 0.000355035 0)
(2.68854 0.000335033 0)
(2.64105 0.000317097 0)
(2.5961 0.000300161 0)
(2.55348 0.000284846 0)
(2.51303 0.000270209 0)
(2.47462 0.000256689 0)
(2.43813 0.000243632 0)
(2.40349 0.000231008 0)
(2.37062 0.00021912 0)
(2.33949 0.000201956 0)
(2.31152 0.000161817 0)
(2.29127 0.00029694 0)
(2.21706 0.000392371 0)
(28.5267 0.369272 0)
(21.1231 0.13324 0)
(16.6064 0.0567022 0)
(13.8526 0.031011 0)
(12.0811 0.0196572 0)
(10.8451 0.0138777 0)
(9.92086 0.0105149 0)
(9.19626 0.00832459 0)
(8.60963 0.00679251 0)
(8.12294 0.00567421 0)
(7.71103 0.00483187 0)
(7.35661 0.00417961 0)
(7.04747 0.0036624 0)
(6.77473 0.00324393 0)
(6.53178 0.00289984 0)
(6.31354 0.00261273 0)
(6.1161 0.00237042 0)
(5.93633 0.00216347 0)
(5.77172 0.00198531 0)
(5.62027 0.00183024 0)
(5.4803 0.00169466 0)
(5.35042 0.00157478 0)
(5.22949 0.00146868 0)
(5.11652 0.00137357 0)
(5.01067 0.00128862 0)
(4.91126 0.00121144 0)
(4.81765 0.00114195 0)
(4.72934 0.00107797 0)
(4.64585 0.00102001 0)
(4.5668 0.000965951 0)
(4.49185 0.000916502 0)
(4.42071 0.000869815 0)
(4.35312 0.000826344 0)
(4.2889 0.000784649 0)
(4.2279 0.000744528 0)
(4.16998 0.000705981 0)
(4.11515 0.000652893 0)
(4.06548 0.00054325 0)
(4.02597 0.000927127 0)
(3.91164 0.00104629 0)
(33.007 0.461829 0)
(27.409 0.206535 0)
(23.0044 0.10676 0)
(19.8052 0.0642825 0)
(17.5234 0.04249 0)
(15.8433 0.0304893 0)
(14.5521 0.0232587 0)
(13.5241 0.0184862 0)
(12.6833 0.0151264 0)
(11.9808 0.0126614 0)
(11.3832 0.0107968 0)
(10.8671 0.00934859 0)
(10.4157 0.00819773 0)
(10.0166 0.00726519 0)
(9.66052 0.00649738 0)
(9.34021 0.00585619 0)
(9.05008 0.00531451 0)
(8.78569 0.0048517 0)
(8.54342 0.0044529 0)
(8.32035 0.00410585 0)
(8.11408 0.00380209 0)
(7.9226 0.0035337 0)
(7.74421 0.00329582 0)
(7.57752 0.00308287 0)
(7.42128 0.00289225 0)
(7.27449 0.00271948 0)
(7.13624 0.00256346 0)
(7.00576 0.0024204 0)
(6.88238 0.00229021 0)
(6.76554 0.00216941 0)
(6.65471 0.00205841 0)
(6.54948 0.00195417 0)
(6.44948 0.0018568 0)
(6.35441 0.00176378 0)
(6.26405 0.00167447 0)
(6.1782 0.00158774 0)
(6.09693 0.00147244 0)
(6.02274 0.00126371 0)
(5.95899 0.00200031 0)
(5.81188 0.00204623 0)
(35.7522 0.526093 0)
(31.9849 0.270128 0)
(28.3782 0.159512 0)
(25.3273 0.105133 0)
(22.8919 0.0734165 0)
(20.9585 0.0542749 0)
(19.4008 0.0420725 0)
(18.1227 0.0337631 0)
(17.0562 0.0278057 0)
(16.1522 0.0233805 0)
(15.3752 0.0200024 0)
(14.6991 0.0173609 0)
(14.1042 0.0152515 0)
(13.5757 0.0135358 0)
(13.1025 0.012119 0)
(12.6756 0.0109332 0)
(12.2879 0.00992936 0)
(11.9339 0.00907044 0)
(11.609 0.0083292 0)
(11.3094 0.00768361 0)
(11.0319 0.00711782 0)
(10.7741 0.00661776 0)
(10.5337 0.00617399 0)
(10.3089 0.00577683 0)
(10.098 0.00542074 0)
(9.89968 0.00509834 0)
(9.7128 0.00480663 0)
(9.53633 0.00453964 0)
(9.36937 0.00429607 0)
(9.21116 0.00407069 0)
(9.06102 0.00386304 0)
(8.91839 0.00366862 0)
(8.78276 0.00348676 0)
(8.65374 0.0033135 0)
(8.53103 0.00314736 0)
(8.41435 0.00298485 0)
(8.30384 0.00277603 0)
(8.20213 0.00244961 0)
(8.10952 0.00358308 0)
(7.93615 0.00340048 0)
(37.3962 0.567594 0)
(35.0983 0.319603 0)
(32.4876 0.207016 0)
(29.9779 0.147089 0)
(27.7538 0.108651 0)
(25.8362 0.0834459 0)
(24.1936 0.0663125 0)
(22.7849 0.0541053 0)
(21.5709 0.0450768 0)
(20.5173 0.0382198 0)
(19.5953 0.0328985 0)
(18.7819 0.028686 0)
(18.0586 0.0252904 0)
(17.4107 0.0225089 0)
(16.8265 0.0201986 0)
(16.2965 0.0182561 0)
(15.813 0.0166054 0)
(15.3697 0.0151886 0)
(14.9615 0.0139626 0)
(14.584 0.0128925 0)
(14.2337 0.0119528 0)
(13.9074 0.0111211 0)
(13.6025 0.0103817 0)
(13.3169 0.0097195 0)
(13.0487 0.00912476 0)
(12.7961 0.00858623 0)
(12.5578 0.00809816 0)
(12.3325 0.0076517 0)
(12.1191 0.00724365 0)
(11.9167 0.00686652 0)
(11.7244 0.00651848 0)
(11.5416 0.00619313 0)
(11.3677 0.00588853 0)
(11.202 0.00559889 0)
(11.0443 0.00532139 0)
(10.8941 0.00504846 0)
(10.7518 0.00470979 0)
(10.6198 0.00425688 0)
(10.4947 0.00576019 0)
(10.2996 0.00512907 0)
(38.3482 0.591818 0)
(37.0929 0.354876 0)
(35.3842 0.245132 0)
(33.549 0.184647 0)
(31.7677 0.14333 0)
(30.1058 0.114486 0)
(28.5853 0.093722 0)
(27.2101 0.0781898 0)
(25.974 0.0662443 0)
(24.8648 0.0568879 0)
(23.8684 0.0494485 0)
(22.9707 0.043446 0)
(22.1588 0.0385341 0)
(21.4215 0.0344621 0)
(20.7491 0.0310472 0)
(20.1333 0.028153 0)
(19.5672 0.0256772 0)
(19.0447 0.0235407 0)
(18.5608 0.021683 0)
(18.1112 0.0200554 0)
(17.692 0.0186208 0)
(17.3001 0.0173477 0)
(16.9329 0.0162127 0)
(16.5877 0.0151943 0)
(16.2627 0.0142773 0)
(15.956 0.0134461 0)
(15.666 0.0126911 0)
(15.3912 0.0120002 0)
(15.1306 0.0113674 0)
(14.8829 0.0107826 0)
(14.6474 0.0102421 0)
(14.423 0.00973705 0)
(14.2092 0.00926382 0)
(14.0053 0.00881439 0)
(13.8109 0.00838387 0)
(13.6256 0.00795877 0)
(13.4497 0.00744953 0)
(13.2851 0.00686555 0)
(13.1256 0.00864324 0)
(12.9114 0.00726976 0)
(38.8754 0.603566 0)
(38.2954 0.377985 0)
(37.278 0.272824 0)
(36.0647 0.214639 0)
(34.7913 0.173419 0)
(33.5158 0.143464 0)
(32.272 0.120978 0)
(31.0828 0.10344 0)
(29.9619 0.0894196 0)
(28.9151 0.0780591 0)
(27.9427 0.0687597 0)
(27.0416 0.0610703 0)
(26.2073 0.0546478 0)
(25.4347 0.0492319 0)
(24.7183 0.0446244 0)
(24.0529 0.0406724 0)
(23.4337 0.0372572 0)
(22.8563 0.0342843 0)
(22.3167 0.03168 0)
(21.8113 0.0293837 0)
(21.337 0.0273482 0)
(20.891 0.0255333 0)
(20.4706 0.023908 0)
(20.0738 0.0224444 0)
(19.6984 0.0211219 0)
(19.3428 0.0199198 0)
(19.0054 0.0188248 0)
(18.6848 0.0178208 0)
(18.3797 0.0168989 0)
(18.0891 0.016046 0)
(17.8119 0.0152559 0)
(17.5474 0.0145174 0)
(17.2947 0.0138244 0)
(17.0532 0.0131665 0)
(16.8224 0.0125359 0)
(16.6021 0.0119115 0)
(16.3924 0.0111886 0)
(16.1946 0.0104658 0)
(16.001 0.012365 0)
(15.7691 0.0098777 0)
(39.1521 0.606762 0)
(38.9738 0.391792 0)
(38.4265 0.291077 0)
(37.6951 0.236236 0)
(36.874 0.196744 0)
(35.9984 0.167462 0)
(35.0925 0.144948 0)
(34.1785 0.126869 0)
(33.2743 0.111961 0)
(32.3928 0.0995086 0)
(31.5425 0.0890213 0)
(30.728 0.0801218 0)
(29.952 0.0725141 0)
(29.2149 0.0659656 0)
(28.5164 0.0602933 0)
(27.8551 0.0553505 0)
(27.2294 0.0510195 0)
(26.6373 0.0472037 0)
(26.0769 0.0438252 0)
(25.5459 0.0408185 0)
(25.0425 0.038131 0)
(24.5649 0.0357173 0)
(24.1111 0.0335415 0)
(23.6795 0.031571 0)
(23.2687 0.029781 0)
(22.8773 0.0281467 0)
(22.5038 0.0266513 0)
(22.1472 0.0252755 0)
(21.8063 0.0240075 0)
(21.4803 0.0228314 0)
(21.1681 0.0217384 0)
(20.8691 0.020715 0)
(20.5826 0.0197526 0)
(20.3079 0.018838 0)
(20.0446 0.01796 0)
(19.7923 0.0170884 0)
(19.5515 0.0161107 0)
(19.3228 0.0152326 0)
(19.0984 0.0170592 0)
(18.8508 0.0130175 0)
(39.2883 0.604358 0)
(39.3289 0.399179 0)
(39.0697 0.301914 0)
(38.6656 0.250295 0)
(38.1853 0.21301 0)
(37.6447 0.185226 0)
(37.0545 0.163703 0)
(36.4278 0.146167 0)
(35.778 0.131421 0)
(35.1168 0.11883 0)
(34.4534 0.107983 0)
(33.7952 0.0985694 0)
(33.1475 0.0903452 0)
(32.5143 0.0831191 0)
(31.8984 0.076739 0)
(31.3016 0.0710807 0)
(30.725 0.0660423 0)
(30.169 0.0615379 0)
(29.6337 0.0574963 0)
(29.1189 0.053856 0)
(28.6241 0.0505666 0)
(28.1487 0.0475832 0)
(27.692 0.0448697 0)
(27.2532 0.0423924 0)
(26.8317 0.0401251 0)
(26.4265 0.0380415 0)
(26.037 0.036123 0)
(25.6624 0.0343485 0)
(25.3021 0.0327043 0)
(24.9553 0.0311727 0)
(24.6214 0.029743 0)
(24.2999 0.0283996 0)
(23.9903 0.0271319 0)
(23.6921 0.025924 0)
(23.405 0.0247609 0)
(23.1289 0.0236032 0)
(22.8641 0.0223385 0)
(22.6108 0.0212808 0)
(22.3626 0.0228196 0)
(22.1039 0.0167431 0)
(39.3509 0.598375 0)
(39.4995 0.402558 0)
(39.4 0.307592 0)
(39.1935 0.258547 0)
(38.9372 0.223238 0)
(38.6363 0.197017 0)
(38.2915 0.176802 0)
(37.9075 0.160312 0)
(37.4913 0.146343 0)
(37.0496 0.134281 0)
(36.5891 0.123748 0)
(36.1152 0.114464 0)
(35.6331 0.106221 0)
(35.1471 0.0988553 0)
(34.6607 0.0922427 0)
(34.1769 0.0862817 0)
(33.6981 0.0808895 0)
(33.2261 0.075996 0)
(32.7624 0.0715426 0)
(32.308 0.0674776 0)
(31.8638 0.0637584 0)
(31.4302 0.0603459 0)
(31.0077 0.0572082 0)
(30.5964 0.0543149 0)
(30.1963 0.0516419 0)
(29.8075 0.0491644 0)
(29.4297 0.0468646 0)
(29.0629 0.0447218 0)
(28.7069 0.0427223 0)
(28.3614 0.040848 0)
(28.0261 0.0390877 0)
(27.701 0.0374248 0)
(27.3858 0.0358474 0)
(27.0802 0.0343376 0)
(26.7843 0.0328768 0)
(26.498 0.0314172 0)
(26.2218 0.0298541 0)
(25.9556 0.0285928 0)
(25.6955 0.0296326 0)
(25.4342 0.0210632 0)
(39.3776 0.59006 0)
(39.5731 0.403676 0)
(39.5541 0.310076 0)
(39.454 0.262883 0)
(39.3274 0.229051 0)
(39.1757 0.204046 0)
(38.9948 0.184974 0)
(38.7844 0.169538 0)
(38.5468 0.156502 0)
(38.2845 0.145236 0)
(38.0004 0.135359 0)
(37.6977 0.1266 0)
(37.3792 0.118755 0)
(37.0478 0.111676 0)
(36.7061 0.105248 0)
(36.3568 0.0993842 0)
(36.0019 0.0940137 0)
(35.6435 0.0890783 0)
(35.2833 0.08453 0)
(34.9229 0.080327 0)
(34.5635 0.0764347 0)
(34.2062 0.0728215 0)
(33.8519 0.0694617 0)
(33.5015 0.06633 0)
(33.1555 0.0634068 0)
(32.8145 0.0606709 0)
(32.4789 0.0581071 0)
(32.149 0.0556973 0)
(31.825 0.0534294 0)
(31.5073 0.0512867 0)
(31.1959 0.0492587 0)
(30.8911 0.0473293 0)
(30.5928 0.0454862 0)
(30.3013 0.0437106 0)
(30.0166 0.0419807 0)
(29.7392 0.0402419 0)
(29.4695 0.0384034 0)
(29.2075 0.0369301 0)
(28.9521 0.0372947 0)
(28.7006 0.0258967 0)
(39.3882 0.580105 0)
(39.6001 0.403625 0)
(39.6183 0.310797 0)
(39.5696 0.26489 0)
(39.5093 0.232069 0)
(39.4388 0.207837 0)
(39.3528 0.189541 0)
(39.2493 0.174898 0)
(39.1281 0.162636 0)
(38.9896 0.152105 0)
(38.8344 0.142912 0)
(38.6632 0.134775 0)
(38.4772 0.127486 0)
(38.2775 0.120894 0)
(38.0655 0.114885 0)
(37.8424 0.109372 0)
(37.6095 0.10429 0)
(37.3683 0.0995831 0)
(37.12 0.0952091 0)
(36.8657 0.0911308 0)
(36.6066 0.0873187 0)
(36.3437 0.0837462 0)
(36.078 0.0803919 0)
(35.8103 0.0772352 0)
(35.5415 0.0742602 0)
(35.2721 0.0714494 0)
(35.0029 0.0687907 0)
(34.7344 0.0662689 0)
(34.4672 0.0638741 0)
(34.2016 0.061592 0)
(33.9381 0.0594132 0)
(33.6771 0.0573231 0)
(33.4189 0.0553097 0)
(33.1639 0.053354 0)
(32.9125 0.0514316 0)
(32.665 0.0494832 0)
(32.4223 0.0474341 0)
(32.1843 0.0457695 0)
(31.9525 0.045351 0)
(31.7255 0.0310322 0)
(39.3924 0.568846 0)
(39.6067 0.40299 0)
(39.6412 0.310649 0)
(39.6149 0.265664 0)
(39.5847 0.233551 0)
(39.5529 0.20974 0)
(39.5146 0.191866 0)
(39.4679 0.177695 0)
(39.412 0.165933 0)
(39.3465 0.155917 0)
(39.2711 0.147241 0)
(39.1855 0.139615 0)
(39.0898 0.132824 0)
(38.9839 0.126707 0)
(38.8683 0.121147 0)
(38.7431 0.116052 0)
(38.6089 0.111354 0)
(38.4662 0.106997 0)
(38.3156 0.102938 0)
(38.1576 0.099138 0)
(37.9929 0.0955702 0)
(37.8221 0.0922086 0)
(37.6459 0.0890335 0)
(37.4648 0.0860259 0)
(37.2794 0.0831718 0)
(37.0903 0.0804555 0)
(36.898 0.0778668 0)
(36.703 0.0753924 0)
(36.5059 0.073024 0)
(36.3071 0.0707486 0)
(36.107 0.0685583 0)
(35.9061 0.0664395 0)
(35.7048 0.0643805 0)
(35.5035 0.0623621 0)
(35.3027 0.0603576 0)
(35.1028 0.0583047 0)
(34.9046 0.0561432 0)
(34.7083 0.0543385 0)
(34.5171 0.0531193 0)
(34.3279 0.0361295 0)
(39.3943 0.55643 0)
(39.6051 0.402016 0)
(39.6471 0.310114 0)
(39.6301 0.265843 0)
(39.6119 0.234299 0)
(39.5963 0.210702 0)
(39.579 0.193007 0)
(39.5583 0.179056 0)
(39.5338 0.16755 0)
(39.5052 0.157816 0)
(39.4719 0.149444 0)
(39.4336 0.14214 0)
(39.3899 0.135684 0)
(39.3405 0.12991 0)
(39.2851 0.124695 0)
(39.2237 0.119944 0)
(39.1561 0.115584 0)
(39.0825 0.111555 0)
(39.0027 0.107811 0)
(38.9171 0.104313 0)
(38.8257 0.101032 0)
(38.7288 0.0979387 0)
(38.6265 0.0950141 0)
(38.5193 0.0922384 0)
(38.4072 0.0895971 0)
(38.2906 0.0870748 0)
(38.1699 0.0846611 0)
(38.0453 0.0823432 0)
(37.9171 0.0801127 0)
(37.7857 0.0779576 0)
(37.6513 0.0758696 0)
(37.5143 0.0738356 0)
(37.375 0.0718436 0)
(37.2338 0.0698738 0)
(37.091 0.0678968 0)
(36.9471 0.0658484 0)
(36.8026 0.0636784 0)
(36.658 0.061798 0)
(36.5173 0.0598482 0)
(36.3732 0.0408001 0)
(39.3956 0.542915 0)
(39.6004 0.400755 0)
(39.6465 0.309422 0)
(39.6336 0.265739 0)
(39.6199 0.234738 0)
(39.6104 0.21127 0)
(39.6012 0.19362 0)
(39.5908 0.179741 0)
(39.5793 0.168331 0)
(39.5666 0.158713 0)
(39.5523 0.150478 0)
(39.5362 0.14333 0)
(39.5179 0.137047 0)
(39.4971 0.131463 0)
(39.4735 0.126452 0)
(39.4469 0.121915 0)
(39.4171 0.117778 0)
(39.384 0.113978 0)
(39.3473 0.110467 0)
(39.307 0.107203 0)
(39.2631 0.104154 0)
(39.2155 0.101292 0)
(39.1641 0.0985933 0)
(39.109 0.0960387 0)
(39.0503 0.0936116 0)
(38.988 0.0912957 0)
(38.9222 0.0890798 0)
(38.853 0.0869502 0)
(38.7805 0.0848978 0)
(38.7049 0.08291 0)
(38.6262 0.0809779 0)
(38.5446 0.0790878 0)
(38.4604 0.0772266 0)
(38.3737 0.0753733 0)
(38.2847 0.0734958 0)
(38.1938 0.0715286 0)
(38.1012 0.0694258 0)
(38.0077 0.0675212 0)
(37.9171 0.0649675 0)
(37.8174 0.0447455 0)
(39.397 0.528338 0)
(39.5945 0.39916 0)
(39.6436 0.30867 0)
(39.6331 0.265483 0)
(39.6211 0.235055 0)
(39.6138 0.211705 0)
(39.6074 0.194045 0)
(39.6007 0.180165 0)
(39.5938 0.168771 0)
(39.587 0.159178 0)
(39.58 0.150979 0)
(39.5727 0.143882 0)
(39.5648 0.137663 0)
(39.5563 0.132157 0)
(39.5468 0.127235 0)
(39.5362 0.122801 0)
(39.5244 0.118776 0)
(39.5111 0.115098 0)
(39.4963 0.111717 0)
(39.4798 0.108591 0)
(39.4614 0.105687 0)
(39.4412 0.102973 0)
(39.4189 0.100428 0)
(39.3946 0.0980288 0)
(39.3682 0.0957588 0)
(39.3396 0.0936008 0)
(39.3088 0.0915421 0)
(39.2758 0.0895686 0)
(39.2406 0.08767 0)
(39.2032 0.085833 0)
(39.1636 0.0840475 0)
(39.1218 0.0822991 0)
(39.0779 0.0805733 0)
(39.0321 0.0788476 0)
(38.9843 0.0770877 0)
(38.9348 0.0752268 0)
(38.8836 0.0732185 0)
(38.8315 0.0713083 0)
(38.7817 0.0682896 0)
(38.7187 0.0478669 0)
(39.3986 0.512741 0)
(39.588 0.397133 0)
(39.6397 0.307892 0)
(39.6312 0.265124 0)
(39.6202 0.235315 0)
(39.6137 0.21211 0)
(39.6083 0.194424 0)
(39.6028 0.180516 0)
(39.5975 0.169102 0)
(39.5925 0.159495 0)
(39.5879 0.151286 0)
(39.5836 0.144187 0)
(39.5795 0.137975 0)
(39.5753 0.132484 0)
(39.5711 0.127586 0)
(39.5667 0.123184 0)
(39.562 0.119199 0)
(39.5568 0.115568 0)
(39.5512 0.112242 0)
(39.545 0.109178 0)
(39.5382 0.106341 0)
(39.5306 0.103701 0)
(39.5222 0.101234 0)
(39.5129 0.0989187 0)
(39.5026 0.0967365 0)
(39.4914 0.0946701 0)
(39.4791 0.0927062 0)
(39.4656 0.0908301 0)
(39.4511 0.0890308 0)
(39.4353 0.0872945 0)
(39.4184 0.0856104 0)
(39.4003 0.0839631 0)
(39.3809 0.0823374 0)
(39.3603 0.0807094 0)
(39.3386 0.0790431 0)
(39.3158 0.0772712 0)
(39.2919 0.075343 0)
(39.2675 0.0734151 0)
(39.2453 0.0700486 0)
(39.2077 0.0502923 0)
(39.4006 0.496192 0)
(39.5813 0.394553 0)
(39.6352 0.307092 0)
(39.6287 0.264675 0)
(39.6185 0.235532 0)
(39.6125 0.212519 0)
(39.6076 0.194809 0)
(39.6026 0.180863 0)
(39.5978 0.169418 0)
(39.5934 0.15978 0)
(39.5896 0.151543 0)
(39.5862 0.14442 0)
(39.5831 0.138191 0)
(39.5803 0.132687 0)
(39.5778 0.127783 0)
(39.5753 0.123379 0)
(39.573 0.119398 0)
(39.5707 0.115776 0)
(39.5683 0.112463 0)
(39.5659 0.109416 0)
(39.5633 0.106601 0)
(39.5605 0.103986 0)
(39.5575 0.101549 0)
(39.5543 0.0992669 0)
(39.5507 0.0971212 0)
(39.5468 0.0950945 0)
(39.5425 0.0931732 0)
(39.5378 0.0913424 0)
(39.5327 0.0895905 0)
(39.527 0.0879037 0)
(39.5209 0.0862703 0)
(39.5143 0.0846749 0)
(39.5072 0.0831012 0)
(39.4995 0.0815246 0)
(39.4914 0.0799078 0)
(39.4827 0.0781835 0)
(39.4736 0.0762952 0)
(39.4645 0.0743142 0)
(39.4574 0.0706744 0)
(39.4346 0.0522025 0)
(39.403 0.478787 0)
(39.5743 0.391292 0)
(39.6302 0.306258 0)
(39.626 0.264143 0)
(39.6165 0.235698 0)
(39.6109 0.212935 0)
(39.6064 0.195216 0)
(39.6017 0.181229 0)
(39.5971 0.169748 0)
(39.593 0.160074 0)
(39.5894 0.151802 0)
(39.5863 0.144647 0)
(39.5835 0.13839 0)
(39.5812 0.132864 0)
(39.5791 0.127941 0)
(39.5772 0.123522 0)
(39.5755 0.11953 0)
(39.574 0.115901 0)
(39.5726 0.112583 0)
(39.5713 0.109534 0)
(39.57 0.10672 0)
(39.5688 0.104109 0)
(39.5676 0.101678 0)
(39.5663 0.0994035 0)
(39.565 0.0972684 0)
(39.5637 0.0952548 0)
(39.5623 0.0933488 0)
(39.5607 0.0915358 0)
(39.5591 0.089804 0)
(39.5574 0.0881398 0)
(39.5555 0.0865312 0)
(39.5535 0.0849629 0)
(39.5514 0.083418 0)
(39.5491 0.0818717 0)
(39.5467 0.080286 0)
(39.5441 0.0785943 0)
(39.5415 0.0767328 0)
(39.5393 0.0746948 0)
(39.5388 0.0708651 0)
(39.5234 0.0540672 0)
(39.4059 0.460655 0)
(39.5671 0.38722 0)
(39.6247 0.305357 0)
(39.6229 0.263532 0)
(39.6142 0.235803 0)
(39.6091 0.213354 0)
(39.605 0.195645 0)
(39.6005 0.181619 0)
(39.5961 0.170102 0)
(39.5922 0.16039 0)
(39.5887 0.152079 0)
(39.5857 0.144888 0)
(39.5831 0.138599 0)
(39.5809 0.133045 0)
(39.5789 0.128099 0)
(39.5772 0.12366 0)
(39.5757 0.119651 0)
(39.5744 0.116007 0)
(39.5733 0.112678 0)
(39.5723 0.109619 0)
(39.5713 0.106795 0)
(39.5705 0.104177 0)
(39.5698 0.101738 0)
(39.5691 0.0994564 0)
(39.5684 0.0973132 0)
(39.5678 0.0952907 0)
(39.5672 0.0933741 0)
(39.5667 0.0915486 0)
(39.5661 0.0898017 0)
(39.5656 0.0881193 0)
(39.5651 0.0864888 0)
(39.5646 0.0848945 0)
(39.5641 0.0833188 0)
(39.5636 0.0817365 0)
(39.5632 0.0801088 0)
(39.5628 0.0783696 0)
(39.5626 0.0764473 0)
(39.5628 0.0742644 0)
(39.5643 0.0702148 0)
(39.5523 0.0551483 0)
(39.4093 0.441955 0)
(39.56 0.382221 0)
(39.6187 0.304342 0)
(39.6194 0.262848 0)
(39.6116 0.235832 0)
(39.607 0.213766 0)
(39.6033 0.196096 0)
(39.5991 0.182033 0)
(39.595 0.17048 0)
(39.5912 0.160729 0)
(39.5878 0.152378 0)
(39.5849 0.145148 0)
(39.5824 0.138825 0)
(39.5802 0.133241 0)
(39.5784 0.128269 0)
(39.5767 0.123809 0)
(39.5753 0.119782 0)
(39.5741 0.116124 0)
(39.573 0.112785 0)
(39.5721 0.109719 0)
(39.5713 0.106894 0)
(39.5705 0.104278 0)
(39.5699 0.101847 0)
(39.5694 0.0995802 0)
(39.5689 0.0974582 0)
(39.5684 0.0954647 0)
(39.5681 0.0935855 0)
(39.5678 0.0918067 0)
(39.5675 0.0901161 0)
(39.5673 0.0885003 0)
(39.5671 0.0869468 0)
(39.567 0.0854401 0)
(39.567 0.0839623 0)
(39.567 0.0824879 0)
(39.5671 0.0809777 0)
(39.5674 0.0793658 0)
(39.5678 0.0775724 0)
(39.5686 0.0754585 0)
(39.5704 0.071476 0)
(39.56 0.0584126 0)
(39.4133 0.422878 0)
(39.5529 0.376201 0)
(39.6122 0.303145 0)
(39.6155 0.262093 0)
(39.6088 0.235772 0)
(39.6047 0.214156 0)
(39.6014 0.196562 0)
(39.5975 0.182471 0)
(39.5936 0.170881 0)
(39.59 0.161092 0)
(39.5868 0.152698 0)
(39.584 0.145427 0)
(39.5816 0.139065 0)
(39.5795 0.133447 0)
(39.5776 0.128442 0)
(39.5761 0.123952 0)
(39.5747 0.119896 0)
(39.5735 0.116207 0)
(39.5725 0.112832 0)
(39.5716 0.109726 0)
(39.5708 0.106852 0)
(39.5701 0.104176 0)
(39.5695 0.101672 0)
(39.569 0.0993145 0)
(39.5686 0.0970843 0)
(39.5682 0.0949621 0)
(39.5679 0.0929322 0)
(39.5676 0.0909792 0)
(39.5674 0.0890901 0)
(39.5673 0.087251 0)
(39.5672 0.0854491 0)
(39.5672 0.0836692 0)
(39.5673 0.0818936 0)
(39.5674 0.0800973 0)
(39.5677 0.0782418 0)
(39.568 0.0762625 0)
(39.5686 0.0740722 0)
(39.5695 0.0714814 0)
(39.5709 0.0670379 0)
(39.5615 0.0552691 0)
(39.4178 0.403638 0)
(39.5459 0.369101 0)
(39.6053 0.30168 0)
(39.6112 0.261268 0)
(39.6057 0.235612 0)
(39.6021 0.214507 0)
(39.5992 0.197037 0)
(39.5957 0.18293 0)
(39.592 0.171308 0)
(39.5886 0.161482 0)
(39.5855 0.153049 0)
(39.5829 0.14574 0)
(39.5806 0.139347 0)
(39.5785 0.133706 0)
(39.5768 0.128691 0)
(39.5753 0.124204 0)
(39.574 0.120168 0)
(39.5728 0.116522 0)
(39.5718 0.113217 0)
(39.571 0.110211 0)
(39.5702 0.107473 0)
(39.5695 0.104975 0)
(39.569 0.102692 0)
(39.5685 0.100606 0)
(39.5681 0.0986957 0)
(39.5677 0.0969456 0)
(39.5674 0.0953397 0)
(39.5671 0.0938622 0)
(39.5669 0.0924983 0)
(39.5668 0.0912323 0)
(39.5668 0.0900484 0)
(39.5668 0.0889282 0)
(39.5668 0.0878506 0)
(39.567 0.086787 0)
(39.5673 0.0856956 0)
(39.5676 0.0845101 0)
(39.5681 0.0831339 0)
(39.5689 0.0813403 0)
(39.5699 0.0778245 0)
(39.5617 0.0686794 0)
(39.423 0.384467 0)
(39.5393 0.36091 0)
(39.5979 0.299848 0)
(39.6065 0.260363 0)
(39.6022 0.235341 0)
(39.5991 0.214799 0)
(39.5967 0.197505 0)
(39.5936 0.183395 0)
(39.5902 0.171738 0)
(39.587 0.161865 0)
(39.5841 0.153373 0)
(39.5816 0.145994 0)
(39.5794 0.139518 0)
(39.5774 0.133777 0)
(39.5758 0.128635 0)
(39.5743 0.123984 0)
(39.5731 0.119735 0)
(39.572 0.115814 0)
(39.571 0.11216 0)
(39.5702 0.108723 0)
(39.5695 0.105461 0)
(39.5689 0.102341 0)
(39.5684 0.0993354 0)
(39.5679 0.0964223 0)
(39.5675 0.0935848 0)
(39.5672 0.0908093 0)
(39.5669 0.0880851 0)
(39.5667 0.085403 0)
(39.5665 0.0827556 0)
(39.5664 0.0801351 0)
(39.5664 0.0775334 0)
(39.5664 0.0749403 0)
(39.5665 0.072342 0)
(39.5667 0.0697166 0)
(39.567 0.0670281 0)
(39.5673 0.0642144 0)
(39.5678 0.0611742 0)
(39.5685 0.0576519 0)
(39.5691 0.0524828 0)
(39.5611 0.0430029 0)
(39.4286 0.365604 0)
(39.5331 0.351672 0)
(39.5902 0.297545 0)
(39.6012 0.259363 0)
(39.5983 0.234961 0)
(39.5958 0.215031 0)
(39.5938 0.197988 0)
(39.5912 0.183925 0)
(39.5881 0.172279 0)
(39.5851 0.162427 0)
(39.5824 0.153979 0)
(39.58 0.146687 0)
(39.5779 0.140367 0)
(39.5761 0.134876 0)
(39.5745 0.130103 0)
(39.5731 0.125964 0)
(39.5719 0.122394 0)
(39.5709 0.119337 0)
(39.5699 0.116744 0)
(39.5691 0.11457 0)
(39.5684 0.112774 0)
(39.5678 0.111318 0)
(39.5672 0.110164 0)
(39.5668 0.109275 0)
(39.5664 0.108619 0)
(39.566 0.108164 0)
(39.5657 0.107879 0)
(39.5655 0.107736 0)
(39.5653 0.107709 0)
(39.5652 0.107774 0)
(39.5651 0.107905 0)
(39.5651 0.10808 0)
(39.5652 0.10827 0)
(39.5653 0.108446 0)
(39.5656 0.108564 0)
(39.5659 0.108562 0)
(39.5663 0.108336 0)
(39.5668 0.107639 0)
(39.567 0.105546 0)
(39.5612 0.100429 0)
(39.4347 0.347284 0)
(39.5274 0.341487 0)
(39.5822 0.294654 0)
(39.5954 0.258201 0)
(39.594 0.234396 0)
(39.5921 0.215051 0)
(39.5906 0.198244 0)
(39.5884 0.184131 0)
(39.5856 0.172304 0)
(39.5829 0.162159 0)
(39.5805 0.153271 0)
(39.5783 0.145347 0)
(39.5764 0.138155 0)
(39.5747 0.131503 0)
(39.5732 0.125241 0)
(39.572 0.119255 0)
(39.5709 0.113464 0)
(39.57 0.107812 0)
(39.5692 0.102262 0)
(39.5685 0.096797 0)
(39.5679 0.0914062 0)
(39.5674 0.0860886 0)
(39.567 0.0808472 0)
(39.5666 0.0756871 0)
(39.5663 0.070614 0)
(39.5661 0.0656333 0)
(39.5658 0.060749 0)
(39.5657 0.0559636 0)
(39.5656 0.0512772 0)
(39.5655 0.0466873 0)
(39.5655 0.0421885 0)
(39.5655 0.0377711 0)
(39.5656 0.0334199 0)
(39.5658 0.0291105 0)
(39.5661 0.0248034 0)
(39.5664 0.0204319 0)
(39.5668 0.0158795 0)
(39.5672 0.0108714 0)
(39.5671 0.00459921 0)
(39.5594 -0.00364782 0)
(39.4412 0.32976 0)
(39.5223 0.330587 0)
(39.574 0.291228 0)
(39.589 0.257075 0)
(39.5892 0.234076 0)
(39.5879 0.215581 0)
(39.5869 0.19947 0)
(39.5851 0.185971 0)
(39.5827 0.174932 0)
(39.5802 0.165928 0)
(39.5779 0.158655 0)
(39.5759 0.152922 0)
(39.574 0.148575 0)
(39.5723 0.145461 0)
(39.5708 0.143434 0)
(39.5695 0.142347 0)
(39.5683 0.142061 0)
(39.5673 0.142446 0)
(39.5664 0.143382 0)
(39.5656 0.144762 0)
(39.5649 0.146492 0)
(39.5643 0.148489 0)
(39.5638 0.150684 0)
(39.5633 0.153019 0)
(39.5629 0.155444 0)
(39.5626 0.157918 0)
(39.5623 0.160408 0)
(39.5621 0.162885 0)
(39.5619 0.165326 0)
(39.5618 0.167711 0)
(39.5618 0.170022 0)
(39.5618 0.172242 0)
(39.5619 0.174353 0)
(39.5621 0.176335 0)
(39.5623 0.178158 0)
(39.5626 0.179775 0)
(39.5629 0.181099 0)
(39.5631 0.181932 0)
(39.5627 0.18174 0)
(39.5608 0.179901 0)
(39.4479 0.313003 0)
(39.5179 0.318739 0)
(39.5658 0.286385 0)
(39.5822 0.254495 0)
(39.5839 0.231629 0)
(39.5834 0.2128 0)
(39.5828 0.195623 0)
(39.5816 0.180057 0)
(39.5798 0.165883 0)
(39.5779 0.152591 0)
(39.5761 0.139789 0)
(39.5745 0.127274 0)
(39.5731 0.114956 0)
(39.5719 0.102807 0)
(39.5709 0.0908403 0)
(39.5701 0.0790886 0)
(39.5693 0.0675935 0)
(39.5687 0.0563949 0)
(39.5681 0.0455262 0)
(39.5676 0.035013 0)
(39.5672 0.0248726 0)
(39.5668 0.0151148 0)
(39.5665 0.00574265 0)
(39.5662 -0.00324627 0)
(39.5659 -0.011859 0)
(39.5657 -0.0201063 0)
(39.5655 -0.0280019 0)
(39.5654 -0.0355621 0)
(39.5653 -0.0428056 0)
(39.5652 -0.0497532 0)
(39.5651 -0.0564281 0)
(39.5652 -0.062857 0)
(39.5652 -0.0690711 0)
(39.5653 -0.0751093 0)
(39.5655 -0.0810235 0)
(39.5658 -0.0868893 0)
(39.566 -0.0928283 0)
(39.5661 -0.0990743 0)
(39.5654 -0.106032 0)
(39.5559 -0.11302 0)
(39.4547 0.298776 0)
(39.514 0.308981 0)
(39.5574 0.284685 0)
(39.5745 0.257665 0)
(39.5776 0.238427 0)
(39.5775 0.224284 0)
(39.5772 0.213354 0)
(39.576 0.205809 0)
(39.5741 0.201685 0)
(39.5719 0.200515 0)
(39.5697 0.201722 0)
(39.5677 0.204795 0)
(39.5659 0.209285 0)
(39.5642 0.214803 0)
(39.5627 0.221025 0)
(39.5615 0.22769 0)
(39.5604 0.234596 0)
(39.5594 0.241589 0)
(39.5586 0.248551 0)
(39.5579 0.255397 0)
(39.5574 0.262066 0)
(39.5569 0.268516 0)
(39.5565 0.274718 0)
(39.5562 0.280654 0)
(39.556 0.286314 0)
(39.5558 0.291694 0)
(39.5556 0.296793 0)
(39.5556 0.301614 0)
(39.5555 0.30616 0)
(39.5556 0.310437 0)
(39.5556 0.314449 0)
(39.5558 0.318199 0)
(39.5559 0.321688 0)
(39.5562 0.324913 0)
(39.5564 0.327864 0)
(39.5567 0.330514 0)
(39.5569 0.332808 0)
(39.5569 0.334613 0)
(39.5565 0.335618 0)
(39.5612 0.335062 0)
(39.462 0.278524 0)
(39.5115 0.287805 0)
(39.5502 0.264875 0)
(39.5679 0.234112 0)
(39.5728 0.205885 0)
(39.5744 0.17879 0)
(39.5756 0.151057 0)
(39.5761 0.122984 0)
(39.576 0.0952401 0)
(39.5755 0.0681785 0)
(39.5749 0.0420064 0)
(39.5742 0.0169047 0)
(39.5736 -0.00698898 0)
(39.5729 -0.0295982 0)
(39.5723 -0.0508983 0)
(39.5717 -0.0709016 0)
(39.5711 -0.0896456 0)
(39.5705 -0.107184 0)
(39.5699 -0.123581 0)
(39.5694 -0.138904 0)
(39.5689 -0.153226 0)
(39.5685 -0.166614 0)
(39.568 -0.179137 0)
(39.5676 -0.19086 0)
(39.5672 -0.201844 0)
(39.5669 -0.212145 0)
(39.5665 -0.22182 0)
(39.5662 -0.230919 0)
(39.566 -0.239491 0)
(39.5658 -0.247583 0)
(39.5656 -0.25524 0)
(39.5655 -0.262509 0)
(39.5654 -0.269435 0)
(39.5654 -0.27607 0)
(39.5654 -0.282469 0)
(39.5654 -0.288702 0)
(39.5654 -0.294861 0)
(39.5651 -0.301058 0)
(39.5638 -0.307253 0)
(39.549 -0.311735 0)
(39.4669 0.292212 0)
(39.5063 0.31474 0)
(39.5386 0.313639 0)
(39.5541 0.308543 0)
(39.558 0.30999 0)
(39.5579 0.317574 0)
(39.5571 0.32875 0)
(39.5557 0.342277 0)
(39.5539 0.357453 0)
(39.5519 0.373522 0)
(39.5502 0.38981 0)
(39.5486 0.405845 0)
(39.5474 0.421335 0)
(39.5463 0.436103 0)
(39.5455 0.450049 0)
(39.5449 0.46313 0)
(39.5445 0.475342 0)
(39.5442 0.486703 0)
(39.544 0.497246 0)
(39.5439 0.507014 0)
(39.5438 0.516053 0)
(39.5439 0.524408 0)
(39.544 0.532125 0)
(39.5441 0.539248 0)
(39.5443 0.545819 0)
(39.5445 0.551873 0)
(39.5448 0.557447 0)
(39.545 0.562569 0)
(39.5453 0.567269 0)
(39.5456 0.571568 0)
(39.546 0.575488 0)
(39.5463 0.579044 0)
(39.5467 0.582247 0)
(39.5472 0.585103 0)
(39.5476 0.587611 0)
(39.548 0.589758 0)
(39.5483 0.591506 0)
(39.5484 0.592754 0)
(39.5486 0.593166 0)
(39.5634 0.591217 0)
(39.4807 0.188101 0)
(39.5144 0.176753 0)
(39.5449 0.13629 0)
(39.5637 0.0814493 0)
(39.5728 0.024147 0)
(39.5778 -0.0316213 0)
(39.5811 -0.0850594 0)
(39.5832 -0.135384 0)
(39.5841 -0.181863 0)
(39.5841 -0.224248 0)
(39.5836 -0.262666 0)
(39.5828 -0.297388 0)
(39.5818 -0.328726 0)
(39.5807 -0.357003 0)
(39.5795 -0.382535 0)
(39.5783 -0.40562 0)
(39.5772 -0.426526 0)
(39.576 -0.445496 0)
(39.5749 -0.462745 0)
(39.5739 -0.478462 0)
(39.5729 -0.492812 0)
(39.5719 -0.50594 0)
(39.571 -0.517973 0)
(39.5701 -0.529024 0)
(39.5693 -0.53919 0)
(39.5686 -0.548558 0)
(39.5679 -0.557204 0)
(39.5673 -0.565198 0)
(39.5667 -0.572601 0)
(39.5661 -0.579469 0)
(39.5656 -0.585853 0)
(39.5652 -0.591801 0)
(39.5648 -0.597357 0)
(39.5645 -0.602564 0)
(39.5642 -0.607462 0)
(39.564 -0.612087 0)
(39.5636 -0.616452 0)
(39.5628 -0.620478 0)
(39.5602 -0.623645 0)
(39.5361 -0.623691 0)
(39.461 0.44473 0)
(39.4794 0.512187 0)
(39.4961 0.565325 0)
(39.5051 0.610686 0)
(39.5081 0.653256 0)
(39.5089 0.693199 0)
(39.5097 0.72927 0)
(39.5106 0.761173 0)
(39.5114 0.789308 0)
(39.5123 0.814116 0)
(39.5132 0.835936 0)
(39.5143 0.855093 0)
(39.5154 0.87191 0)
(39.5166 0.88669 0)
(39.5178 0.899697 0)
(39.5189 0.911161 0)
(39.5201 0.921279 0)
(39.5213 0.930219 0)
(39.5224 0.938124 0)
(39.5236 0.945117 0)
(39.5246 0.951302 0)
(39.5257 0.956765 0)
(39.5267 0.961582 0)
(39.5276 0.965816 0)
(39.5286 0.96952 0)
(39.5295 0.972738 0)
(39.5304 0.975508 0)
(39.5312 0.977858 0)
(39.5321 0.979814 0)
(39.5329 0.981391 0)
(39.5337 0.982602 0)
(39.5345 0.983453 0)
(39.5353 0.983943 0)
(39.5361 0.984068 0)
(39.5368 0.983816 0)
(39.5376 0.983172 0)
(39.5382 0.982108 0)
(39.5389 0.980516 0)
(39.5412 0.977899 0)
(39.5696 0.972015 0)
(39.5376 -0.190777 0)
(39.5625 -0.271398 0)
(39.5857 -0.366003 0)
(39.6011 -0.461723 0)
(39.6086 -0.548601 0)
(39.6112 -0.623677 0)
(39.6113 -0.687991 0)
(39.6101 -0.7431 0)
(39.6078 -0.790157 0)
(39.6049 -0.830206 0)
(39.6017 -0.864314 0)
(39.5985 -0.893471 0)
(39.5953 -0.918507 0)
(39.5922 -0.940099 0)
(39.5892 -0.9588 0)
(39.5865 -0.975066 0)
(39.5839 -0.989272 0)
(39.5814 -1.00172 0)
(39.5792 -1.01267 0)
(39.5771 -1.02232 0)
(39.5751 -1.03084 0)
(39.5733 -1.03838 0)
(39.5716 -1.04505 0)
(39.57 -1.05095 0)
(39.5685 -1.05616 0)
(39.5671 -1.06076 0)
(39.5658 -1.06479 0)
(39.5646 -1.06832 0)
(39.5634 -1.07137 0)
(39.5624 -1.07399 0)
(39.5614 -1.0762 0)
(39.5604 -1.07802 0)
(39.5596 -1.07947 0)
(39.5587 -1.08056 0)
(39.5579 -1.08128 0)
(39.5571 -1.08162 0)
(39.5561 -1.08152 0)
(39.5544 -1.0807 0)
(39.5496 -1.07824 0)
(39.5123 -1.07192 0)
(39.3685 1.06955 0)
(39.3678 1.22137 0)
(39.3749 1.33762 0)
(39.3855 1.42014 0)
(39.3965 1.47823 0)
(39.4069 1.52009 0)
(39.4164 1.55034 0)
(39.4252 1.57171 0)
(39.4332 1.58642 0)
(39.4403 1.59636 0)
(39.4466 1.60289 0)
(39.4523 1.60696 0)
(39.4574 1.60921 0)
(39.462 1.61012 0)
(39.4661 1.61003 0)
(39.4699 1.60919 0)
(39.4733 1.60778 0)
(39.4764 1.60593 0)
(39.4792 1.60373 0)
(39.4819 1.60125 0)
(39.4843 1.59854 0)
(39.4866 1.59562 0)
(39.4887 1.59252 0)
(39.4907 1.58926 0)
(39.4926 1.58584 0)
(39.4944 1.58226 0)
(39.4961 1.57852 0)
(39.4977 1.57459 0)
(39.4993 1.57047 0)
(39.5008 1.56613 0)
(39.5023 1.56154 0)
(39.5037 1.55666 0)
(39.5052 1.55145 0)
(39.5066 1.54587 0)
(39.5081 1.53989 0)
(39.5095 1.53349 0)
(39.5111 1.52671 0)
(39.5134 1.51958 0)
(39.5198 1.51179 0)
(39.564 1.50108 0)
)
;

boundaryField
{
    inlet
    {
        type            fixedValue;
        value           uniform (39.53 0 0);
    }
    outlet
    {
        type            zeroGradient;
    }
    plate
    {
        type            noSlip;
    }
    farfield
    {
        type            fixedValue;
        value           uniform (39.53 0 0);
    }
    upstreamSlip
    {
        type            symmetry;
    }
    frontAndBack
    {
        type            empty;
    }
}


// ************************************************************************* //
