/*--------------------------------*- C++ -*----------------------------------*\
| =========                 |                                                 |
| \\      /  F ield         | OpenFOAM: The Open Source CFD Toolbox           |
|  \\    /   O peration     | Version:  2512                                  |
|   \\  /    A nd           | Website:  www.openfoam.com                      |
|    \\/     M anipulation  |                                                 |
\*---------------------------------------------------------------------------*/
FoamFile
{
    version     2.0;
    format      ascii;
    arch        "LSB;label=32;scalar=64";
    class       volScalarField;
    location    "0.0499878";
    object      k;
}
// * * * * * * * * * * * * * * * * * * * * * * * * * * * * * * * * * * * * * //

dimensions      [0 2 -2 0 0 0 0];

internalField   nonuniform List<scalar> 
8800
(
0.63900578
0.54955614
0.49838256
0.46385809
0.44308104
0.42670589
0.41729322
0.40866234
0.40428258
0.39939152
0.39745523
0.3942585
0.39459987
0.39955935
0.63900435
0.54955991
0.49837732
0.46386598
0.44307041
0.42672049
0.41727374
0.40868895
0.4042463
0.39943837
0.39742363
0.39434283
0.39443712
0.39755976
0.63900127
0.54956799
0.4983661
0.46388277
0.443048
0.42675098
0.41723374
0.40874237
0.40417503
0.39953579
0.39728122
0.3947338
0.3932918
0.39413986
0.63899633
0.54958092
0.49834833
0.46390914
0.44301333
0.42679721
0.41717489
0.40881765
0.40408066
0.39965595
0.397122
0.39495815
0.39321321
0.39255312
0.63898933
0.54959913
0.49832362
0.46394527
0.44296696
0.42685725
0.41710193
0.40890495
0.40398251
0.39975976
0.39703083
0.39498453
0.39336546
0.39228866
0.63898014
0.54962289
0.49829196
0.46399065
0.4429106
0.42692725
0.41702214
0.40899202
0.40389885
0.39982633
0.39700522
0.39494972
0.39343018
0.39231275
0.63896864
0.54965229
0.49825372
0.46404404
0.44284718
0.42700183
0.41694415
0.40906757
0.40383986
0.39985791
0.39700904
0.39492652
0.39343529
0.39233001
0.63895485
0.54968717
0.49820976
0.46410341
0.44278064
0.42707474
0.41687603
0.40912425
0.40380628
0.3998683
0.39701444
0.39492715
0.39342073
0.39233831
0.63893886
0.54972703
0.49816143
0.46416605
0.44271547
0.42714003
0.41682368
0.40915976
0.40379297
0.39986931
0.39701515
0.39493562
0.39341045
0.39233941
0.63892089
0.54977107
0.49811053
0.46422884
0.44265601
0.42719318
0.41678954
0.40917625
0.40379337
0.39986574
0.39701712
0.39493739
0.39341141
0.39233257
0.63890132
0.54981812
0.49805919
0.46428863
0.44260572
0.42723206
0.41677238
0.40917883
0.40380165
0.39985859
0.39702463
0.3949306
0.39341964
0.39232102
0.63888064
0.54986676
0.49800962
0.46434272
0.44256649
0.42725732
0.41676787
0.40917408
0.40381262
0.39985002
0.39703507
0.39492166
0.39342812
0.39231029
0.63885952
0.54991533
0.49796392
0.4643892
0.44253833
0.42727212
0.41676988
0.40916856
0.40382135
0.39984422
0.39704251
0.39491701
0.39343233
0.39230374
0.63883872
0.5499621
0.49792383
0.46442727
0.44251952
0.42728096
0.41677243
0.40916732
0.4038242
0.39984469
0.39704339
0.39491874
0.39343124
0.39230188
0.6388191
0.55000534
0.49789053
0.46445712
0.44250737
0.42728815
0.41677147
0.40917243
0.40382038
0.39985156
0.39703851
0.39492503
0.39342671
0.39230287
0.63880154
0.5500435
0.49786461
0.46447965
0.4424992
0.42729628
0.41676614
0.40918254
0.40381225
0.39986174
0.39703134
0.3949325
0.39342135
0.39230445
0.63878692
0.55007528
0.49784611
0.46449594
0.4424933
0.42730547
0.41675855
0.40919379
0.40380399
0.39987095
0.39702555
0.39493824
0.39341732
0.3923049
0.63877604
0.5500997
0.49783473
0.46450676
0.44248943
0.42731372
0.41675234
0.40920199
0.40379923
0.39987615
0.39702313
0.39494077
0.39341547
0.39230351
0.63876959
0.55011613
0.49782996
0.46451238
0.4424884
0.42731831
0.41675054
0.40920456
0.40379944
0.3998765
0.39702423
0.39494007
0.39341563
0.39230033
0.63876802
0.55012435
0.49783117
0.46451276
0.44249123
0.42731749
0.41675404
0.40920154
0.40380372
0.39987311
0.39702761
0.39493715
0.39341681
0.39229599
0.63877154
0.55012459
0.49783757
0.46450802
0.44249806
0.42731144
0.41676139
0.40919489
0.40380982
0.39986791
0.39703146
0.39493328
0.39341792
0.39229123
0.63878001
0.55011765
0.49784802
0.46449893
0.44250772
0.42730214
0.41676978
0.40918729
0.4038153
0.39986278
0.39703429
0.39492953
0.39341809
0.3922866
0.63879281
0.55010493
0.49786095
0.46448708
0.442518
0.42729227
0.41677662
0.40918073
0.40381869
0.39985867
0.39703535
0.39492634
0.39341701
0.39228231
0.63880885
0.5500885
0.49787437
0.46447466
0.44252657
0.427284
0.41678047
0.40917606
0.40381961
0.39985578
0.3970347
0.39492372
0.39341477
0.39227831
0.63882649
0.55007096
0.49788614
0.46446388
0.44253173
0.42727845
0.4167811
0.40917332
0.40381838
0.39985388
0.39703276
0.39492148
0.39341172
0.39227451
0.63884371
0.5500552
0.49789433
0.46445657
0.44253277
0.42727596
0.41677889
0.40917233
0.40381554
0.39985283
0.39702991
0.39491963
0.39340814
0.392271
0.63885821
0.55004397
0.49789758
0.4644539
0.44252976
0.4272765
0.4167744
0.40917299
0.40381152
0.39985271
0.39702646
0.39491834
0.3934043
0.39226796
0.63886784
0.55003941
0.49789541
0.46445617
0.44252343
0.42727982
0.41676837
0.40917519
0.40380688
0.3998536
0.39702281
0.39491777
0.39340057
0.39226559
0.63887093
0.55004252
0.49788837
0.46446282
0.44251512
0.42728529
0.41676188
0.40917864
0.4038024
0.39985536
0.39701959
0.39491794
0.39339742
0.39226404
0.63886671
0.55005291
0.49787797
0.46447253
0.44250656
0.42729185
0.41675626
0.40918268
0.40379903
0.39985766
0.39701745
0.39491877
0.39339535
0.39226335
0.63885549
0.55006891
0.49786623
0.4644835
0.44249948
0.42729832
0.4167527
0.40918662
0.40379756
0.39986019
0.3970169
0.39492014
0.39339469
0.39226351
0.63883868
0.55008803
0.49785504
0.46449409
0.44249501
0.4273039
0.41675172
0.40919012
0.4037982
0.39986277
0.39701805
0.39492193
0.39339551
0.39226442
0.63881847
0.55010777
0.49784554
0.46450338
0.44249322
0.42730835
0.41675306
0.4091931
0.40380061
0.39986537
0.39702055
0.39492413
0.3933975
0.39226603
0.63879728
0.55012625
0.49783778
0.46451144
0.44249305
0.4273123
0.41675553
0.40919606
0.40380389
0.39986814
0.3970238
0.39492658
0.39340019
0.39226811
0.63877728
0.55014254
0.49783099
0.46451898
0.44249289
0.42731657
0.41675775
0.40919941
0.40380693
0.39987122
0.39702686
0.39492934
0.39340284
0.39227048
0.63876004
0.55015644
0.49782433
0.46452666
0.44249148
0.42732172
0.41675862
0.40920338
0.40380888
0.39987465
0.39702912
0.39493221
0.39340494
0.39227285
0.63874641
0.550168
0.49781744
0.46453459
0.44248843
0.42732761
0.41675787
0.40920784
0.4038095
0.39987818
0.39703034
0.39493492
0.39340624
0.39227497
0.63873655
0.55017716
0.49781081
0.46454209
0.44248441
0.42733353
0.41675599
0.40921219
0.40380912
0.39988138
0.39703069
0.3949372
0.39340681
0.39227661
0.63873012
0.55018377
0.49780528
0.46454828
0.44248046
0.42733859
0.4167539
0.40921578
0.40380835
0.39988387
0.39703056
0.39493883
0.39340689
0.39227768
0.63872639
0.55018798
0.49780145
0.46455257
0.4424775
0.42734214
0.41675231
0.40921822
0.40380772
0.39988549
0.39703032
0.39493978
0.39340675
0.39227821
0.63872452
0.55019021
0.49779934
0.46455498
0.44247585
0.42734416
0.41675148
0.40921959
0.40380743
0.39988635
0.39703017
0.39494019
0.39340657
0.39227836
0.63872374
0.55019114
0.49779851
0.46455602
0.44247524
0.42734506
0.4167513
0.40922022
0.40380743
0.39988671
0.39703013
0.39494028
0.39340644
0.39227831
0.63872351
0.55019138
0.4977984
0.46455631
0.44247521
0.42734537
0.41675143
0.40922048
0.40380758
0.39988686
0.39703017
0.39494027
0.39340637
0.39227822
0.63872348
0.55019136
0.49779854
0.46455634
0.44247539
0.42734549
0.41675164
0.40922063
0.40380777
0.39988694
0.39703023
0.39494024
0.39340636
0.39227815
0.63872353
0.55019128
0.49779873
0.46455634
0.44247556
0.42734556
0.41675185
0.40922076
0.40380797
0.39988704
0.39703033
0.39494027
0.3934064
0.39227817
0.6387236
0.55019121
0.49779886
0.46455641
0.44247569
0.42734567
0.41675205
0.40922093
0.40380816
0.39988718
0.39703045
0.39494036
0.3934065
0.39227827
0.63872367
0.55019116
0.49779894
0.4645565
0.4424758
0.42734582
0.41675225
0.40922114
0.40380837
0.39988737
0.39703062
0.39494052
0.39340666
0.39227845
0.63872371
0.55019115
0.49779902
0.46455656
0.44247592
0.427346
0.41675247
0.40922139
0.40380861
0.3998876
0.39703083
0.39494074
0.39340691
0.39227872
0.63872374
0.55019115
0.49779909
0.46455664
0.44247604
0.4273462
0.41675269
0.40922166
0.40380888
0.39988788
0.3970311
0.39494103
0.39340722
0.39227907
0.63872376
0.55019117
0.49779917
0.46455673
0.44247617
0.4273464
0.41675294
0.40922195
0.40380918
0.3998882
0.39703143
0.39494139
0.39340761
0.39227949
0.63872377
0.5501912
0.49779923
0.46455684
0.44247633
0.42734661
0.41675323
0.40922226
0.40380953
0.39988856
0.39703182
0.39494182
0.39340807
0.39227999
0.63872376
0.55019124
0.49779929
0.46455697
0.44247652
0.42734683
0.41675355
0.40922259
0.40380992
0.39988897
0.39703228
0.39494231
0.3934086
0.39228058
0.63872374
0.55019131
0.49779935
0.46455712
0.44247672
0.42734706
0.41675388
0.40922297
0.40381036
0.39988944
0.39703281
0.39494289
0.39340922
0.39228124
0.63872371
0.55019138
0.49779943
0.46455727
0.44247693
0.42734733
0.41675424
0.40922339
0.40381085
0.39988998
0.39703341
0.39494354
0.39340992
0.39228198
0.63872368
0.55019145
0.49779952
0.46455741
0.44247717
0.42734763
0.41675465
0.40922385
0.40381139
0.39989057
0.39703407
0.39494425
0.3934107
0.39228279
0.63872366
0.55019151
0.49779962
0.46455756
0.44247743
0.42734797
0.41675509
0.40922437
0.40381199
0.39989123
0.3970348
0.39494505
0.39341154
0.39228368
0.63872364
0.55019156
0.49779971
0.46455773
0.44247771
0.42734834
0.41675558
0.40922493
0.40381265
0.39989196
0.39703561
0.39494592
0.39341246
0.39228465
0.63872364
0.55019161
0.49779981
0.46455791
0.44247802
0.42734875
0.41675611
0.40922556
0.40381336
0.39989276
0.39703649
0.39494686
0.39341346
0.39228569
0.63872363
0.55019166
0.49779991
0.46455812
0.44247835
0.4273492
0.41675668
0.40922624
0.40381415
0.39989363
0.39703744
0.39494788
0.39341454
0.39228682
0.63872364
0.55019171
0.49780003
0.46455834
0.44247872
0.4273497
0.4167573
0.40922698
0.403815
0.39989457
0.39703848
0.39494898
0.3934157
0.39228802
0.63872365
0.55019174
0.49780017
0.4645586
0.44247911
0.42735024
0.41675798
0.40922779
0.40381592
0.3998956
0.39703959
0.39495017
0.39341694
0.3922893
0.63872367
0.55019177
0.49780032
0.46455889
0.44247953
0.42735083
0.41675871
0.40922867
0.40381691
0.39989671
0.39704078
0.39495143
0.39341826
0.39229066
0.63872369
0.55019181
0.49780049
0.4645592
0.44247999
0.42735148
0.41675951
0.40922962
0.40381799
0.3998979
0.39704206
0.39495278
0.39341966
0.3922921
0.63872371
0.55019186
0.49780067
0.46455955
0.4424805
0.42735218
0.41676038
0.40923065
0.40381914
0.39989917
0.39704342
0.39495421
0.39342115
0.39229363
0.63872374
0.55019192
0.49780086
0.46455992
0.44248106
0.42735295
0.41676132
0.40923175
0.40382038
0.39990052
0.39704486
0.39495572
0.39342271
0.39229523
0.63872376
0.55019198
0.49780106
0.46456033
0.44248168
0.42735378
0.41676234
0.40923293
0.4038217
0.39990195
0.39704638
0.39495731
0.39342436
0.39229692
0.63872378
0.55019205
0.4978013
0.46456077
0.44248235
0.42735467
0.41676342
0.4092342
0.4038231
0.39990347
0.39704799
0.39495899
0.39342609
0.39229869
0.6387238
0.55019214
0.49780156
0.46456126
0.44248308
0.42735564
0.41676459
0.40923554
0.40382459
0.39990508
0.39704969
0.39496076
0.39342791
0.39230054
0.63872382
0.55019224
0.49780184
0.46456179
0.44248386
0.42735667
0.41676584
0.40923697
0.40382617
0.39990678
0.39705147
0.39496261
0.39342981
0.39230248
0.63872383
0.55019235
0.49780216
0.46456237
0.44248472
0.42735778
0.41676718
0.40923849
0.40382784
0.39990856
0.39705335
0.39496455
0.3934318
0.39230451
0.63872384
0.55019248
0.49780251
0.46456299
0.44248564
0.42735897
0.4167686
0.4092401
0.4038296
0.39991044
0.39705532
0.39496659
0.39343388
0.39230663
0.63872386
0.55019262
0.49780289
0.46456367
0.44248663
0.42736023
0.41677011
0.4092418
0.40383146
0.39991241
0.39705738
0.39496871
0.39343606
0.39230883
0.63872387
0.55019277
0.49780331
0.4645644
0.44248769
0.42736158
0.41677171
0.4092436
0.40383341
0.39991448
0.39705953
0.39497093
0.39343832
0.39231113
0.63872389
0.55019293
0.49780376
0.46456519
0.44248882
0.42736302
0.4167734
0.40924549
0.40383546
0.39991665
0.39706178
0.39497324
0.39344068
0.39231353
0.63872392
0.55019311
0.49780424
0.46456604
0.44249003
0.42736454
0.41677519
0.40924748
0.4038376
0.39991891
0.39706413
0.39497565
0.39344314
0.39231602
0.63872395
0.5501933
0.49780477
0.46456695
0.44249132
0.42736616
0.41677707
0.40924957
0.40383986
0.39992128
0.39706658
0.39497817
0.3934457
0.39231862
0.63872398
0.55019351
0.49780533
0.46456792
0.44249269
0.42736787
0.41677906
0.40925177
0.40384222
0.39992376
0.39706915
0.3949808
0.39344838
0.39232133
0.63872401
0.55019374
0.49780593
0.46456896
0.44249415
0.42736968
0.41678115
0.40925409
0.4038447
0.39992636
0.39707184
0.39498356
0.39345118
0.39232416
0.63872405
0.55019398
0.49780657
0.46457006
0.44249569
0.4273716
0.41678336
0.40925653
0.4038473
0.39992909
0.39707466
0.39498644
0.39345411
0.39232713
0.63872409
0.55019423
0.49780724
0.46457121
0.44249726
0.42737354
0.4167856
0.40925898
0.40384992
0.39993183
0.39707749
0.39498933
0.39345705
0.3923301
6.5112033
27.378597
38.742892
37.30308
33.067324
29.873848
29.693584
30.204593
31.028864
31.23108
31.106284
30.757929
30.296278
29.807532
29.300396
28.782927
28.27938
27.792859
27.322233
26.870178
26.437945
26.023968
25.634267
25.26408
24.908802
24.567424
24.239416
23.925739
23.627049
23.338944
23.060969
22.79163
22.533146
22.28335
22.041803
21.806895
21.579215
21.358911
21.144302
20.935424
20.73217
20.534476
20.341094
20.152197
19.968003
19.787976
19.611515
19.438933
19.270029
19.104343
18.941858
18.782449
18.625877
18.472213
18.321017
18.172448
18.026425
17.8825
17.740978
17.601578
17.464258
17.328983
17.195493
17.064115
16.934409
16.806456
16.680341
16.556081
16.433025
16.311804
16.192826
16.075042
15.958514
15.845146
15.735426
15.627903
15.523761
15.429265
15.349702
15.284693
15.230784
15.187015
15.158397
15.149484
15.155017
15.165436
15.172959
15.175259
15.174864
15.174167
15.173952
15.174014
15.174088
15.174107
15.174109
15.17407
0.60092705
1.9185049
5.4193069
10.136081
16.780964
23.996811
30.918537
34.782011
36.285546
36.151263
35.735532
35.205052
34.707401
34.191104
33.669976
33.1554
32.68405
32.221947
31.767406
31.332235
30.917282
30.518297
30.147706
29.786489
29.430961
29.08614
28.753409
28.435328
28.131268
27.831856
27.540814
27.256841
26.985391
26.720333
26.462422
26.2096
25.964529
25.726875
25.493483
25.265819
25.043861
24.827437
24.614483
24.406296
24.203125
24.003894
23.807995
23.616366
23.428481
23.243672
23.062281
22.884069
22.708755
22.536579
22.366826
22.199963
22.03582
21.873706
21.714371
21.557203
21.402229
21.249552
21.098669
20.950171
20.803466
20.658644
20.515724
20.375046
20.235496
20.097819
19.962854
19.829241
19.696554
19.567189
19.442191
19.319614
19.199518
19.088787
18.994658
18.917594
18.853821
18.800747
18.76324
18.748245
18.752591
18.76397
18.773616
18.77705
18.776804
18.775963
18.77561
18.775648
18.77573
18.775755
18.775759
18.775722
0.4069549
0.48601528
0.76916332
1.2568558
2.175393
3.4036288
6.0109912
9.0707921
13.129137
16.901036
20.514009
22.941233
24.272887
25.03907
25.470356
25.695896
25.835587
25.882603
25.870698
25.827108
25.752535
25.655781
25.558135
25.437303
25.298298
25.150368
24.996534
24.842684
24.688606
24.523995
24.357116
24.187119
24.022346
23.854587
23.686888
23.517193
23.350194
23.185443
23.019353
22.854984
22.692541
22.53207
22.371207
22.21243
22.056193
21.9012
21.747035
21.5953
21.445344
21.296495
21.149483
21.004102
20.860153
20.71811
20.577104
20.437973
20.300516
20.163918
20.02937
19.896041
19.764074
19.633713
19.50433
19.376774
19.250325
19.125164
19.001295
18.879262
18.75767
18.637451
18.519646
18.402651
18.285871
18.171949
18.062002
17.953721
17.846404
17.746546
17.661397
17.591454
17.533143
17.483154
17.44575
17.428833
17.431058
17.440778
17.450382
17.454101
17.454058
17.453292
17.452902
17.452916
17.452986
17.453008
17.45301
17.45298
0.39337341
0.40025182
0.42371243
0.47368786
0.59098399
0.69926039
0.95044772
1.4070977
2.3944948
4.0904901
6.6174024
10.073561
13.562123
16.155814
17.962316
19.299299
20.296699
20.957595
21.438117
21.796368
22.064997
22.261168
22.419214
22.524094
22.588614
22.622712
22.630912
22.623731
22.601445
22.554607
22.496132
22.424558
22.350496
22.264266
22.172051
22.07119
21.968239
21.862376
21.750085
21.636052
21.520302
21.403175
21.282177
21.16092
21.039872
20.917607
20.793963
20.671108
20.548246
20.424759
20.301723
20.178936
20.056302
19.934509
19.812526
19.691565
19.571372
19.451017
19.332123
19.213624
19.095794
18.979002
18.862485
18.747364
18.632777
18.518987
18.405995
18.294556
18.18295
18.072322
17.963961
17.855948
17.747515
17.641679
17.539677
17.438722
17.337439
17.242354
17.161078
17.094074
17.037703
16.987918
16.948745
16.929349
16.929938
16.938695
16.94866
16.952758
16.952884
16.952152
16.951722
16.95172
16.951785
16.951807
16.951806
16.951779
0.39159848
0.39196658
0.39439016
0.40104262
0.41779879
0.43281877
0.45543432
0.48922344
0.56886403
0.75917481
1.194394
2.1256558
4.0932381
6.6260075
9.5655006
12.042962
14.015628
15.557286
16.793228
17.730385
18.464628
19.049398
19.529866
19.889345
20.176418
20.403997
20.583649
20.727101
20.839189
20.916041
20.969836
20.999108
21.016551
21.012414
20.99664
20.964785
20.925654
20.877808
20.818476
20.754007
20.683679
20.608404
20.525776
20.440543
20.35295
20.261562
20.166598
20.070704
19.972925
19.872773
19.771649
19.669345
19.565905
19.462208
19.357073
19.252111
19.146977
19.040664
18.935224
18.829335
18.723432
18.618001
18.51214
18.407247
18.302328
18.197716
18.093413
17.990404
17.886619
17.783428
17.682384
17.581243
17.479048
17.379237
17.283197
17.187618
17.090482
16.998482
16.919707
16.854523
16.799114
16.748716
16.707226
16.685199
16.68429
16.692329
16.702741
16.707242
16.707525
16.706814
16.706347
16.706331
16.706394
16.706417
16.706415
16.706389
0.39135405
0.39035323
0.39022588
0.39078164
0.39275501
0.39536641
0.39870324
0.40164741
0.40730254
0.42052816
0.45384594
0.54324174
0.79819677
1.3851439
2.6953683
4.604983
7.0210779
9.289838
11.221142
12.836454
14.189398
15.312699
16.231318
16.962528
17.562426
18.047624
18.449221
18.783091
19.055179
19.271689
19.449801
19.589722
19.70705
19.793013
19.860073
19.904435
19.934462
19.949138
19.947189
19.936442
19.914655
19.884079
19.842473
19.795701
19.743547
19.684762
19.620066
19.552486
19.480947
19.405146
19.326791
19.245694
19.162073
19.076966
18.989079
18.90045
18.810595
18.718486
18.626608
18.533356
18.439362
18.345225
18.249908
18.155084
18.059643
17.963981
17.868106
17.773246
17.676973
17.580879
17.486806
17.392173
17.295824
17.20165
17.111205
17.020622
16.927266
16.838054
16.761603
16.698102
16.643474
16.592279
16.548343
16.523685
16.521302
16.528738
16.539578
16.544477
16.544914
16.544222
16.543718
16.543691
16.543754
16.543779
16.543775
16.543751
0.3913406
0.39013304
0.38910132
0.3883698
0.38789278
0.38786863
0.38781338
0.38763744
0.38712124
0.38748874
0.38925466
0.39564528
0.41513835
0.47040566
0.62898408
1.0111122
1.8611482
3.3640435
5.2619368
7.2998238
9.151179
10.748772
12.182271
13.399167
14.423992
15.26187
15.969677
16.559724
17.048677
17.453767
17.792635
18.072404
18.313222
18.504288
18.665442
18.794558
18.901159
18.985573
19.04827
19.096123
19.128408
19.147268
19.151072
19.146777
19.133495
19.110442
19.078918
19.042225
18.999283
18.949963
18.896282
18.83814
18.775938
18.710838
18.641491
18.570394
18.496864
18.419922
18.342489
18.26265
18.181274
18.099073
18.014873
17.930627
17.84513
17.758825
17.671734
17.585353
17.496875
17.40812
17.321236
17.233303
17.142954
17.054558
16.96985
16.884382
16.794914
16.708626
16.634686
16.573035
16.519262
16.467292
16.420904
16.393641
16.389793
16.396668
16.407897
16.413186
16.413774
16.4131
16.412565
16.412526
16.412589
16.412616
16.412611
16.412589
0.39131674
0.39013885
0.3888592
0.38773635
0.38655983
0.38570901
0.38469554
0.38391991
0.38256406
0.38153934
0.38013323
0.3794735
0.38029913
0.38463986
0.39826121
0.43588832
0.53799235
0.79788401
1.364354
2.4872609
4.0439259
5.8593453
7.5924842
9.1563541
10.578162
11.829452
12.929684
13.857344
14.641529
15.305568
15.861672
16.328813
16.730632
17.060688
17.343469
17.578295
17.779045
17.945258
18.081258
18.195004
18.287186
18.361599
18.416786
18.459547
18.489083
18.506187
18.511544
18.509031
18.497794
18.477724
18.451202
18.418353
18.379712
18.336524
18.287489
18.235575
18.179832
18.119424
18.057704
17.992423
17.924721
17.855431
17.783248
17.710396
17.635607
17.559358
17.481683
17.404379
17.324242
17.243321
17.164089
17.08329
16.999329
16.917071
16.838456
16.758432
16.673166
16.59011
16.51902
16.459518
16.40678
16.35415
16.305355
16.275517
16.270201
16.276531
16.288097
16.293768
16.294507
16.293855
16.29329
16.293241
16.293303
16.293332
16.293327
16.293306
0.39129518
0.39013448
0.38882159
0.38757468
0.38619598
0.38497916
0.38363938
0.38247642
0.381058
0.37965757
0.37811229
0.3763802
0.37499844
0.3738651
0.37441282
0.37763179
0.38767753
0.41469302
0.48397577
0.66196356
1.0571786
1.9078557
3.1887247
4.7653762
6.3930056
7.9023206
9.276928
10.550424
11.677814
12.667833
13.50834
14.229629
14.848484
15.366532
15.812133
16.185236
16.507207
16.778541
17.007447
17.202632
17.367507
17.505949
17.618966
17.714409
17.791881
17.85408
17.900841
17.93646
17.960011
17.97288
17.976462
17.971746
17.959222
17.940218
17.913637
17.882895
17.846702
17.804486
17.760018
17.710691
17.657953
17.602774
17.54372
17.483272
17.420146
17.354827
17.287368
17.219901
17.148807
17.076361
17.005385
16.932291
16.855236
16.779599
16.707553
16.633416
16.552773
16.473354
16.405533
16.348549
16.297092
16.243969
16.19284
16.160458
16.153661
16.159454
16.171295
16.177343
16.178234
16.177606
16.177014
16.176954
16.177015
16.177047
16.177041
16.177022
0.39128689
0.39010838
0.38881833
0.38751419
0.38612054
0.38472939
0.38330169
0.38186087
0.38043412
0.37883345
0.37734588
0.37547321
0.37385914
0.37186785
0.37041391
0.36914994
0.36950652
0.37187635
0.37937421
0.39910528
0.44835763
0.57553878
0.86740542
1.4898872
2.5648945
3.9459225
5.4688626
6.9104687
8.2471813
9.5012812
10.638007
11.657912
12.544457
13.306487
13.969129
14.52802
15.0128
15.423559
15.774337
16.074315
16.330971
16.550665
16.73512
16.894542
17.028429
17.141572
17.234573
17.312733
17.375499
17.425086
17.462442
17.488778
17.50528
17.513232
17.511609
17.50434
17.489737
17.467637
17.442204
17.410452
17.374173
17.334497
17.289864
17.242991
17.192638
17.139267
17.082955
17.026212
16.964983
16.901764
16.839748
16.77503
16.705496
16.637046
16.572126
16.5044
16.428879
16.353562
16.289485
16.235444
16.185559
16.132155
16.078785
16.043887
16.035592
16.040853
16.052894
16.059319
16.060364
16.059763
16.059147
16.059076
16.059136
16.05917
16.059165
16.059148
0.39128659
0.39007568
0.38881608
0.38747006
0.38610825
0.38463545
0.38320623
0.38162392
0.38016612
0.37845993
0.37695046
0.37507813
0.37344017
0.37137979
0.36963146
0.36752647
0.36605855
0.36460589
0.36474494
0.36637358
0.37196839
0.38689144
0.42384864
0.51609384
0.73674739
1.1953308
2.1233948
3.3426731
4.7468924
6.1255328
7.4235351
8.6370487
9.7762121
10.800073
11.71894
12.509284
13.20508
13.79908
14.312508
14.751764
15.129267
15.45477
15.730671
15.970639
16.174959
16.351072
16.499863
16.628305
16.735429
16.825964
16.900886
16.962143
17.011006
17.048994
17.075246
17.093749
17.103258
17.103476
17.099109
17.08679
17.068661
17.046077
17.017336
16.985362
16.949048
16.908779
16.864669
16.819654
16.769223
16.716081
16.663824
16.608242
16.546926
16.486304
16.429136
16.368412
16.298577
16.227879
16.168071
16.117443
16.069466
16.016033
15.960534
15.92315
15.913335
15.918066
15.930225
15.93703
15.938231
15.93766
15.937023
15.936941
15.937
15.937036
15.93703
15.937016
0.39128575
0.39004802
0.38880825
0.38743583
0.38609558
0.38459318
0.3831687
0.38154393
0.38004945
0.37830948
0.37674173
0.37488232
0.37320741
0.37119441
0.36938617
0.36721324
0.36533917
0.3631846
0.36155765
0.36005873
0.35975425
0.3608468
0.36506854
0.37654531
0.40491701
0.47339594
0.64617469
1.0150227
1.782093
2.8847459
4.1856324
5.5048627
6.7615799
7.9347094
9.0607716
10.081235
11.014483
11.826072
12.543657
13.16209
13.697928
14.162522
14.55882
14.903839
15.198926
15.455137
15.673585
15.864133
16.025845
16.165507
16.284511
16.385135
16.470048
16.541468
16.598892
16.646088
16.682376
16.707619
16.726356
16.735498
16.73756
16.733871
16.722688
16.707099
16.686253
16.660381
16.629659
16.5975
16.558914
16.516801
16.475194
16.429598
16.377279
16.325196
16.276476
16.223407
16.159889
16.094377
16.039408
15.992713
15.947019
15.893852
15.83636
15.796521
15.785161
15.789359
15.801558
15.808741
15.810102
15.809565
15.808909
15.808815
15.808873
15.808911
15.808905
15.808893
0.39128011
0.39002944
0.38879257
0.38741307
0.38607278
0.38457152
0.38313589
0.38151832
0.37998807
0.37825792
0.37663216
0.37479397
0.37306312
0.37110271
0.36924282
0.36714404
0.36513639
0.36293868
0.36084154
0.35873365
0.35681933
0.35530334
0.35448813
0.35516614
0.35832214
0.36721006
0.38979061
0.44461283
0.58288117
0.88986845
1.5285584
2.5473747
3.7549873
5.0254657
6.2331208
7.3733306
8.4707327
9.483285
10.41872
11.241858
11.970142
12.609095
13.160587
13.642245
14.055686
14.416123
14.724379
14.994082
15.224667
15.425235
15.598197
15.746823
15.874707
15.984844
16.077178
16.156279
16.222406
16.275494
16.31989
16.352901
16.377452
16.394537
16.402667
16.405255
16.401496
16.391468
16.375463
16.357419
16.331852
16.30183
16.271862
16.237197
16.194744
16.151986
16.112482
16.067789
16.011285
15.951578
15.902067
15.859876
15.81689
15.76433
15.705004
15.662745
15.649813
15.653471
15.665634
15.673192
15.674715
15.674216
15.673545
15.67344
15.673494
15.673534
15.673529
15.673519
0.39126932
0.3900187
0.38877129
0.38739913
0.38604404
0.38455891
0.38310127
0.38150781
0.37994418
0.37824175
0.37656859
0.37476076
0.37297303
0.37105822
0.3691403
0.36711299
0.36504027
0.36290221
0.36066821
0.35846249
0.35613905
0.35401813
0.35184831
0.35022055
0.34898051
0.34933424
0.35169516
0.35884952
0.37747745
0.42311179
0.53695652
0.80120719
1.3496718
2.2979938
3.4360581
4.6457896
5.8121165
6.921281
7.9875748
8.9887636
9.911757
10.744144
11.478566
12.128405
12.691775
13.186063
13.610489
13.982341
14.301581
14.579908
14.820836
15.029458
15.210129
15.367368
15.501687
15.618564
15.718579
15.802653
15.875532
15.935161
15.984603
16.024755
16.054305
16.077079
16.092037
16.099452
16.099728
16.09721
16.085976
16.069225
16.051999
16.029314
15.997694
15.965127
15.935687
15.900162
15.851445
15.798217
15.754838
15.717781
15.677975
15.626415
15.565447
15.52081
15.506277
15.509385
15.521437
15.529363
15.531053
15.530595
15.529912
15.529795
15.529847
15.529888
15.529883
15.529875
0.39125599
0.39001226
0.38874825
0.3873893
0.38601478
0.3845491
0.38306817
0.38149946
0.37990771
0.37823344
0.37652552
0.37474728
0.37291743
0.37103549
0.36907358
0.36708659
0.36497797
0.36288152
0.36061264
0.35840866
0.35598715
0.3537158
0.35120699
0.34899866
0.34660581
0.34484608
0.34325853
0.34335044
0.34512565
0.35100894
0.36679186
0.40610898
0.5037238
0.73789333
1.2341059
2.1067982
3.1950032
4.3534685
5.4822018
6.5614612
7.593649
8.5803378
9.4901132
10.322265
11.058158
11.713987
12.283393
12.784927
13.217759
13.595999
13.923693
14.208759
14.455991
14.672015
14.85814
15.021003
15.16195
15.282803
15.388889
15.478263
15.555244
15.621045
15.674375
15.719434
15.755157
15.781814
15.800137
15.814745
15.819034
15.817044
15.813789
15.804248
15.78454
15.763121
15.744685
15.719194
15.679125
15.633114
15.596599
15.565368
15.529272
15.479166
15.416785
15.369818
15.353654
15.356203
15.368068
15.376354
15.378214
15.377802
15.37711
15.376982
15.37703
15.377072
15.377068
15.377062
0.39124298
0.39000668
0.38872682
0.38737974
0.3859887
0.38453838
0.38303979
0.38148886
0.37987811
0.37822304
0.37649451
0.37473508
0.37288312
0.3710177
0.36903488
0.36706124
0.36493946
0.36285344
0.36058334
0.35837975
0.35595492
0.35363776
0.35107045
0.3486734
0.34602426
0.34365388
0.34112928
0.33912108
0.33743467
0.33705306
0.33842935
0.34341689
0.35721773
0.3923091
0.48040187
0.69355526
1.153093
1.9706594
3.0223483
4.1348467
5.2338815
6.2787365
7.2787915
8.2465333
9.1410144
9.9680281
10.700908
11.356717
11.929251
12.433082
12.870947
13.253459
13.585352
13.875758
14.127053
14.347242
14.538783
14.70449
14.850617
14.975574
15.084866
15.179695
15.259423
15.329107
15.387895
15.435792
15.474072
15.507552
15.529067
15.5432
15.555424
15.56016
15.553647
15.544436
15.538044
15.523538
15.493077
15.455088
15.426237
15.401597
15.369804
15.321672
15.258155
15.208918
15.191093
15.193071
15.204674
15.213309
15.215345
15.214981
15.214286
15.214145
15.21419
15.214232
15.214228
15.214224
0.39123232
0.38999973
0.38870902
0.38736835
0.38596748
0.38452499
0.38301741
0.38147454
0.37985575
0.37820799
0.3764728
0.37471845
0.37286206
0.37099748
0.36901397
0.36703515
0.3649191
0.36282148
0.36056743
0.35834501
0.35594779
0.35359446
0.35105472
0.34857054
0.34590773
0.34331128
0.34059721
0.33796989
0.33541435
0.33309677
0.33132769
0.33049375
0.33158136
0.3359699
0.34854402
0.38096584
0.46302629
0.66284497
1.1017406
1.8806034
2.9091858
3.9807383
5.048357
6.0603155
7.0302367
7.9772792
8.8558049
9.6722682
10.399581
11.05083
11.622747
12.126397
12.56501
12.94956
13.28326
13.575636
13.830567
14.05209
14.247555
14.41607
14.564306
14.693851
14.804688
14.902622
14.987051
15.058385
15.118785
15.173071
15.213652
15.245558
15.274786
15.295428
15.303103
15.307442
15.31429
15.311744
15.291998
15.262913
15.242601
15.225398
15.19857
15.153013
15.088693
15.037257
15.017744
15.019139
15.030405
15.039376
15.041591
15.041279
15.040585
15.040431
15.040472
15.040515
15.04051
15.040508
0.39122474
0.38999067
0.38869532
0.38735465
0.38595129
0.38450886
0.3830008
0.3814569
0.37983982
0.37818902
0.37645825
0.37469764
0.37284926
0.37097397
0.36900304
0.36700762
0.36491002
0.36278877
0.36056116
0.35830741
0.35594737
0.35355289
0.3510604
0.34851625
0.34589856
0.34320001
0.34047964
0.33764501
0.33487983
0.3320099
0.32938239
0.32679988
0.32488707
0.32372806
0.32461664
0.32861601
0.34042507
0.37130615
0.45041384
0.64355147
1.0749836
1.8332881
2.843242
3.8793345
4.9150881
5.8959505
6.8398881
7.7638984
8.6258284
9.4283711
10.14701
10.791211
11.358498
11.859225
12.296003
12.679236
13.013871
13.305388
13.56229
13.784893
13.981002
14.152961
14.301396
14.433026
14.547741
14.646321
14.731292
14.808498
14.87021
14.921722
14.96966
15.007824
15.031179
15.05038
15.07181
15.082592
15.074172
15.055276
15.044461
15.035635
15.014512
14.972219
14.9075
14.85395
14.832725
14.833522
14.84438
14.853673
14.856071
14.855814
14.855127
14.854959
14.854996
14.855038
14.855034
14.855033
0.39121983
0.38997985
0.38868508
0.38733932
0.38593907
0.38449102
0.38298847
0.38143739
0.37982836
0.37816812
0.37644823
0.37467508
0.37284095
0.37094929
0.36899665
0.36698028
0.36490559
0.3627581
0.36055872
0.35827313
0.35594743
0.35351593
0.35106371
0.3484778
0.34590054
0.34315344
0.34045578
0.33754974
0.33474488
0.33170656
0.3288472
0.32577428
0.32302725
0.32021801
0.31816566
0.31676297
0.31751078
0.32127578
0.332722
0.36307213
0.44192791
0.63483537
1.0699967
1.8223483
2.8162163
3.8213698
4.8257008
5.7777868
6.6979015
7.5988493
8.4430891
9.2300757
9.9370802
10.571715
11.131804
11.626506
12.060237
12.43934
12.773084
13.063184
13.31866
13.543008
13.737635
13.910252
14.061576
14.192678
14.30671
14.410549
14.495923
14.569061
14.637613
14.695096
14.735787
14.77132
14.808745
14.83438
14.838175
14.830742
14.830484
14.831136
14.816429
14.778249
14.713625
14.65806
14.635106
14.635284
14.64567
14.655266
14.657853
14.657652
14.656979
14.656796
14.656828
14.65687
14.656866
14.656867
0.39121653
0.38996828
0.38867697
0.3873236
0.38592925
0.38447308
0.38297854
0.381418
0.37981909
0.37814764
0.37644004
0.37465342
0.37283392
0.37092633
0.36899084
0.3669559
0.36490092
0.36273224
0.36055488
0.35824587
0.355944
0.35348812
0.35106011
0.34845111
0.3458957
0.34312855
0.34044464
0.33751742
0.33470688
0.33162432
0.3287008
0.32548895
0.32250497
0.31924796
0.31636953
0.31336422
0.31117889
0.30958687
0.31025321
0.31392683
0.32539549
0.35621306
0.43740488
0.63603727
1.0848944
1.843214
2.8206016
3.798564
4.7745467
5.6994785
6.5966307
7.4752769
8.301423
9.0713181
9.7645758
10.387176
10.938826
11.424753
11.853588
12.227704
12.557077
12.846442
13.098214
13.321143
13.517298
13.687871
13.837032
13.972598
14.085959
14.184276
14.275974
14.354766
14.41463
14.468135
14.523117
14.565075
14.58268
14.587582
14.599194
14.610824
14.60297
14.569826
14.506046
14.448575
14.423888
14.42341
14.433283
14.443155
14.445934
14.445794
14.44514
14.444942
14.444968
14.445009
14.445006
14.445008
0.39121365
0.38995707
0.38866965
0.3873088
0.38592028
0.38445644
0.38296924
0.38140033
0.37981011
0.37812939
0.37643165
0.37463466
0.37282605
0.37090708
0.36898338
0.3669363
0.36489367
0.3627125
0.3605475
0.35822635
0.35593594
0.35346932
0.35105084
0.34843385
0.34588489
0.34311339
0.34043205
0.33750287
0.3346887
0.3316004
0.32865709
0.32541358
0.32235791
0.31898115
0.31586415
0.31243551
0.3094248
0.30624146
0.30393713
0.30219944
0.30284712
0.30658241
0.31846848
0.35075954
0.43690493
0.64708744
1.11962
1.8895944
2.8539953
3.8063988
4.7564793
5.6551739
6.5316317
7.3880882
8.1953166
8.9467727
9.6255576
10.233589
10.775198
11.25138
11.671786
12.041681
12.36436
12.649401
12.900755
13.119579
13.31163
13.485569
13.632712
13.761068
13.880026
13.983604
14.065184
14.13848
14.212744
14.272665
14.305631
14.324197
14.349016
14.373074
14.373085
14.34549
14.283662
14.224396
14.197983
14.1968
14.20614
14.216255
14.219232
14.219153
14.218525
14.218311
14.218332
14.218371
14.218368
14.218371
0.39121026
0.38994693
0.38866216
0.38729565
0.38591118
0.38444194
0.38295965
0.38138524
0.37980048
0.37811416
0.37642224
0.37461946
0.37281675
0.37089201
0.36897406
0.36692154
0.36488416
0.36269828
0.36053759
0.35821295
0.35592539
0.353457
0.35103947
0.34842282
0.34587276
0.34310381
0.34041945
0.33749464
0.33467541
0.3315917
0.32863908
0.32539482
0.32231475
0.31891372
0.3157233
0.31218628
0.30893652
0.3053448
0.3022032
0.29886231
0.29644648
0.29461933
0.29531098
0.29927178
0.31199483
0.3468413
0.44088566
0.66805734
1.1746725
1.9593791
2.9135276
3.8414307
4.7653744
5.6404233
6.4971065
7.3319943
8.120916
8.8518692
9.5152553
10.108014
10.636104
11.103532
11.513306
11.874986
12.194509
12.472669
12.717283
12.937931
13.126193
13.290874
13.44256
13.575647
13.68289
13.77922
13.875221
13.954928
14.004963
14.038702
14.078127
14.116056
14.125708
14.10363
14.045208
13.984317
13.956199
13.954264
13.963058
13.973383
13.976562
13.976551
13.975953
13.975721
13.975736
13.975774
13.975771
13.975775
0.39120607
0.3899381
0.38865421
0.38728434
0.38590174
0.38442966
0.38294962
0.38137269
0.37979032
0.37810184
0.37641222
0.37460752
0.37280678
0.37088056
0.36896407
0.36691074
0.36487412
0.36268831
0.36052747
0.35820399
0.35591519
0.3534492
0.35102926
0.34841628
0.34586268
0.34309866
0.3404097
0.33749108
0.33466616
0.33158981
0.32862965
0.32539322
0.3223005
0.3189035
0.31568486
0.31213193
0.30880414
0.30511753
0.30172979
0.29799413
0.29471254
0.29124866
0.28871865
0.28687714
0.28767225
0.29204107
0.30607767
0.34466997
0.45005922
0.70006901
1.2505847
2.05277
2.9928733
3.8990078
4.7972632
5.6509602
6.489576
7.3021873
8.0731548
8.7835867
9.4283943
10.007262
10.520024
10.974382
11.377355
11.728508
12.03775
12.315576
12.554083
12.762938
12.954213
13.122841
13.260946
13.384716
13.506227
13.608911
13.678403
13.728978
13.784546
13.837918
13.859178
13.842876
13.789182
13.72701
13.697228
13.694495
13.702741
13.713246
13.716634
13.716694
13.716128
13.715879
13.715889
13.715925
13.715922
13.715927
0.39120114
0.38993038
0.38864596
0.3872746
0.38589223
0.38441931
0.38293966
0.38136234
0.37978035
0.37809198
0.37640252
0.37459834
0.37279737
0.3708722
0.36895501
0.36690336
0.36486547
0.36268208
0.36051932
0.35819912
0.35590766
0.35344591
0.3510225
0.34841482
0.34585686
0.34309925
0.34040498
0.33749401
0.3346625
0.33159554
0.32862683
0.32540219
0.32229738
0.31891481
0.3156764
0.31213831
0.30877198
0.30508588
0.30160673
0.29779734
0.29425193
0.29040912
0.2869656
0.28342844
0.28077132
0.27900751
0.27996774
0.28495006
0.30087145
0.34465147
0.46549619
0.74514429
1.3476768
2.1661883
3.0894587
3.9766358
4.8498953
5.6825362
6.5044083
7.2961061
8.0466142
8.7384192
9.3636084
9.9240565
10.425675
10.865039
11.253232
11.601143
11.901282
12.164152
12.403518
12.61516
12.790602
12.947393
13.099354
13.229312
13.321855
13.392192
13.466087
13.536616
13.571607
13.561757
13.513926
13.451017
13.419631
13.416058
13.423767
13.434426
13.438033
13.438173
13.437637
13.437372
13.437376
13.43741
13.437408
13.437413
0.39119576
0.38992357
0.38863773
0.3872662
0.38588304
0.38441062
0.38293025
0.38135393
0.37977117
0.37808439
0.37639393
0.37459182
0.3727895
0.37086695
0.36894798
0.36689962
0.36485943
0.36268015
0.36051448
0.35819926
0.35590427
0.35344841
0.35102067
0.34842005
0.34585662
0.34310777
0.34040626
0.33750647
0.33466533
0.33161268
0.32863115
0.32542476
0.32230298
0.31894328
0.31568231
0.31217138
0.3087733
0.30511706
0.30158489
0.29779686
0.29414341
0.29024969
0.28652004
0.28261623
0.27898181
0.27543298
0.27262806
0.27104953
0.27224629
0.27808592
0.29660865
0.34744235
0.4886581
0.80489571
1.4650076
2.2994567
3.202172
4.0701625
4.9194536
5.7335276
6.5366777
7.3102917
8.0403989
8.7089156
9.3189212
9.8597121
10.341482
10.773981
11.149357
11.4784
11.776457
12.04044
12.261219
12.457894
12.646391
12.809022
12.92929
13.023336
13.118946
13.209525
13.260872
13.258735
13.217566
13.154741
13.121832
13.117371
13.124584
13.135377
13.139216
13.139445
13.138936
13.138654
13.138652
13.138684
13.138682
13.138688
0.39119017
0.38991765
0.38862972
0.38725907
0.38587435
0.38440354
0.38292159
0.38134744
0.379763
0.37807906
0.37638667
0.37458801
0.37278335
0.37086498
0.36894319
0.36689984
0.3648563
0.3626829
0.36051315
0.35820506
0.35590484
0.3534579
0.35102338
0.34843381
0.34586173
0.34312636
0.34041407
0.33753059
0.33467597
0.33164313
0.32864461
0.32546247
0.32231913
0.31898923
0.31570072
0.31222647
0.30879289
0.30517963
0.30160277
0.29785798
0.29414087
0.2902833
0.28643311
0.28249725
0.27855583
0.27464247
0.27078589
0.26729376
0.26431753
0.26304758
0.26457227
0.27156019
0.29359596
0.35384845
0.52101234
0.89670262
1.5997779
2.4468445
3.3277472
4.1790599
5.0021308
5.80117
6.5863731
7.3376455
8.0513098
8.6970511
9.2825524
9.8126043
10.277388
10.686403
11.055882
11.38373
11.659806
11.904895
12.137396
12.339281
12.493034
12.615717
12.737448
12.851939
12.922933
12.931283
12.897331
12.83607
12.801895
12.796493
12.803099
12.813884
12.817917
12.818249
12.817779
12.817488
12.817479
12.817508
12.817506
12.817513
0.39118461
0.38991274
0.38862211
0.3872533
0.38586628
0.38439806
0.38291368
0.3813428
0.37975575
0.37807585
0.37638054
0.3745867
0.37277863
0.37086595
0.36894017
0.36690358
0.36485521
0.36269003
0.36051442
0.35821615
0.35590892
0.35347347
0.35103069
0.34845461
0.34587265
0.34315323
0.34042889
0.33756436
0.33469497
0.33168467
0.32866804
0.3255127
0.32234717
0.31904913
0.31573349
0.31229693
0.30883041
0.30526156
0.30164364
0.29795155
0.29418133
0.290378
0.28645844
0.28256376
0.27850024
0.27455977
0.27038651
0.26650946
0.26240799
0.25903506
0.25587692
0.25504325
0.25701117
0.26553313
0.29227104
0.36726824
0.56701365
1.0130969
1.752625
2.6091124
3.4635159
4.3011096
5.0989952
5.8787694
6.6517588
7.3827058
8.0689774
8.7013231
9.2659626
9.7677043
10.22209
10.627006
10.970391
11.27448
11.560262
11.809537
12.00385
12.161151
12.31436
12.457553
12.55222
12.574908
12.548817
12.491254
12.456164
12.449756
12.455577
12.466124
12.470285
12.470738
12.470327
12.470039
12.47002
12.470044
12.470043
12.47005
0.3911794
0.38990894
0.38861518
0.38724889
0.38585904
0.38439411
0.38290669
0.38133979
0.37974945
0.37807436
0.3763754
0.37458723
0.372775
0.37086897
0.36893841
0.36690963
0.36485581
0.36269967
0.36051783
0.35823001
0.35591566
0.35349237
0.35104127
0.34847932
0.34588762
0.34318459
0.34044883
0.33760328
0.33472046
0.33173209
0.32869966
0.32556957
0.32238545
0.31911638
0.31577895
0.31237548
0.30888347
0.30535228
0.30170461
0.29805479
0.29425034
0.29049376
0.28653104
0.28268434
0.27856284
0.2746484
0.27037481
0.26644603
0.26204706
0.2582247
0.25388599
0.25066843
0.24734518
0.24708144
0.24967568
0.26045
0.29374217
0.38879415
0.62877529
1.1566185
1.9208306
2.7836129
3.6119767
4.4291551
5.210742
5.9749976
6.7232495
7.4428253
8.1058013
8.7063835
9.2560923
9.7506486
10.174329
10.549769
10.900086
11.206849
11.450532
11.649816
11.840974
12.018666
12.141926
12.183545
12.16648
12.115371
12.079772
12.072299
12.077152
12.087165
12.091379
12.091971
12.091641
12.09137
12.09134
12.091357
12.091354
12.091361
0.391175
0.38990628
0.38860936
0.38724578
0.38585302
0.38439149
0.38290094
0.38133806
0.37974438
0.37807406
0.3763715
0.37458882
0.37277261
0.37087289
0.36893796
0.36691641
0.36485775
0.36270987
0.36052271
0.35824433
0.35592406
0.35351152
0.35105386
0.34850411
0.34590514
0.34321588
0.34047208
0.33764196
0.33475027
0.3317791
0.32873692
0.32562585
0.32243109
0.31918283
0.3158339
0.31245293
0.30894871
0.30544141
0.30178114
0.29815601
0.29433912
0.29060714
0.28663293
0.28280823
0.2786758
0.2747772
0.27048446
0.26653596
0.26209277
0.25814552
0.25358625
0.24976385
0.24530069
0.24212091
0.23892166
0.23916209
0.24276713
0.2567409
0.29888633
0.42089155
0.70920743
1.3258153
2.1075004
2.9622404
3.7740391
4.5666498
5.3259643
6.0839015
6.8128321
7.5022454
8.1468244
8.7382203
9.2529873
9.712075
10.139296
10.515463
10.819293
11.069688
11.30675
11.526042
11.684
11.749946
11.744207
11.702199
11.666944
11.658402
11.662151
11.671282
11.675481
11.676225
11.675996
11.675756
11.675714
11.675721
11.675717
11.675725
0.39117187
0.38990467
0.38860509
0.38724382
0.38584868
0.38438998
0.38289692
0.38133728
0.37974101
0.37807448
0.37636921
0.37459084
0.37277177
0.3708769
0.36893896
0.36692283
0.36486108
0.36271924
0.3605289
0.35825723
0.35593377
0.3535286
0.35106782
0.34852609
0.34592417
0.34324354
0.34049711
0.33767614
0.33478233
0.33182066
0.32877714
0.32567565
0.32248068
0.3192417
0.31589418
0.31252158
0.30902108
0.30552038
0.30186717
0.29824557
0.29444055
0.29070708
0.28675179
0.28291758
0.27881404
0.27489281
0.2706436
0.26665111
0.26226018
0.25821656
0.25369864
0.2496416
0.2450595
0.24110521
0.23670161
0.23344913
0.23067118
0.23134651
0.2363936
0.25484308
0.30896616
0.46628077
0.8222219
1.5108594
2.3138478
3.1440444
3.935096
4.7117932
5.4573663
6.1903573
6.9041677
7.5862909
8.1941209
8.7449547
9.2598499
9.7176271
10.093689
10.406057
10.698708
10.968379
11.168748
11.265337
11.275278
11.244212
11.210961
11.201462
11.204029
11.211925
11.216044
11.216944
11.216831
11.216636
11.216581
11.216578
11.216572
11.216579
0.39117034
0.389904
0.3886027
0.38724286
0.38584633
0.38438938
0.38289493
0.38133724
0.37973965
0.37807534
0.37636888
0.37459296
0.37277279
0.37088054
0.36894169
0.36692835
0.36486597
0.36272706
0.36053648
0.35826782
0.35594466
0.35354249
0.35108274
0.34854388
0.34594397
0.34326587
0.34052274
0.33770372
0.33481488
0.33185423
0.32881782
0.32571595
0.32253085
0.31928946
0.31595534
0.31257742
0.30909489
0.30558476
0.30195547
0.29831867
0.29454549
0.29078871
0.28687588
0.28300697
0.27896015
0.27498821
0.27081465
0.26674946
0.26245854
0.25830985
0.25391439
0.24969411
0.24521765
0.24095279
0.23648003
0.23228595
0.2281195
0.22469813
0.22253408
0.22378801
0.23079373
0.25540019
0.32738373
0.52842254
0.98183897
1.7112389
2.5198553
3.3302662
4.109711
4.8533681
5.5880761
6.320829
7.0037029
7.6425889
8.2487615
8.7968834
9.2563007
9.6420822
10.001261
10.331777
10.584187
10.719094
10.751272
10.732467
10.703752
10.693566
10.694924
10.701299
10.705257
10.706305
10.706315
10.706178
10.70611
10.706096
10.706087
10.706094
0.39117038
0.38990416
0.38860217
0.38724275
0.38584596
0.38438957
0.38289496
0.38133781
0.37974027
0.37807656
0.37637044
0.37459505
0.37277559
0.37088375
0.36894606
0.36693297
0.36487229
0.36273337
0.36054523
0.35827618
0.35595638
0.3535533
0.35109809
0.34855759
0.34596371
0.343283
0.34054775
0.33772482
0.33484619
0.3318799
0.32885658
0.32574684
0.32257837
0.31932619
0.31601305
0.31262058
0.3091644
0.30563483
0.3020386
0.29837594
0.29464431
0.29085326
0.28699275
0.28307861
0.27909769
0.27506639
0.27097552
0.26683322
0.2626453
0.25839779
0.25412786
0.24977945
0.24544947
0.24100273
0.23664931
0.23212273
0.22785123
0.22336974
0.21954911
0.21590646
0.21458754
0.21662665
0.22647237
0.25960851
0.35943533
0.61416991
1.1668278
1.9245537
2.7393983
3.5137756
4.2800286
5.018827
5.730923
6.4241089
7.1085481
7.7449339
8.2933599
8.7615219
9.1975596
9.6000801
9.9157508
10.098453
10.160596
10.156467
10.135289
10.12483
10.125001
10.12969
10.13338
10.134554
10.134695
10.134614
10.134538
10.134511
10.1345
10.134507
0.39117173
0.38990509
0.38860313
0.38724342
0.38584714
0.38439045
0.38289656
0.38133894
0.37974245
0.37807815
0.3763735
0.37459733
0.37277974
0.37088687
0.36895158
0.36693709
0.36487949
0.36273872
0.36055448
0.35828301
0.35596815
0.35356193
0.35111292
0.34856835
0.34598222
0.34329629
0.3405707
0.3377411
0.33487441
0.33189967
0.32889104
0.32577065
0.32262015
0.31935463
0.31606335
0.31265424
0.30922454
0.30567429
0.30211004
0.29842175
0.29472869
0.29090592
0.28709189
0.28313861
0.27921353
0.27513424
0.27110994
0.26690955
0.26280001
0.25848349
0.25430462
0.24987478
0.24564846
0.24110359
0.23686178
0.23219686
0.22798679
0.2232201
0.21916955
0.21441962
0.21099233
0.20714111
0.20692872
0.21010921
0.22424988
0.26964027
0.40609754
0.72856131
1.3840034
2.1441178
2.9521122
3.7203441
4.4544984
5.157308
5.8762037
6.5737662
7.2039552
7.7546867
8.2734887
8.7572231
9.14738
9.3884638
9.4888507
9.5042148
9.4924808
9.4829509
9.4819709
9.4850384
9.4883108
9.4895764
9.4898399
9.4898088
9.4897289
9.4896904
9.4896768
9.4896836
0.39117392
0.38990657
0.38860501
0.38724478
0.38584927
0.38439203
0.38289909
0.38134075
0.37974546
0.37808032
0.37637722
0.37460002
0.37278437
0.3708902
0.3689573
0.3669412
0.36488655
0.36274379
0.36056318
0.35828924
0.35597882
0.35356954
0.35112597
0.34857764
0.34599812
0.34330759
0.34058999
0.33775478
0.33489773
0.33191619
0.32891909
0.32579053
0.3226537
0.31937845
0.31610325
0.31268265
0.30927169
0.30570797
0.3021654
0.29846149
0.29479332
0.29095264
0.28716692
0.28319342
0.27930008
0.27519852
0.27120892
0.26698514
0.26291203
0.25857293
0.25443023
0.24998134
0.24578783
0.24123067
0.23701274
0.23234518
0.22813552
0.22335944
0.21919961
0.21435907
0.21035836
0.20562613
0.20222304
0.19888272
0.19939413
0.20450066
0.22479348
0.28782087
0.47334803
0.89106814
1.6043844
2.3913882
3.1639434
3.8965282
4.6262763
5.3404885
6.0145412
6.6293322
7.2257431
7.7926471
8.2650656
8.5740294
8.7207808
8.7616644
8.7605731
8.7538338
8.7518578
8.7535194
8.7562397
8.7575529
8.7579134
8.7579189
8.7578405
8.7577914
8.7577763
8.7577828
0.39117619
0.3899085
0.38860703
0.38724668
0.38585153
0.3843942
0.38290168
0.38134314
0.3797484
0.37808304
0.3763807
0.37460323
0.37278852
0.37089397
0.36896226
0.36694567
0.36489248
0.3627491
0.36057027
0.35829556
0.35598731
0.35357708
0.35113612
0.34858665
0.34601026
0.34331837
0.34060447
0.33776769
0.33491494
0.33193165
0.32893949
0.32580903
0.32267777
0.31940058
0.31613147
0.31270908
0.30930457
0.30573949
0.30220344
0.29849904
0.29483701
0.2909974
0.28721677
0.28324688
0.27935644
0.27526264
0.2712719
0.26706251
0.26298128
0.25866706
0.25450515
0.25009695
0.24586735
0.24137386
0.23709446
0.23252354
0.22821247
0.22357954
0.21925072
0.21458409
0.21025211
0.20563291
0.20137643
0.19701306
0.19341921
0.19096274
0.19225444
0.20014907
0.22935338
0.31998675
0.56425197
1.1076698
1.8404679
2.60882
3.3697747
4.1138357
4.7958526
5.4337998
6.0752328
6.7111659
7.2638346
7.6448007
7.8440758
7.915141
7.9270571
7.9240909
7.9217433
7.9223528
7.9244535
7.925771
7.9261804
7.9262035
7.9261246
7.9260699
7.9260548
7.9260609
0.39117797
0.38991066
0.38860862
0.38724888
0.3858533
0.38439671
0.38290369
0.38134592
0.37975063
0.37808618
0.37638328
0.37460684
0.37279154
0.37089815
0.3689658
0.36695053
0.36489664
0.36275475
0.36057516
0.35830217
0.35599306
0.35358486
0.3511429
0.34859582
0.34601824
0.34332921
0.34061386
0.33778054
0.33492598
0.3319469
0.32895241
0.32582716
0.32269283
0.31942212
0.31614893
0.31273468
0.30932464
0.30576991
0.30222631
0.29853524
0.29486284
0.29104058
0.28724563
0.28329861
0.2793883
0.27532492
0.27130644
0.26713798
0.26301788
0.25875915
0.25454297
0.25021017
0.24590528
0.24151397
0.23713085
0.23269738
0.22824461
0.22379331
0.21927381
0.21483692
0.21025392
0.20586569
0.2012307
0.19696642
0.1923593
0.1885428
0.18464222
0.18338121
0.18578595
0.19792952
0.24002991
0.37350181
0.69300665
1.3238094
2.07752
2.865067
3.5784076
4.2396414
4.8861421
5.5515326
6.1589851
6.6044208
6.8568955
6.9594722
6.9857175
6.9869856
6.9853285
6.9854141
6.9870424
6.9882902
6.9886731
6.9886827
6.9885988
6.9885456
6.9885327
6.9885381
0.39117903
0.38991273
0.38860949
0.38725107
0.3858543
0.38439926
0.38290486
0.38134877
0.37975191
0.37808938
0.37638476
0.37461051
0.37279327
0.37090238
0.36896782
0.3669554
0.36489899
0.3627604
0.36057791
0.35830873
0.35599628
0.3535925
0.35114667
0.34860477
0.34602266
0.34333971
0.34061904
0.33779289
0.33493203
0.33196145
0.32895949
0.32584429
0.32270108
0.31944229
0.31615849
0.31275839
0.30933563
0.30579779
0.30223883
0.29856807
0.29487694
0.29107937
0.28726132
0.28334462
0.27940551
0.27537974
0.27132505
0.26720356
0.26303767
0.25883787
0.25456383
0.25030509
0.24592716
0.24162885
0.23715387
0.23283605
0.22826959
0.2239582
0.21930229
0.2150269
0.21028681
0.20607036
0.20125881
0.19712771
0.19224599
0.18831841
0.18343466
0.18010632
0.17608924
0.17621266
0.18038563
0.19927743
0.26077554
0.4435869
0.86934622
1.5879645
2.3272559
3.0293341
3.700656
4.381646
5.0070625
5.4913703
5.7801669
5.9077662
5.9463054
5.9521639
5.9519312
5.9523922
5.9540103
5.9550652
5.9553258
5.9552843
5.9551882
5.9551453
5.9551365
5.9551409
0.3911794
0.38991443
0.38860971
0.38725294
0.38585462
0.38440147
0.3829053
0.38135128
0.3797524
0.37809222
0.37638534
0.37461378
0.37279399
0.37090614
0.36896869
0.36695975
0.36490004
0.36276542
0.36057916
0.35831455
0.35599778
0.35359927
0.35114846
0.34861265
0.34602479
0.34334892
0.3406216
0.33780365
0.33493511
0.33197402
0.3289632
0.32585895
0.32270555
0.31945933
0.31616387
0.31277814
0.30934209
0.30582066
0.30224653
0.29859456
0.29488603
0.29111011
0.28727196
0.28338039
0.27941792
0.27542139
0.2713396
0.26725203
0.26305497
0.25889411
0.25458478
0.25037038
0.24595297
0.24170472
0.23718628
0.2329236
0.22831168
0.2240568
0.21935843
0.2151338
0.21036156
0.20618115
0.2013552
0.19722923
0.19236252
0.18832034
0.18345483
0.17953829
0.17487865
0.17141329
0.1683576
0.16932633
0.17645937
0.20444133
0.297383
0.55262367
1.1031796
1.7791474
2.4844665
3.2024277
3.8623692
4.3703108
4.6742101
4.8133237
4.8591111
4.8690399
4.8712338
4.873163
4.8751118
4.8759753
4.8760745
4.8759527
4.8758482
4.8758159
4.8758114
4.8758147
0.39117932
0.38991558
0.38860953
0.38725425
0.38585455
0.3844031
0.38290533
0.38135317
0.37975247
0.37809438
0.37638548
0.37461629
0.37279421
0.37090905
0.36896902
0.3669631
0.36490049
0.3627693
0.36057975
0.35831905
0.35599853
0.35360449
0.35114942
0.34861873
0.34602602
0.34335599
0.34062316
0.33781188
0.33493712
0.33198356
0.32896578
0.32586995
0.32270886
0.31947194
0.31616813
0.31279252
0.30934753
0.30583698
0.30225342
0.29861304
0.29489469
0.29113105
0.28728274
0.28340407
0.27943135
0.27544801
0.27135653
0.26728164
0.26307666
0.25892649
0.25461291
0.25040544
0.2459895
0.2417425
0.23723368
0.23296355
0.22837381
0.22409692
0.21944014
0.21517123
0.21046694
0.20621325
0.20148922
0.19725047
0.19253685
0.18831055
0.1836598
0.17940013
0.17494394
0.17064619
0.16659471
0.16286266
0.16105518
0.1631035
0.17493531
0.21836197
0.35595716
0.66995224
1.259883
1.9840146
2.6964898
3.2463694
3.5790865
3.7340263
3.7867396
3.800488
3.805429
3.8090465
3.8114139
3.8121628
3.8121493
3.8119452
3.8118384
3.8118135
3.8118116
3.8118138
0.39117907
0.38991617
0.38860922
0.38725498
0.38585436
0.38440411
0.38290528
0.38135438
0.37975246
0.37809579
0.37638554
0.37461794
0.37279438
0.37091098
0.36896929
0.36696536
0.36490089
0.36277192
0.36058028
0.35832209
0.35599924
0.35360803
0.35115035
0.34862283
0.34602723
0.34336076
0.34062473
0.33781739
0.33493916
0.3319899
0.32896844
0.32587718
0.32271234
0.31948012
0.31617266
0.31280168
0.30935339
0.30584717
0.30226093
0.29862431
0.29490422
0.29114346
0.28729475
0.28341763
0.27944651
0.27546257
0.27137584
0.26729677
0.26310159
0.25894148
0.25464525
0.25041962
0.2460312
0.24175542
0.23728694
0.23297445
0.22844163
0.22410434
0.21952572
0.21517425
0.2105715
0.20621275
0.20161354
0.19724629
0.19268693
0.18829756
0.18383764
0.17937817
0.17510674
0.17054812
0.16651621
0.16193013
0.15856536
0.15434834
0.15438686
0.15835452
0.17673791
0.23579814
0.40884874
0.83172141
1.5096637
2.0952021
2.463981
2.6412124
2.705067
2.724366
2.7320904
2.7369977
2.7396585
2.7403756
2.740317
2.7400485
2.7399362
2.7399132
2.7399124
2.7399144
0.39117881
0.38991634
0.38860896
0.38725528
0.38585425
0.38440463
0.38290532
0.38135506
0.37975258
0.3780966
0.37638575
0.37461892
0.37279469
0.37091214
0.36896972
0.36696672
0.36490145
0.36277352
0.36058101
0.35832395
0.35600016
0.35361019
0.3511515
0.34862535
0.34602867
0.34336367
0.34062656
0.33782075
0.33494147
0.33199375
0.32897137
0.32588155
0.32271607
0.31948501
0.31617739
0.31280711
0.30935939
0.30585313
0.30226849
0.29863081
0.29491367
0.29115051
0.28730649
0.28342516
0.2794611
0.27547038
0.27139417
0.26730442
0.26312485
0.25894834
0.25467483
0.25042517
0.24606844
0.24175947
0.23733309
0.23297688
0.22849816
0.22410509
0.21959365
0.21517437
0.21064993
0.20621511
0.20170044
0.19725368
0.1927816
0.18831462
0.18393171
0.17942004
0.17518064
0.17061835
0.16653107
0.1619455
0.15818827
0.15343601
0.15041759
0.14703248
0.14771652
0.15367797
0.17831862
0.26786832
0.54082343
1.0024253
1.3431024
1.5216619
1.5925164
1.6171426
1.6279618
1.6342115
1.6371963
1.6379332
1.6378576
1.6375468
1.6374268
1.637403
1.6374022
1.6374039
0.39117863
0.3899163
0.38860881
0.38725536
0.38585427
0.38440489
0.3829055
0.38135546
0.37975286
0.37809709
0.37638612
0.37461952
0.37279518
0.37091287
0.36897033
0.36696758
0.36490219
0.36277451
0.36058189
0.3583251
0.35600122
0.35361152
0.35115278
0.34862689
0.34603023
0.34336547
0.34062845
0.33782283
0.33494379
0.33199613
0.32897422
0.32588426
0.32271959
0.31948806
0.31618174
0.31281051
0.30936475
0.30585691
0.30227508
0.298635
0.29492171
0.29115512
0.28731628
0.28343019
0.27947303
0.27547572
0.2714088
0.26730988
0.26314294
0.2589536
0.25469718
0.25043008
0.24609574
0.2417642
0.23736577
0.23298193
0.22853652
0.22411118
0.21963739
0.2151833
0.21069723
0.20623007
0.20174894
0.19727841
0.19282837
0.18835722
0.1839655
0.17949717
0.17518967
0.17073471
0.16650992
0.16211398
0.15802157
0.15362675
0.14969541
0.14576146
0.14227975
0.13938543
0.14069646
0.15082259
0.19436861
0.33088643
0.4927443
0.5898375
0.63298165
0.65050641
0.65949843
0.66478426
0.66719844
0.66775483
0.6676927
0.66745822
0.66737263
0.66735611
0.66735517
0.66735596
0.39117854
0.38991621
0.38860878
0.38725538
0.3858544
0.38440509
0.3829058
0.38135578
0.37975326
0.37809749
0.37638661
0.37462001
0.37279577
0.37091345
0.36897103
0.36696825
0.364903
0.36277527
0.36058284
0.35832596
0.35600231
0.35361251
0.35115405
0.34862802
0.34603171
0.34336676
0.3406302
0.33782431
0.33494587
0.33199783
0.3289767
0.32588621
0.32272256
0.31949029
0.3161853
0.31281305
0.30936904
0.3058598
0.30228022
0.2986383
0.29492787
0.29115888
0.28732361
0.28343446
0.27948177
0.27548051
0.27141926
0.26731518
0.26315551
0.25895938
0.25471225
0.25043639
0.24611362
0.24177137
0.23738653
0.23299061
0.22855991
0.22412247
0.21966284
0.21519866
0.21072396
0.20625091
0.20177631
0.19730664
0.19285415
0.18839867
0.18398227
0.17956039
0.17519502
0.17081712
0.1665067
0.16222981
0.15797451
0.15378451
0.14959863
0.14570995
0.1415756
0.13767169
0.13317845
0.13272526
0.13633468
0.15392714
0.18489011
0.20434106
0.21315301
0.21715808
0.21957528
0.22111146
0.22184546
0.22201171
0.22199274
0.22192525
0.22190242
0.22189866
0.22189868
0.22189888
0.39117852
0.38991618
0.38860884
0.38725547
0.38585463
0.38440535
0.38290619
0.38135616
0.37975375
0.37809795
0.37638719
0.37462054
0.37279644
0.37091405
0.36897179
0.36696892
0.36490385
0.36277602
0.36058378
0.35832678
0.35600336
0.35361341
0.35115523
0.34862902
0.34603305
0.34336788
0.34063173
0.33782558
0.33494763
0.33199927
0.32897874
0.32588786
0.32272493
0.31949218
0.31618808
0.31281523
0.3093723
0.30586232
0.30228406
0.29864121
0.29493237
0.29116225
0.2873289
0.28343835
0.27948796
0.27548501
0.27142651
0.26732035
0.26316401
0.2589653
0.25472222
0.25044317
0.24612521
0.24177927
0.2373998
0.23300007
0.2285747
0.22413423
0.21967886
0.21521341
0.2107412
0.20626897
0.20179514
0.19732863
0.19287375
0.18842741
0.18400012
0.17959771
0.17521386
0.17085792
0.16653081
0.16227719
0.15799962
0.15382694
0.14965479
0.14570527
0.1415751
0.13740041
0.13281927
0.12916222
0.1270463
0.12778825
0.13047108
0.13232408
0.13300704
0.13332782
0.13360659
0.13382222
0.1339327
0.13395725
0.13395381
0.13394324
0.13394001
0.13393956
0.1339396
0.13393964
0.39117858
0.38991624
0.38860899
0.38725565
0.38585494
0.3844057
0.38290666
0.38135664
0.37975432
0.37809851
0.37638784
0.37462118
0.37279718
0.37091476
0.3689726
0.36696969
0.36490473
0.36277684
0.36058473
0.35832766
0.35600439
0.35361435
0.35115634
0.34863003
0.34603427
0.34336898
0.34063308
0.33782679
0.33494913
0.33200062
0.32898043
0.32588937
0.32272685
0.31949389
0.31619027
0.31281719
0.3093748
0.30586456
0.30228695
0.2986438
0.29493573
0.29116523
0.28733278
0.28344179
0.27949245
0.27548899
0.2714317
0.26732498
0.26317001
0.25897064
0.25472914
0.25044934
0.24613321
0.2417864
0.23740895
0.23300842
0.22858497
0.22414421
0.21969021
0.21522529
0.21075394
0.20628268
0.20180977
0.19734438
0.19289007
0.18844634
0.18401786
0.1796194
0.17523596
0.17087948
0.1665595
0.16229958
0.15803763
0.15384008
0.14971385
0.14571796
0.14162251
0.13735463
0.13291548
0.12886498
0.12569598
0.12378674
0.12282612
0.12229043
0.12198721
0.12185328
0.12182228
0.12182721
0.12183472
0.12183589
0.12183462
0.12183298
0.12183253
0.12183246
0.12183247
0.12183247
0.39117872
0.3899164
0.38860922
0.38725594
0.38585532
0.38440616
0.3829072
0.38135723
0.37975497
0.37809918
0.37638858
0.37462192
0.37279798
0.37091556
0.36897347
0.36697055
0.36490566
0.36277774
0.3605857
0.35832861
0.35600541
0.35361534
0.35115742
0.34863107
0.34603541
0.34337008
0.34063431
0.33782797
0.33495046
0.3320019
0.32898189
0.32589078
0.32272846
0.31949546
0.31619206
0.31281895
0.30937682
0.30586655
0.30228924
0.29864606
0.29493833
0.2911678
0.28733577
0.28344473
0.27949587
0.27549236
0.27143561
0.26732887
0.26317448
0.25897513
0.25473426
0.25045448
0.2461391
0.24179228
0.23741571
0.23301519
0.22859262
0.22415211
0.2196988
0.21523444
0.21076375
0.20629298
0.20182114
0.19735604
0.19290295
0.18845986
0.18403247
0.17963432
0.17525376
0.1708952
0.16658055
0.1623169
0.1580641
0.15385463
0.14974754
0.14573987
0.14165338
0.1373618
0.13297094
0.12889495
0.12557298
0.12322935
0.12176976
0.12094894
0.12053398
0.12034828
0.12027605
0.12025163
0.12024412
0.12024167
0.12024071
0.12024033
0.12024023
0.1202402
0.1202402
0.1202402
0.39117894
0.38991666
0.38860954
0.38725633
0.38585579
0.3844067
0.38290782
0.3813579
0.37975571
0.37809995
0.37638939
0.37462276
0.37279887
0.37091647
0.3689744
0.3669715
0.36490664
0.36277873
0.36058673
0.35832963
0.35600647
0.35361639
0.35115851
0.34863216
0.34603655
0.3433712
0.34063549
0.33782915
0.33495171
0.33200315
0.32898321
0.32589211
0.32272988
0.3194969
0.31619361
0.31282053
0.30937852
0.30586831
0.30229113
0.29864801
0.29494046
0.29116999
0.28733817
0.28344719
0.27949859
0.27549516
0.27143869
0.26733207
0.26317796
0.25897878
0.25473821
0.25045863
0.24614363
0.24179698
0.2374209
0.23302055
0.22859848
0.22415828
0.21970541
0.21524149
0.21077131
0.20630089
0.20182985
0.19736499
0.19291276
0.18847014
0.18404363
0.1796457
0.17526687
0.17090785
0.16659533
0.16233135
0.15808161
0.15386948
0.14976768
0.14575943
0.14167429
0.1373787
0.1329994
0.12892748
0.12558299
0.12317681
0.12165413
0.1208004
0.12037368
0.12018252
0.12010537
0.12007712
0.12006769
0.12006476
0.12006391
0.12006367
0.12006361
0.12006359
0.12006358
0.12006358
0.39117924
0.389917
0.38860994
0.3872568
0.38585634
0.38440733
0.38290852
0.38135866
0.37975652
0.3781008
0.37639028
0.37462369
0.37279983
0.37091746
0.36897542
0.36697254
0.3649077
0.36277981
0.36058782
0.35833072
0.35600758
0.3536175
0.35115965
0.34863329
0.3460377
0.34337236
0.34063667
0.33783033
0.33495292
0.33200436
0.32898447
0.32589338
0.32273119
0.31949825
0.316195
0.31282197
0.30938002
0.30586987
0.30229277
0.29864972
0.29494226
0.29117187
0.28734017
0.28344927
0.27950082
0.27549748
0.27144118
0.26733469
0.26318075
0.25898174
0.25474135
0.25046197
0.2461472
0.24180073
0.23742495
0.2330248
0.22860305
0.22416312
0.21971054
0.21524698
0.21077716
0.20630704
0.20183652
0.19737195
0.19292023
0.18847809
0.1840521
0.17965454
0.1752766
0.17091783
0.16660615
0.16234275
0.15809409
0.15388191
0.14978165
0.14577436
0.14168979
0.13739406
0.13301725
0.12894822
0.12560122
0.12318717
0.12165735
0.12080016
0.12037241
0.12018086
0.12010331
0.12007474
0.12006514
0.12006218
0.12006135
0.12006113
0.12006107
0.12006105
0.12006105
0.12006105
0.39117962
0.38991743
0.38861043
0.38725735
0.38585697
0.38440803
0.3829093
0.3813595
0.37975741
0.37810174
0.37639126
0.37462471
0.37280088
0.37091853
0.36897652
0.36697366
0.36490884
0.36278096
0.36058898
0.35833189
0.35600876
0.35361868
0.35116083
0.34863447
0.34603889
0.34337354
0.34063786
0.33783152
0.33495413
0.33200557
0.3289857
0.32589462
0.32273245
0.31949953
0.31619631
0.31282331
0.3093814
0.30587129
0.30229423
0.29865124
0.29494384
0.2911735
0.28734188
0.28345105
0.27950269
0.27549943
0.27144324
0.26733686
0.26318303
0.25898416
0.25474389
0.25046467
0.24615005
0.24180374
0.23742816
0.23302817
0.22860665
0.22416694
0.21971457
0.21525129
0.21078172
0.20631185
0.20184168
0.19737736
0.19292599
0.18848424
0.18405859
0.17966139
0.17528398
0.17092557
0.16661433
0.16235151
0.15810343
0.15389159
0.14979203
0.14578555
0.14170152
0.13740615
0.1330302
0.12896227
0.12561592
0.12320151
0.12167096
0.12081334
0.1203855
0.12019402
0.12011656
0.12008806
0.1200785
0.12007556
0.12007475
0.12007453
0.12007447
0.12007445
0.12007445
0.12007445
0.39118008
0.38991794
0.388611
0.38725799
0.38585768
0.38440882
0.38291015
0.38136042
0.37975838
0.37810276
0.37639232
0.37462581
0.37280201
0.37091969
0.3689777
0.36697486
0.36491006
0.36278219
0.36059022
0.35833314
0.35601
0.35361993
0.35116207
0.34863571
0.34604013
0.34337477
0.34063909
0.33783274
0.33495535
0.33200679
0.32898692
0.32589584
0.32273368
0.31950077
0.31619756
0.31282459
0.30938269
0.30587261
0.30229558
0.29865262
0.29494526
0.29117496
0.28734339
0.2834526
0.27950431
0.27550111
0.271445
0.26733869
0.26318494
0.25898617
0.25474599
0.25046688
0.24615238
0.24180618
0.23743075
0.23303088
0.22860953
0.22416998
0.21971777
0.21525468
0.2107853
0.20631562
0.20184571
0.1973816
0.19293047
0.18848901
0.18406362
0.17966669
0.17528965
0.17093154
0.16662062
0.16235822
0.15811056
0.15389903
0.14979992
0.14579402
0.14171043
0.13741539
0.13303991
0.12897264
0.12562689
0.1232128
0.12168232
0.1208247
0.12039691
0.12020555
0.12012822
0.12009981
0.1200903
0.12008739
0.12008658
0.12008637
0.12008631
0.12008629
0.12008628
0.12008629
0.39118062
0.38991853
0.38861165
0.38725871
0.38585847
0.38440968
0.38291108
0.38136141
0.37975943
0.37810386
0.37639346
0.37462699
0.37280322
0.37092094
0.36897897
0.36697615
0.36491136
0.3627835
0.36059153
0.35833445
0.35601132
0.35362124
0.35116338
0.34863701
0.34604142
0.34337606
0.34064037
0.33783401
0.33495661
0.33200804
0.32898816
0.32589708
0.32273491
0.319502
0.31619879
0.31282583
0.30938393
0.30587387
0.30229685
0.29865392
0.29494657
0.2911763
0.28734476
0.28345399
0.27950575
0.27550258
0.27144653
0.26734026
0.26318657
0.25898787
0.25474775
0.25046872
0.2461543
0.24180818
0.23743287
0.23303309
0.22861185
0.22417242
0.21972032
0.2152574
0.21078815
0.20631862
0.20184889
0.19738493
0.19293399
0.18849275
0.18406754
0.17967082
0.17529405
0.17093616
0.16662548
0.1623634
0.15811603
0.15390475
0.14980597
0.14580048
0.14171723
0.13742244
0.13304727
0.12898045
0.12563515
0.12322134
0.12169098
0.12083344
0.12040574
0.1202145
0.12013729
0.12010897
0.1200995
0.12009661
0.12009581
0.1200956
0.12009554
0.12009552
0.12009551
0.12009551
0.39118124
0.38991921
0.38861238
0.38725951
0.38585934
0.38441062
0.38291209
0.38136248
0.37976056
0.37810504
0.37639469
0.37462825
0.37280452
0.37092227
0.36898032
0.36697752
0.36491274
0.36278489
0.36059293
0.35833585
0.35601271
0.35362263
0.35116476
0.34863838
0.34604278
0.3433774
0.3406417
0.33783532
0.33495791
0.33200932
0.32898943
0.32589834
0.32273617
0.31950324
0.31620003
0.31282706
0.30938516
0.3058751
0.30229808
0.29865515
0.29494782
0.29117755
0.28734603
0.28345527
0.27950706
0.27550391
0.27144789
0.26734165
0.263188
0.25898934
0.25474927
0.2504703
0.24615593
0.24180986
0.23743463
0.23303491
0.22861376
0.22417442
0.2197224
0.21525958
0.21079043
0.20632101
0.20185142
0.19738757
0.19293676
0.18849569
0.18407062
0.17967406
0.17529749
0.17093977
0.16662926
0.16236742
0.15812026
0.15390916
0.14981063
0.14580545
0.14172244
0.13742782
0.13305288
0.12898638
0.12564139
0.1232278
0.12169756
0.1208401
0.1204125
0.12022138
0.12014428
0.12011603
0.1201066
0.12010373
0.12010293
0.12010272
0.12010266
0.12010264
0.12010263
0.12010264
0.39118195
0.38991997
0.3886132
0.38726039
0.38586029
0.38441163
0.38291317
0.38136363
0.37976176
0.37810629
0.37639599
0.37462959
0.37280589
0.37092367
0.36898175
0.36697896
0.3649142
0.36278636
0.3605944
0.35833732
0.35601418
0.35362409
0.35116621
0.34863981
0.3460442
0.3433788
0.34064309
0.33783669
0.33495926
0.33201066
0.32899075
0.32589964
0.32273745
0.31950451
0.31620128
0.3128283
0.30938639
0.30587632
0.30229929
0.29865636
0.29494902
0.29117875
0.28734723
0.28345648
0.27950828
0.27550514
0.27144913
0.26734291
0.26318927
0.25899065
0.25475059
0.25047166
0.24615733
0.2418113
0.23743611
0.23303645
0.22861536
0.22417607
0.21972411
0.21526137
0.21079229
0.20632295
0.20185346
0.19738969
0.19293898
0.18849803
0.18407306
0.17967662
0.1753002
0.17094259
0.16663222
0.16237056
0.15812355
0.15391259
0.14981425
0.14580929
0.14172645
0.13743195
0.13305717
0.1289909
0.12564614
0.1232327
0.12170256
0.12084518
0.12041768
0.12022667
0.12014967
0.12012148
0.12011209
0.12010923
0.12010844
0.12010823
0.12010817
0.12010815
0.12010814
0.12010815
0.39118273
0.3899208
0.38861409
0.38726135
0.38586131
0.38441272
0.38291432
0.38136485
0.37976303
0.37810762
0.37639736
0.37463101
0.37280735
0.37092515
0.36898326
0.36698049
0.36491574
0.36278791
0.36059596
0.35833888
0.35601573
0.35362563
0.35116774
0.34864133
0.3460457
0.34338028
0.34064455
0.33783813
0.33496068
0.33201206
0.32899213
0.32590099
0.32273878
0.31950582
0.31620256
0.31282956
0.30938763
0.30587755
0.3023005
0.29865755
0.29495021
0.29117993
0.28734841
0.28345765
0.27950944
0.27550629
0.27145029
0.26734408
0.26319045
0.25899183
0.25475179
0.25047288
0.24615856
0.24181256
0.2374374
0.23303776
0.22861671
0.22417746
0.21972554
0.21526286
0.21079383
0.20632454
0.20185512
0.19739141
0.19294077
0.18849991
0.184075
0.17967866
0.17530234
0.17094482
0.16663455
0.16237302
0.15812612
0.15391525
0.14981706
0.14581228
0.14172955
0.13743512
0.13306046
0.12899435
0.12564975
0.12323642
0.12170636
0.12084906
0.12042167
0.12023076
0.12015384
0.12012571
0.12011635
0.1201135
0.12011271
0.1201125
0.12011245
0.12011243
0.12011242
0.12011242
0.39118359
0.38992171
0.38861506
0.38726237
0.3858624
0.38441388
0.38291555
0.38136613
0.37976438
0.37810902
0.37639881
0.3746325
0.37280887
0.37092671
0.36898484
0.3669821
0.36491737
0.36278954
0.36059759
0.35834052
0.35601736
0.35362725
0.35116935
0.34864293
0.34604728
0.34338184
0.34064609
0.33783965
0.33496217
0.33201352
0.32899356
0.3259024
0.32274016
0.31950717
0.31620389
0.31283086
0.3093889
0.3058788
0.30230173
0.29865876
0.29495139
0.2911811
0.28734956
0.28345879
0.27951057
0.27550741
0.2714514
0.26734518
0.26319155
0.25899293
0.25475289
0.25047399
0.24615968
0.24181369
0.23743854
0.23303891
0.22861788
0.22417866
0.21972676
0.21526412
0.21079511
0.20632586
0.20185649
0.19739281
0.19294223
0.18850143
0.18407657
0.17968029
0.17530405
0.17094659
0.1666364
0.16237497
0.15812815
0.15391734
0.14981926
0.1458146
0.14173195
0.13743757
0.13306298
0.12899699
0.12565249
0.12323925
0.12170925
0.12085204
0.12042474
0.12023393
0.12015709
0.120129
0.12011967
0.12011683
0.12011604
0.12011583
0.12011578
0.12011576
0.12011575
0.12011576
0.39118452
0.3899227
0.3886161
0.38726347
0.38586356
0.3844151
0.38291683
0.38136748
0.37976579
0.37811048
0.37640032
0.37463406
0.37281047
0.37092835
0.36898651
0.36698379
0.36491907
0.36279126
0.36059932
0.35834224
0.35601908
0.35362896
0.35117105
0.34864461
0.34604894
0.34338348
0.3406477
0.33784123
0.33496373
0.33201505
0.32899506
0.32590387
0.3227416
0.31950858
0.31620527
0.31283221
0.30939022
0.30588009
0.30230299
0.29866
0.2949526
0.29118228
0.28735072
0.28345992
0.27951169
0.27550851
0.27145248
0.26734625
0.2631926
0.25899398
0.25475392
0.25047502
0.2461607
0.24181471
0.23743957
0.23303994
0.22861893
0.22417971
0.21972782
0.2152652
0.21079621
0.20632698
0.20185764
0.19739399
0.19294344
0.18850269
0.18407786
0.17968162
0.17530544
0.17094802
0.16663787
0.16237652
0.15812975
0.15391899
0.14982099
0.14581643
0.14173382
0.13743946
0.13306491
0.12899899
0.12565457
0.12324138
0.12171146
0.12085433
0.12042712
0.1202364
0.12015962
0.12013158
0.12012226
0.12011943
0.12011864
0.12011844
0.12011838
0.12011836
0.12011836
0.12011836
0.39118553
0.38992376
0.38861721
0.38726464
0.3858648
0.3844164
0.38291819
0.3813689
0.37976726
0.37811201
0.37640191
0.37463569
0.37281215
0.37093006
0.36898825
0.36698555
0.36492085
0.36279305
0.36060112
0.35834404
0.35602088
0.35363076
0.35117283
0.34864637
0.34605068
0.3433852
0.34064939
0.3378429
0.33496536
0.33201665
0.32899663
0.3259054
0.3227431
0.31951005
0.3162067
0.31283361
0.30939158
0.30588142
0.30230428
0.29866126
0.29495383
0.29118349
0.28735189
0.28346107
0.27951281
0.2755096
0.27145356
0.26734729
0.26319363
0.25899499
0.25475491
0.250476
0.24616167
0.24181567
0.23744052
0.23304088
0.22861987
0.22418065
0.21972877
0.21526616
0.21079716
0.20632795
0.20185862
0.19739498
0.19294446
0.18850373
0.18407891
0.17968271
0.17530657
0.17094917
0.16663907
0.16237776
0.15813102
0.15392029
0.14982236
0.14581786
0.14173527
0.13744091
0.1330664
0.12900052
0.12565613
0.12324299
0.12171312
0.12085608
0.12042896
0.12023832
0.1201616
0.12013359
0.12012429
0.12012147
0.12012068
0.12012048
0.12012042
0.1201204
0.1201204
0.1201204
0.39118662
0.38992489
0.3886184
0.38726589
0.3858661
0.38441777
0.38291962
0.38137039
0.37976881
0.37811362
0.37640356
0.37463739
0.37281389
0.37093184
0.36899006
0.36698739
0.36492271
0.36279493
0.360603
0.35834593
0.35602277
0.35363263
0.3511747
0.34864822
0.34605251
0.343387
0.34065117
0.33784464
0.33496708
0.33201833
0.32899828
0.32590701
0.32274467
0.31951158
0.31620819
0.31283507
0.309393
0.3058828
0.30230563
0.29866257
0.2949551
0.29118473
0.2873531
0.28346224
0.27951394
0.2755107
0.27145463
0.26734834
0.26319465
0.25899598
0.25475588
0.25047695
0.2461626
0.24181658
0.23744142
0.23304176
0.22862075
0.22418151
0.21972962
0.21526701
0.21079801
0.2063288
0.20185948
0.19739584
0.19294533
0.18850461
0.18407979
0.17968362
0.1753075
0.1709501
0.16664004
0.16237878
0.15813204
0.15392133
0.14982345
0.14581899
0.1417364
0.13744203
0.13306752
0.12900166
0.1256573
0.12324418
0.12171437
0.1208574
0.12043037
0.12023981
0.12016314
0.12013516
0.12012588
0.12012306
0.12012228
0.12012207
0.12012202
0.120122
0.120122
0.120122
0.39118778
0.38992611
0.38861967
0.38726722
0.38586748
0.38441921
0.38292112
0.38137195
0.37977043
0.37811529
0.37640529
0.37463916
0.37281571
0.37093369
0.36899195
0.36698931
0.36492465
0.36279688
0.36060497
0.3583479
0.35602473
0.35363459
0.35117664
0.34865015
0.34605442
0.34338889
0.34065303
0.33784647
0.33496887
0.33202009
0.329
0.32590869
0.32274632
0.31951319
0.31620976
0.31283659
0.30939449
0.30588424
0.30230703
0.29866393
0.29495642
0.291186
0.28735433
0.28346343
0.2795151
0.27551183
0.27145572
0.26734939
0.26319567
0.25899697
0.25475684
0.25047788
0.2461635
0.24181747
0.23744228
0.2330426
0.22862157
0.22418232
0.21973041
0.21526779
0.21079878
0.20632957
0.20186024
0.19739659
0.19294609
0.18850536
0.18408055
0.17968439
0.17530827
0.17095088
0.16664084
0.16237961
0.15813287
0.15392216
0.14982432
0.14581988
0.14173728
0.13744288
0.13306837
0.12900251
0.12565815
0.12324506
0.1217153
0.12085842
0.12043146
0.12024097
0.12016435
0.1201364
0.12012713
0.12012432
0.12012354
0.12012333
0.12012328
0.12012326
0.12012326
0.12012326
0.39118903
0.3899274
0.38862102
0.38726862
0.38586894
0.38442072
0.3829227
0.38137358
0.37977212
0.37811703
0.37640708
0.37464101
0.37281759
0.37093562
0.36899391
0.3669913
0.36492666
0.36279891
0.36060701
0.35834994
0.35602678
0.35363663
0.35117867
0.34865216
0.34605641
0.34339086
0.34065497
0.33784838
0.33497075
0.33202193
0.32900181
0.32591046
0.32274804
0.31951487
0.31621139
0.31283818
0.30939603
0.30588574
0.30230848
0.29866534
0.29495779
0.29118732
0.28735561
0.28346467
0.2795163
0.27551298
0.27145683
0.26735046
0.26319671
0.25899797
0.25475781
0.25047881
0.2461644
0.24181834
0.23744312
0.23304341
0.22862236
0.22418308
0.21973116
0.21526852
0.21079949
0.20633026
0.20186093
0.19739726
0.19294676
0.18850602
0.1840812
0.17968505
0.17530893
0.17095153
0.1666415
0.16238028
0.15813354
0.15392283
0.14982501
0.14582058
0.14173796
0.13744353
0.13306899
0.12900312
0.12565875
0.12324569
0.12171599
0.12085918
0.12043231
0.12024187
0.1201653
0.12013737
0.12012811
0.12012531
0.12012453
0.12012432
0.12012427
0.12012425
0.12012425
0.12012425
0.39119035
0.38992877
0.38862244
0.38727009
0.38587047
0.38442231
0.38292434
0.38137528
0.37977388
0.37811885
0.37640895
0.37464292
0.37281955
0.37093762
0.36899594
0.36699336
0.36492875
0.36280102
0.36060913
0.35835207
0.35602891
0.35363875
0.35118079
0.34865426
0.34605849
0.34339291
0.340657
0.33785038
0.33497271
0.33202386
0.32900369
0.32591231
0.32274984
0.31951662
0.3162131
0.31283984
0.30939765
0.30588731
0.30231
0.29866681
0.29495921
0.2911887
0.28735694
0.28346595
0.27951753
0.27551416
0.27145797
0.26735156
0.26319776
0.25899898
0.25475878
0.25047975
0.2461653
0.2418192
0.23744395
0.23304421
0.22862313
0.22418382
0.21973188
0.21526921
0.21080015
0.20633091
0.20186156
0.19739787
0.19294736
0.18850661
0.18408178
0.17968562
0.1753095
0.17095209
0.16664206
0.16238084
0.15813409
0.15392337
0.14982557
0.14582115
0.14173849
0.13744402
0.13306944
0.12900354
0.12565916
0.12324612
0.12171648
0.12085974
0.12043294
0.12024256
0.12016603
0.12013813
0.12012889
0.12012609
0.12012531
0.12012511
0.12012505
0.12012503
0.12012503
0.12012503
0.39119176
0.38993023
0.38862394
0.38727164
0.38587208
0.38442397
0.38292606
0.38137706
0.3797757
0.37812073
0.37641088
0.3746449
0.37282158
0.37093968
0.36899804
0.36699549
0.36493091
0.3628032
0.36061132
0.35835427
0.35603111
0.35364096
0.35118298
0.34865644
0.34606066
0.34339506
0.34065912
0.33785246
0.33497477
0.33202587
0.32900567
0.32591424
0.32275173
0.31951846
0.31621489
0.31284158
0.30939933
0.30588894
0.30231158
0.29866834
0.29496069
0.29119012
0.28735831
0.28346727
0.2795188
0.27551539
0.27145915
0.26735269
0.26319884
0.25900002
0.25475977
0.2504807
0.24616621
0.24182007
0.23744478
0.233045
0.22862389
0.22418455
0.21973257
0.21526988
0.21080079
0.20633153
0.20186215
0.19739844
0.19294791
0.18850714
0.18408229
0.17968613
0.17530999
0.17095256
0.16664252
0.1623813
0.15813454
0.15392382
0.14982602
0.1458216
0.14173891
0.13744437
0.13306973
0.1290038
0.12565942
0.1232464
0.12171681
0.12086015
0.12043341
0.12024309
0.1201666
0.12013873
0.1201295
0.1201267
0.12012593
0.12012572
0.12012567
0.12012565
0.12012565
0.12012565
0.39119324
0.38993175
0.38862552
0.38727327
0.38587376
0.38442571
0.38292784
0.3813789
0.3797776
0.37812268
0.37641288
0.37464695
0.37282367
0.37094182
0.36900022
0.3669977
0.36493314
0.36280545
0.36061359
0.35835656
0.3560334
0.35364325
0.35118526
0.34865871
0.34606291
0.34339729
0.34066132
0.33785464
0.3349769
0.33202797
0.32900772
0.32591625
0.32275369
0.31952038
0.31621676
0.31284339
0.30940109
0.30589065
0.30231323
0.29866994
0.29496223
0.29119161
0.28735974
0.28346865
0.27952013
0.27551666
0.27146036
0.26735385
0.26319995
0.25900108
0.25476078
0.25048166
0.24616713
0.24182094
0.23744561
0.23304579
0.22862464
0.22418526
0.21973325
0.21527052
0.21080141
0.20633211
0.2018627
0.19739897
0.19294842
0.18850763
0.18408276
0.17968658
0.17531042
0.17095298
0.16664294
0.1623817
0.15813491
0.15392417
0.14982638
0.14582194
0.1417392
0.13744461
0.13306991
0.12900393
0.12565953
0.12324654
0.12171702
0.12086044
0.12043378
0.12024352
0.12016706
0.12013921
0.12012998
0.12012719
0.12012642
0.12012621
0.12012616
0.12012614
0.12012614
0.12012614
0.3911948
0.38993336
0.38862717
0.38727498
0.38587551
0.38442751
0.38292971
0.38138081
0.37977957
0.3781247
0.37641495
0.37464907
0.37282584
0.37094403
0.36900246
0.36699998
0.36493545
0.36280779
0.36061594
0.35835892
0.35603577
0.35364562
0.35118763
0.34866107
0.34606525
0.34339961
0.34066361
0.3378569
0.33497913
0.33203016
0.32900987
0.32591835
0.32275574
0.31952238
0.31621871
0.31284529
0.30940293
0.30589243
0.30231496
0.2986716
0.29496384
0.29119316
0.28736123
0.28347009
0.2795215
0.27551797
0.27146162
0.26735505
0.2632011
0.25900217
0.25476182
0.25048265
0.24616806
0.24182183
0.23744645
0.23304659
0.2286254
0.22418598
0.21973392
0.21527116
0.21080201
0.20633268
0.20186324
0.19739947
0.19294889
0.18850808
0.18408318
0.17968699
0.17531081
0.17095335
0.16664331
0.16238206
0.15813522
0.15392445
0.14982665
0.14582221
0.14173942
0.13744475
0.13306998
0.12900396
0.12565955
0.12324659
0.12171712
0.12086061
0.12043402
0.12024381
0.1201674
0.12013957
0.12013036
0.12012757
0.1201268
0.1201266
0.12012655
0.12012653
0.12012652
0.12012652
0.39119644
0.38993505
0.38862891
0.38727676
0.38587735
0.3844294
0.38293164
0.3813828
0.37978161
0.37812679
0.37641709
0.37465126
0.37282807
0.37094631
0.36900478
0.36700233
0.36493784
0.3628102
0.36061837
0.35836136
0.35603822
0.35364807
0.35119008
0.34866351
0.34606768
0.34340201
0.34066599
0.33785925
0.33498145
0.33203243
0.3290121
0.32592054
0.32275788
0.31952446
0.31622074
0.31284726
0.30940485
0.30589429
0.30231676
0.29867334
0.29496551
0.29119477
0.28736279
0.28347157
0.27952293
0.27551934
0.27146293
0.2673563
0.26320228
0.2590033
0.25476289
0.25048367
0.24616902
0.24182274
0.23744731
0.23304739
0.22862616
0.22418669
0.21973459
0.2152718
0.2108026
0.20633323
0.20186376
0.19739995
0.19294934
0.1885085
0.18408358
0.17968735
0.17531116
0.17095367
0.16664361
0.16238236
0.15813548
0.15392466
0.14982686
0.14582241
0.14173957
0.1374448
0.13306996
0.1290039
0.12565949
0.12324656
0.12171714
0.12086069
0.12043417
0.12024402
0.12016765
0.12013985
0.12013066
0.12012788
0.12012711
0.12012691
0.12012685
0.12012684
0.12012683
0.12012683
0.39119817
0.38993682
0.38863072
0.38727862
0.38587926
0.38443136
0.38293365
0.38138486
0.37978372
0.37812895
0.3764193
0.37465352
0.37283038
0.37094866
0.36900717
0.36700476
0.36494029
0.36281268
0.36062088
0.35836388
0.35604075
0.35365061
0.35119261
0.34866603
0.34607019
0.3434045
0.34066846
0.33786168
0.33498385
0.3320348
0.32901442
0.32592281
0.32276011
0.31952663
0.31622285
0.31284932
0.30940685
0.30589623
0.30231863
0.29867515
0.29496725
0.29119645
0.2873644
0.28347312
0.27952441
0.27552075
0.27146428
0.26735758
0.26320351
0.25900446
0.25476399
0.25048471
0.24617
0.24182367
0.23744818
0.23304821
0.22862693
0.22418741
0.21973526
0.21527242
0.21080318
0.20633377
0.20186427
0.19740042
0.19294978
0.1885089
0.18408394
0.1796877
0.17531147
0.17095394
0.16664386
0.1623826
0.1581357
0.15392485
0.14982703
0.14582257
0.14173966
0.13744478
0.13306985
0.12900375
0.12565935
0.12324645
0.1217171
0.12086072
0.12043427
0.12024417
0.12016784
0.12014008
0.12013089
0.12012812
0.12012735
0.12012715
0.1201271
0.12012708
0.12012708
0.12012708
0.39119998
0.38993867
0.38863262
0.38728056
0.38588125
0.3844334
0.38293574
0.381387
0.37978591
0.37813119
0.37642159
0.37465586
0.37283276
0.37095108
0.36900963
0.36700726
0.36494282
0.36281524
0.36062346
0.35836648
0.35604336
0.35365322
0.35119522
0.34866864
0.34607278
0.34340708
0.34067101
0.33786421
0.33498634
0.33203725
0.32901683
0.32592517
0.32276242
0.31952889
0.31622506
0.31285146
0.30940893
0.30589824
0.30232058
0.29867703
0.29496907
0.2911982
0.28736608
0.28347473
0.27952595
0.27552222
0.27146568
0.26735891
0.26320477
0.25900566
0.25476512
0.25048578
0.24617101
0.24182461
0.23744907
0.23304905
0.22862771
0.22418813
0.21973594
0.21527305
0.21080376
0.20633431
0.20186476
0.19740087
0.1929502
0.18850928
0.18408428
0.17968802
0.17531176
0.17095419
0.16664408
0.16238279
0.15813586
0.15392499
0.14982717
0.14582267
0.14173968
0.1374447
0.13306969
0.12900353
0.12565911
0.12324626
0.121717
0.12086073
0.12043436
0.12024432
0.12016802
0.12014026
0.12013109
0.12012831
0.12012754
0.12012734
0.12012729
0.12012727
0.12012727
0.12012727
0.39120187
0.3899406
0.38863459
0.38728258
0.38588332
0.38443551
0.38293791
0.38138921
0.37978817
0.3781335
0.37642395
0.37465826
0.37283521
0.37095357
0.36901217
0.36700983
0.36494543
0.36281787
0.36062611
0.35836915
0.35604605
0.35365591
0.35119792
0.34867133
0.34607546
0.34340974
0.34067365
0.33786682
0.33498892
0.33203979
0.32901933
0.32592762
0.32276482
0.31953124
0.31622734
0.31285369
0.30941109
0.30590034
0.30232261
0.29867899
0.29497096
0.29120002
0.28736782
0.2834764
0.27952755
0.27552375
0.27146713
0.26736029
0.26320608
0.25900689
0.25476629
0.25048688
0.24617205
0.24182559
0.23744998
0.23304989
0.2286285
0.22418886
0.21973662
0.21527368
0.21080433
0.20633484
0.20186525
0.19740131
0.1929506
0.18850965
0.1840846
0.1796883
0.17531202
0.17095441
0.16664427
0.16238296
0.15813598
0.15392508
0.14982725
0.14582273
0.14173965
0.13744456
0.13306944
0.12900323
0.12565882
0.12324603
0.12171685
0.12086066
0.12043436
0.12024438
0.12016812
0.12014039
0.12013123
0.12012846
0.1201277
0.1201275
0.12012744
0.12012743
0.12012742
0.12012742
0.39120384
0.38994262
0.38863665
0.38728469
0.38588546
0.38443771
0.38294015
0.3813915
0.37979051
0.37813589
0.37642638
0.37466074
0.37283773
0.37095614
0.36901477
0.36701247
0.3649481
0.36282057
0.36062884
0.3583719
0.35604881
0.35365869
0.3512007
0.3486741
0.34607823
0.34341249
0.34067638
0.33786952
0.33499159
0.33204242
0.32902192
0.32593016
0.32276731
0.31953367
0.31622972
0.312856
0.30941334
0.30590252
0.30232472
0.29868103
0.29497292
0.29120191
0.28736963
0.28347813
0.2795292
0.27552533
0.27146863
0.26736172
0.26320743
0.25900817
0.2547675
0.25048802
0.24617311
0.24182658
0.23745091
0.23305075
0.2286293
0.2241896
0.2197373
0.21527431
0.2108049
0.20633536
0.20186572
0.19740173
0.19295098
0.18850999
0.1840849
0.17968857
0.17531225
0.1709546
0.16664443
0.16238309
0.15813607
0.15392513
0.14982729
0.14582274
0.14173957
0.13744435
0.13306912
0.12900287
0.12565847
0.12324574
0.12171666
0.12086056
0.12043435
0.12024443
0.1201682
0.1201405
0.12013134
0.12012858
0.12012782
0.12012762
0.12012757
0.12012755
0.12012755
0.12012755
0.3912059
0.38994472
0.3886388
0.38728687
0.3858877
0.38443998
0.38294247
0.38139387
0.37979292
0.37813835
0.37642889
0.37466329
0.37284033
0.37095878
0.36901746
0.36701519
0.36495085
0.36282336
0.36063165
0.35837473
0.35605166
0.35366154
0.35120355
0.34867696
0.34608108
0.34341533
0.3406792
0.33787231
0.33499435
0.33204515
0.3290246
0.3259328
0.32276989
0.3195362
0.31623219
0.3128584
0.30941567
0.30590478
0.30232691
0.29868315
0.29497496
0.29120387
0.28737151
0.28347993
0.27953092
0.27552696
0.27147019
0.26736319
0.26320883
0.25900949
0.25476874
0.25048918
0.2461742
0.2418276
0.23745185
0.23305163
0.22863011
0.22419035
0.21973799
0.21527493
0.21080547
0.20633588
0.20186619
0.19740215
0.19295136
0.18851032
0.18408518
0.17968882
0.17531245
0.17095474
0.16664454
0.16238318
0.15813613
0.15392517
0.1498273
0.1458227
0.14173944
0.13744409
0.13306875
0.12900243
0.12565804
0.1232454
0.12171644
0.12086047
0.12043434
0.12024447
0.12016828
0.12014059
0.12013144
0.12012868
0.12012791
0.12012771
0.12012766
0.12012765
0.12012764
0.12012764
0.39120806
0.38994691
0.38864103
0.38728915
0.38589001
0.38444234
0.38294487
0.38139632
0.37979542
0.37814089
0.37643148
0.37466592
0.372843
0.37096149
0.36902021
0.36701798
0.36495368
0.36282621
0.36063453
0.35837764
0.35605458
0.35366447
0.3512065
0.3486799
0.34608401
0.34341825
0.3406821
0.3378752
0.3349972
0.33204796
0.32902738
0.32593552
0.32277256
0.31953881
0.31623474
0.31286089
0.30941809
0.30590713
0.30232918
0.29868534
0.29497707
0.2912059
0.28737346
0.2834818
0.2795327
0.27552866
0.2714718
0.26736472
0.26321027
0.25901085
0.25477001
0.25049038
0.24617532
0.24182863
0.23745282
0.23305253
0.22863093
0.22419111
0.21973867
0.21527556
0.21080604
0.20633639
0.20186664
0.19740256
0.1929517
0.18851062
0.18408545
0.17968903
0.17531262
0.17095489
0.16664465
0.16238324
0.15813614
0.15392514
0.14982725
0.14582261
0.14173927
0.1374438
0.13306831
0.1290019
0.12565754
0.12324503
0.12171622
0.12086037
0.12043432
0.1202445
0.12016833
0.12014065
0.12013151
0.12012875
0.12012799
0.12012779
0.12012774
0.12012772
0.12012772
0.12012772
0.3912103
0.38994919
0.38864335
0.38729151
0.38589241
0.38444479
0.38294736
0.38139886
0.379798
0.37814351
0.37643414
0.37466864
0.37284576
0.37096429
0.36902304
0.36702085
0.36495658
0.36282915
0.3606375
0.35838062
0.35605758
0.35366749
0.35120952
0.34868293
0.34608704
0.34342127
0.3406851
0.33787817
0.33500015
0.33205087
0.32903024
0.32593835
0.32277533
0.31954152
0.31623739
0.31286347
0.3094206
0.30590956
0.30233153
0.29868762
0.29497927
0.291208
0.28737548
0.28348373
0.27953455
0.27553041
0.27147346
0.26736629
0.26321175
0.25901225
0.25477132
0.25049161
0.24617646
0.2418297
0.2374538
0.23305344
0.22863177
0.22419187
0.21973937
0.21527618
0.21080661
0.20633689
0.20186708
0.19740295
0.19295205
0.18851091
0.18408569
0.17968923
0.17531278
0.17095498
0.1666447
0.16238325
0.15813613
0.15392509
0.14982716
0.14582247
0.14173904
0.13744343
0.1330678
0.12900132
0.125657
0.1232446
0.12171594
0.12086023
0.12043428
0.12024451
0.12016837
0.12014071
0.12013157
0.12012881
0.12012805
0.12012785
0.1201278
0.12012779
0.12012778
0.12012778
0.39121263
0.38995156
0.38864576
0.38729396
0.3858949
0.38444732
0.38294994
0.38140148
0.37980066
0.37814622
0.37643689
0.37467143
0.37284859
0.37096717
0.36902596
0.3670238
0.36495957
0.36283217
0.36064054
0.35838369
0.35606067
0.3536706
0.35121263
0.34868605
0.34609015
0.34342437
0.34068819
0.33788124
0.33500318
0.33205388
0.32903321
0.32594126
0.3227782
0.31954433
0.31624013
0.31286615
0.3094232
0.30591209
0.30233398
0.29868998
0.29498154
0.29121019
0.28737758
0.28348573
0.27953645
0.27553222
0.27147518
0.26736792
0.26321329
0.25901369
0.25477268
0.25049287
0.24617764
0.24183079
0.23745481
0.23305436
0.22863262
0.22419264
0.21974007
0.21527681
0.21080716
0.20633739
0.20186752
0.19740331
0.19295237
0.18851118
0.1840859
0.1796894
0.17531291
0.17095506
0.16664472
0.16238323
0.15813605
0.15392497
0.14982703
0.14582231
0.14173877
0.13744298
0.13306722
0.12900069
0.1256564
0.12324413
0.12171562
0.12086005
0.1204342
0.12024449
0.12016839
0.12014074
0.12013162
0.12012886
0.1201281
0.1201279
0.12012785
0.12012784
0.12012783
0.12012783
0.39121506
0.38995403
0.38864826
0.3872965
0.38589749
0.38444995
0.38295261
0.38140419
0.37980341
0.37814902
0.37643973
0.37467431
0.37285152
0.37097013
0.36902896
0.36702684
0.36496265
0.36283527
0.36064368
0.35838685
0.35606385
0.35367379
0.35121584
0.34868926
0.34609336
0.34342757
0.34069138
0.3378844
0.33500632
0.33205698
0.32903627
0.32594428
0.32278116
0.31954724
0.31624297
0.31286892
0.30942589
0.3059147
0.30233651
0.29869242
0.2949839
0.29121245
0.28737975
0.2834878
0.27953843
0.2755341
0.27147696
0.2673696
0.26321487
0.25901517
0.25477407
0.25049416
0.24617884
0.2418319
0.23745583
0.2330553
0.22863347
0.22419342
0.21974077
0.21527744
0.21080772
0.20633788
0.20186794
0.19740368
0.19295267
0.18851143
0.1840861
0.17968954
0.175313
0.17095511
0.16664471
0.16238315
0.15813594
0.15392484
0.14982685
0.14582207
0.14173845
0.13744251
0.13306657
0.12899994
0.12565571
0.12324362
0.12171533
0.12085993
0.12043417
0.12024451
0.12016842
0.12014078
0.12013165
0.1201289
0.12012814
0.12012794
0.12012789
0.12012787
0.12012787
0.12012787
0.39121758
0.38995659
0.38865086
0.38729914
0.38590017
0.38445267
0.38295537
0.38140699
0.37980626
0.37815191
0.37644267
0.37467729
0.37285454
0.37097319
0.36903206
0.36702998
0.36496582
0.36283847
0.36064691
0.35839011
0.35606713
0.35367708
0.35121914
0.34869256
0.34609666
0.34343087
0.34069467
0.33788767
0.33500957
0.33206019
0.32903944
0.3259474
0.32278423
0.31955025
0.31624591
0.31287179
0.30942869
0.30591742
0.30233914
0.29869496
0.29498634
0.2912148
0.287382
0.28348996
0.27954048
0.27553605
0.2714788
0.26737134
0.26321651
0.25901671
0.2547755
0.2504955
0.24618007
0.24183304
0.23745688
0.23305626
0.22863435
0.2241942
0.21974147
0.21527807
0.21080826
0.20633835
0.20186835
0.19740401
0.19295294
0.18851165
0.18408625
0.17968965
0.17531307
0.17095514
0.16664474
0.16238315
0.15813581
0.15392458
0.14982657
0.14582178
0.14173804
0.13744191
0.13306582
0.12899917
0.12565502
0.12324307
0.12171493
0.12085966
0.12043401
0.12024442
0.12016839
0.12014078
0.12013167
0.12012892
0.12012816
0.12012797
0.12012792
0.12012791
0.1201279
0.1201279
0.39122021
0.38995926
0.38865357
0.38730189
0.38590295
0.38445549
0.38295824
0.3814099
0.37980921
0.3781549
0.3764457
0.37468037
0.37285765
0.37097635
0.36903526
0.36703321
0.36496909
0.36284178
0.36065024
0.35839346
0.35607051
0.35368048
0.35122255
0.34869598
0.34610008
0.34343428
0.34069807
0.33789105
0.33501292
0.33206352
0.32904273
0.32595064
0.32278741
0.31955337
0.31624897
0.31287477
0.30943159
0.30592024
0.30234187
0.2986976
0.29498888
0.29121724
0.28738434
0.28349219
0.2795426
0.27553806
0.27148071
0.26737314
0.26321819
0.25901829
0.25477698
0.25049687
0.24618134
0.24183421
0.23745795
0.23305723
0.22863523
0.224195
0.21974218
0.21527869
0.21080881
0.20633882
0.20186875
0.19740435
0.19295321
0.18851184
0.1840864
0.17968974
0.17531309
0.17095512
0.16664469
0.16238306
0.15813564
0.15392434
0.14982627
0.14582144
0.14173759
0.13744128
0.13306501
0.12899828
0.12565422
0.12324247
0.12171455
0.12085946
0.12043392
0.12024439
0.12016839
0.1201408
0.12013169
0.12012895
0.12012819
0.12012799
0.12012794
0.12012793
0.12012793
0.12012793
0.39122295
0.38996204
0.38865639
0.38730474
0.38590585
0.38445843
0.38296122
0.38141292
0.37981228
0.37815801
0.37644885
0.37468356
0.37286089
0.37097962
0.36903857
0.36703656
0.36497247
0.3628452
0.36065369
0.35839694
0.356074
0.35368399
0.35122608
0.34869951
0.34610362
0.34343782
0.34070159
0.33789456
0.3350164
0.33206696
0.32904614
0.325954
0.32279072
0.31955661
0.31625215
0.31287787
0.30943462
0.30592317
0.30234471
0.29870034
0.29499153
0.29121978
0.28738677
0.28349451
0.27954481
0.27554016
0.27148269
0.267375
0.26321995
0.25901993
0.2547785
0.25049828
0.24618265
0.24183541
0.23745904
0.23305823
0.22863613
0.2241958
0.2197429
0.21527932
0.21080936
0.2063393
0.20186913
0.19740466
0.19295347
0.18851202
0.18408651
0.17968982
0.1753131
0.17095504
0.16664456
0.16238289
0.15813542
0.15392406
0.14982597
0.14582107
0.14173707
0.13744057
0.13306413
0.12899734
0.12565335
0.12324181
0.12171413
0.12085925
0.12043384
0.12024438
0.1201684
0.12014082
0.12013171
0.12012897
0.12012821
0.12012801
0.12012796
0.12012795
0.12012795
0.12012795
0.39122582
0.38996494
0.38865933
0.38730773
0.38590887
0.3844615
0.38296432
0.38141607
0.37981547
0.37816124
0.37645213
0.37468687
0.37286425
0.37098302
0.36904201
0.36704004
0.36497599
0.36284874
0.36065726
0.35840054
0.35607763
0.35368764
0.35122974
0.34870319
0.34610729
0.34344149
0.34070525
0.3378982
0.33502002
0.33207055
0.32904968
0.3259575
0.32279416
0.31955999
0.31625546
0.31288111
0.30943776
0.30592623
0.30234767
0.2987032
0.29499428
0.29122243
0.2873893
0.28349693
0.27954711
0.27554234
0.27148475
0.26737694
0.26322176
0.25902163
0.25478009
0.25049975
0.24618401
0.24183665
0.23746018
0.23305926
0.22863705
0.22419662
0.21974362
0.21527995
0.21080991
0.20633975
0.20186951
0.19740497
0.19295369
0.18851218
0.18408661
0.17968985
0.17531307
0.17095497
0.16664446
0.16238274
0.15813516
0.1539237
0.14982556
0.14582062
0.14173651
0.13743979
0.13306315
0.12899629
0.12565243
0.12324113
0.12171371
0.12085901
0.12043373
0.12024433
0.12016838
0.12014082
0.12013172
0.12012898
0.12012822
0.12012802
0.12012798
0.12012797
0.12012796
0.12012796
0.39122882
0.38996798
0.38866241
0.38731084
0.38591203
0.3844647
0.38296757
0.38141936
0.3798188
0.37816461
0.37645555
0.37469034
0.37286775
0.37098657
0.3690456
0.36704367
0.36497965
0.36285244
0.36066099
0.3584043
0.35608142
0.35369144
0.35123356
0.34870701
0.34611112
0.34344531
0.34070906
0.337902
0.3350238
0.33207429
0.32905338
0.32596116
0.32279776
0.31956353
0.31625892
0.31288449
0.30944105
0.30592943
0.30235077
0.29870619
0.29499716
0.2912252
0.28739195
0.28349946
0.27954952
0.27554462
0.2714869
0.26737897
0.26322366
0.2590234
0.25478174
0.25050128
0.24618541
0.24183794
0.23746134
0.23306032
0.228638
0.22419747
0.21974437
0.2152806
0.21081046
0.20634023
0.20186989
0.19740526
0.19295392
0.18851233
0.18408669
0.17968988
0.17531303
0.17095485
0.16664429
0.16238252
0.15813485
0.15392332
0.14982515
0.14582016
0.14173589
0.13743894
0.1330621
0.12899519
0.12565145
0.12324038
0.12171322
0.12085874
0.12043359
0.12024427
0.12016837
0.12014082
0.12013173
0.12012899
0.12012823
0.12012804
0.12012799
0.12012798
0.12012798
0.12012798
0.39123182
0.38997102
0.38866548
0.38731396
0.38591519
0.38446789
0.3829708
0.38142263
0.37982212
0.37816798
0.37645895
0.37469378
0.37287124
0.37099009
0.36904916
0.36704727
0.36498329
0.36285612
0.3606647
0.35840804
0.35608518
0.35369523
0.35123736
0.34871082
0.34611494
0.34344913
0.34071288
0.3379058
0.33502757
0.33207803
0.32905708
0.32596481
0.32280136
0.31956706
0.31626237
0.31288787
0.30944435
0.30593262
0.30235387
0.29870918
0.29500004
0.29122796
0.28739459
0.28350197
0.2795519
0.27554687
0.27148902
0.26738095
0.26322552
0.25902512
0.25478333
0.25050274
0.24618675
0.24183915
0.23746244
0.2330613
0.22863886
0.22419822
0.21974502
0.21528114
0.21081091
0.20634058
0.20187016
0.19740545
0.19295402
0.18851236
0.18408665
0.17968975
0.17531284
0.1709546
0.16664395
0.1623821
0.15813438
0.15392281
0.14982459
0.14581951
0.14173508
0.13743788
0.1330608
0.12899377
0.12565006
0.1232392
0.12171232
0.12085814
0.12043323
0.12024407
0.12016826
0.12014077
0.12013171
0.12012899
0.12012824
0.12012805
0.12012801
0.120128
0.12012799
0.12012799
)
;

boundaryField
{
    inlet
    {
        type            fixedValue;
        value           uniform 0.7098;
    }
    outlet
    {
        type            inletOutlet;
        inletValue      uniform 0.7098;
        value           nonuniform List<scalar> 
80
(
15.17407
18.775722
17.45298
16.951779
16.706389
16.543751
16.412589
16.293306
16.177022
16.059148
15.937016
15.808893
15.673519
15.529875
15.377062
15.214224
15.040508
14.855033
14.656867
14.445008
14.218371
13.975775
13.715927
13.437413
13.138688
12.817513
12.47005
12.091361
11.675725
11.216579
10.706094
10.134507
9.4896836
8.7577828
7.9260609
6.9885381
5.9551409
4.8758147
3.8118138
2.7399144
1.6374039
0.66735596
0.22189888
0.13393964
0.12183247
0.1202402
0.12006358
0.12006105
0.12007445
0.12008629
0.12009551
0.12010264
0.12010815
0.12011242
0.12011576
0.12011836
0.1201204
0.120122
0.12012326
0.12012425
0.12012503
0.12012565
0.12012614
0.12012652
0.12012683
0.12012708
0.12012727
0.12012742
0.12012755
0.12012764
0.12012772
0.12012778
0.12012783
0.12012787
0.1201279
0.12012793
0.12012795
0.12012796
0.12012798
0.12012799
)
;
    }
    top
    {
        type            zeroGradient;
    }
    upstreamWall
    {
        type            symmetryPlane;
    }
    plate
    {
        type            kLowReWallFunction;
        value           nonuniform List<scalar> 
96
(
11.844959
43.499837
59.527695
57.538384
51.611238
47.086571
46.826448
47.551686
48.72113
49.007901
48.831336
48.337693
47.682286
46.987224
46.264632
45.525898
44.805608
44.108338
43.432579
42.782313
42.15944
41.561861
40.998372
40.462256
39.946945
39.451057
38.973902
38.516955
38.081245
37.660428
37.253885
36.859488
36.480517
36.113855
35.758889
35.413295
35.077959
34.753139
34.436379
34.127761
33.827141
33.534456
33.24787
32.967661
32.694168
32.42661
32.164111
31.907145
31.655431
31.408294
31.165717
30.927526
30.693376
30.463376
30.236885
30.01414
29.795034
29.578903
29.366204
29.15653
28.949822
28.746026
28.544767
28.346542
28.150679
27.957323
27.766607
27.578542
27.392158
27.208442
27.027986
26.849187
26.672199
26.499933
26.333073
26.169421
26.010941
25.867281
25.7464
25.647671
25.565859
25.499522
25.456424
25.443378
25.45207
25.467999
25.479325
25.482716
25.482083
25.481025
25.480709
25.480807
25.480919
25.480949
25.480952
25.480894
)
;
    }
    frontAndBack
    {
        type            empty;
    }
}


// ************************************************************************* //
