/*--------------------------------*- C++ -*----------------------------------*\
| =========                 |                                                 |
| \\      /  F ield         | OpenFOAM: The Open Source CFD Toolbox           |
|  \\    /   O peration     | Version:  2512                                  |
|   \\  /    A nd           | Website:  www.openfoam.com                      |
|    \\/     M anipulation  |                                                 |
\*---------------------------------------------------------------------------*/
FoamFile
{
    version     2.0;
    format      ascii;
    arch        "LSB;label=32;scalar=64";
    class       volScalarField;
    location    "0.0499878";
    object      omega;
}
// * * * * * * * * * * * * * * * * * * * * * * * * * * * * * * * * * * * * * //

dimensions      [0 0 -1 0 0 0 0];

internalField   nonuniform List<scalar> 
8800
(
908.64832
789.36181
722.59946
675.42817
648.24846
625.68389
613.25647
601.44174
595.54101
588.92041
586.30898
582.03382
582.61471
1191.869
908.64467
789.36923
722.59103
675.43922
648.23603
625.69983
613.2356
601.47327
595.49102
588.99935
586.24264
582.16163
582.36208
632.64442
908.63681
789.3852
722.57295
675.46281
648.20973
625.733
613.19351
601.5341
595.39915
589.15462
585.93817
582.93405
580.65409
585.19874
908.62414
789.41081
722.54414
675.50013
648.16885
625.78308
613.13346
601.61385
595.2951
589.29479
585.74945
583.16982
580.59241
580.25771
908.60615
789.44701
722.50379
675.55185
648.11363
625.84794
613.06187
601.69778
595.2099
589.35502
585.80568
582.8072
581.35055
579.29461
908.58235
789.49453
722.45149
675.61796
648.04536
625.92398
612.98655
601.7733
595.15335
589.37103
585.8675
582.68739
581.37716
579.26212
908.55238
789.55378
722.38739
675.69765
647.9663
626.00684
612.91445
601.8337
595.12023
589.38802
585.82576
582.87016
581.0281
579.8385
908.51605
789.6247
722.31228
675.78923
647.87943
626.09246
612.84963
601.87838
595.10608
589.39359
585.81332
582.885
581.08884
579.69025
908.47336
789.70668
722.22769
675.89019
647.78809
626.17791
612.79214
601.91307
595.10256
589.38355
585.84881
582.81383
581.18028
579.61465
908.42462
789.79848
722.13595
675.99725
647.69567
626.2618
612.73842
601.94847
595.09265
589.38498
585.86623
582.79557
581.18352
579.61534
908.3704
789.89814
722.04015
676.10652
647.60553
626.34353
612.68405
601.99453
595.06161
589.42013
585.83567
582.83792
581.14155
579.64554
908.31162
790.00305
721.94395
676.21364
647.52115
626.42193
612.62775
602.05273
595.01107
589.48089
585.77984
582.89772
581.09278
579.68026
908.24951
790.11002
721.85142
676.31408
647.44631
626.49386
612.57396
602.11325
594.95944
589.53854
585.73634
582.93802
581.06221
579.6989
908.18554
790.21553
721.76659
676.40346
647.38498
626.55428
612.53146
602.16106
594.92714
589.57121
585.72223
582.95115
581.05235
579.70041
908.12132
790.31607
721.693
676.47817
647.34057
626.59807
612.50824
602.18609
594.92201
589.57725
585.73147
582.94712
581.0544
579.69264
908.05847
790.40855
721.6331
676.53613
647.31459
626.62301
612.50622
602.18929
594.93715
589.56858
585.75027
582.93804
581.05881
579.68283
907.99838
790.49083
721.58767
676.57755
647.30547
626.63169
612.51979
602.1804
594.95958
589.55796
585.76836
582.93085
581.06053
579.67391
907.942
790.56212
721.55541
676.6053
647.30827
626.63102
612.53905
602.17083
594.97882
589.55249
585.78147
582.92783
581.05799
579.66612
907.88972
790.62329
721.533
676.62455
647.31586
626.6294
612.55482
602.16796
594.99036
589.55399
585.78885
582.9291
581.05107
579.65843
907.84123
790.67686
721.51547
676.64169
647.32101
626.63344
612.56227
602.17353
594.9945
589.56117
585.79168
582.93347
581.0407
579.64904
907.79555
790.7266
721.49722
676.66288
647.31832
626.6463
612.56094
602.18567
594.99375
589.57147
585.79218
582.939
581.02858
579.63585
907.7513
790.77684
721.47313
676.6928
647.30494
626.66834
612.5524
602.20205
594.99023
589.58296
585.79178
582.94441
581.01576
579.61775
907.70702
790.83146
721.4396
676.73393
647.28014
626.69902
612.53738
602.2223
594.98378
589.59599
585.7899
582.95026
581.00197
579.59557
907.66164
790.89283
721.39541
676.78646
647.24454
626.73801
612.51529
602.24786
594.97256
589.61246
585.78476
582.95805
580.98619
579.57156
907.61499
790.96099
721.34205
676.84808
647.20028
626.7842
612.48623
602.27919
594.9558
589.63311
585.77565
582.96836
580.96818
579.54786
907.56813
791.03311
721.2838
676.91391
647.15173
626.83378
612.45342
602.31323
594.93623
589.65542
585.76464
582.97945
580.94951
579.52514
907.52343
791.10376
721.22708
676.97681
647.10559
626.88012
612.42295
602.34428
594.91861
589.67525
585.75492
582.98866
580.93228
579.50315
907.48425
791.16578
721.17916
677.0288
647.06907
626.91623
612.40062
602.36726
594.90667
589.6895
585.74858
582.99423
580.91777
579.4817
907.45426
791.21206
721.14624
677.06341
647.04718
626.93774
612.3892
602.38001
594.90155
589.69715
585.74599
582.9957
580.90612
579.46085
907.43649
791.23736
721.13163
677.07774
647.04105
626.94411
612.38817
602.38301
594.90233
589.69878
585.74638
582.9935
580.89685
579.44081
907.43241
791.23986
721.13499
677.07286
647.04838
626.93768
612.39503
602.37819
594.90724
589.6956
585.74868
582.98832
580.88929
579.42172
907.44142
791.22154
721.15296
677.05265
647.06535
626.92179
612.40708
602.36773
594.9146
589.68893
585.75189
582.98099
580.88287
579.40372
907.46094
791.18741
721.18059
677.02234
647.08779
626.90016
612.4217
602.35387
594.92301
589.68008
585.75531
582.97233
580.87721
579.38699
907.48695
791.14423
721.21269
676.98729
647.11214
626.87618
612.4369
602.33868
594.93143
589.67029
585.75854
582.96312
580.87215
579.37174
907.51498
791.09896
721.24476
676.95222
647.13564
626.8527
612.45123
602.32384
594.93921
589.66068
585.76129
582.95421
580.86759
579.35825
907.54102
791.05752
721.27333
676.92094
647.15615
626.8321
612.46354
602.31086
594.94577
589.65227
585.76342
582.94629
580.86351
579.34678
907.56228
791.02393
721.29607
676.89607
647.17221
626.816
612.47302
602.30084
594.95074
589.64575
585.76481
582.93985
580.85985
579.33746
907.5776
790.99989
721.31207
676.87865
647.18323
626.8051
612.47933
602.29421
594.95399
589.64141
585.76543
582.93509
580.85656
579.33025
907.58727
790.98486
721.32178
676.86822
647.18953
626.799
612.48277
602.29067
594.95568
589.63905
585.7654
582.93189
580.85361
579.3249
907.59257
790.97682
721.32668
676.86313
647.19233
626.79644
612.48413
602.28938
594.95629
589.63815
585.76495
582.92987
580.85103
579.321
907.59505
790.97326
721.32858
676.8613
647.1931
626.79594
612.48436
602.28936
594.95635
589.63807
585.76436
582.92862
580.84888
579.31817
907.59603
790.97202
721.32906
676.86102
647.19306
626.79626
612.48425
602.28983
594.9563
589.63831
585.76385
582.92779
580.84717
579.31607
907.59635
790.97173
721.32908
676.86122
647.1929
626.79676
612.48416
602.29039
594.95634
589.63864
585.7635
582.92722
580.84589
579.31452
907.59645
790.97173
721.32904
676.86148
647.19285
626.79721
612.48422
602.29088
594.95652
589.63896
585.76334
582.92682
580.84499
579.31337
907.5965
790.97175
721.32907
676.86169
647.1929
626.79755
612.4844
602.29132
594.95681
589.63929
585.76334
582.92659
580.84442
579.31259
907.59655
790.97176
721.32914
676.86187
647.19302
626.79785
612.48467
602.29174
594.95719
589.63964
585.76347
582.92653
580.84412
579.31213
907.5966
790.97175
721.32922
676.86202
647.19319
626.79814
612.485
602.29218
594.95764
589.64006
585.76374
582.92664
580.84406
579.31196
907.59663
790.97177
721.32931
676.86215
647.19339
626.79845
612.48538
602.29267
594.95815
589.64055
585.76412
582.92691
580.84422
579.31204
907.59665
790.9718
721.32941
676.86229
647.1936
626.79878
612.48579
602.29319
594.95871
589.64111
585.76462
582.92733
580.84458
579.31235
907.59666
790.97183
721.32951
676.86244
647.19384
626.79913
612.48625
602.29375
594.95934
589.64175
585.76523
582.92791
580.84512
579.31287
907.59667
790.97188
721.32961
676.86261
647.1941
626.7995
612.48675
602.29436
594.96003
589.64248
585.76595
582.92863
580.84582
579.31357
907.59666
790.97194
721.3297
676.86281
647.1944
626.79991
612.4873
602.29502
594.9608
589.64329
585.76679
582.92948
580.84668
579.31444
907.59664
790.97201
721.3298
676.86303
647.19471
626.80034
612.4879
602.29575
594.96164
589.6442
585.76775
582.93047
580.84769
579.31548
907.59661
790.97209
721.32991
676.86326
647.19505
626.80082
612.48855
602.29655
594.96257
589.6452
585.76883
582.93158
580.84885
579.31666
907.59658
790.97218
721.33003
676.86349
647.19543
626.80135
612.48926
602.29741
594.96357
589.6463
585.77001
582.93282
580.85014
579.31798
907.59657
790.97225
721.33017
676.86374
647.19584
626.80193
612.49004
602.29835
594.96466
589.6475
585.7713
582.93418
580.85155
579.31944
907.59655
790.97232
721.33031
676.86402
647.1963
626.80257
612.49088
602.29937
594.96584
589.6488
585.7727
582.93565
580.85308
579.32102
907.59655
790.97238
721.33046
676.86432
647.19679
626.80327
612.49179
602.30048
594.96711
589.6502
585.77421
582.93724
580.85474
579.32272
907.59654
790.97245
721.33062
676.86465
647.19733
626.80403
612.49278
602.30167
594.96848
589.6517
585.77583
582.93895
580.85651
579.32454
907.59654
790.97252
721.33081
676.86502
647.19791
626.80485
612.49385
602.30295
594.96995
589.65332
585.77756
582.94077
580.8584
579.32648
907.59655
790.97257
721.33102
676.86542
647.19855
626.80575
612.49499
602.30433
594.97151
589.65504
585.7794
582.94271
580.86041
579.32854
907.59657
790.97263
721.33126
676.86587
647.19925
626.80673
612.49623
602.30581
594.97318
589.65687
585.78136
582.94475
580.86252
579.33071
907.59659
790.97269
721.33152
676.86636
647.2
626.80778
612.49756
602.30739
594.97496
589.65882
585.78342
582.94692
580.86475
579.33299
907.59661
790.97277
721.3318
676.8669
647.20083
626.80893
612.49899
602.30907
594.97685
589.66087
585.7856
582.94919
580.8671
579.33538
907.59662
790.97286
721.3321
676.86748
647.20173
626.81016
612.50052
602.31087
594.97885
589.66304
585.78789
582.95157
580.86955
579.33789
907.59664
790.97296
721.33243
676.86812
647.20272
626.81149
612.50216
602.31277
594.98097
589.66532
585.7903
582.95407
580.87212
579.34051
907.59666
790.97307
721.3328
676.86882
647.20378
626.81291
612.50391
602.31479
594.9832
589.66772
585.79282
582.95669
580.8748
579.34324
907.59667
790.9732
721.3332
676.86958
647.20493
626.81444
612.50576
602.31692
594.98554
589.67023
585.79546
582.95941
580.8776
579.34608
907.59669
790.97334
721.33364
676.87041
647.20617
626.81608
612.50773
602.31917
594.98801
589.67286
585.79821
582.96226
580.88051
579.34904
907.5967
790.97351
721.33413
676.87131
647.2075
626.81782
612.50983
602.32154
594.9906
589.67561
585.80108
582.96522
580.88353
579.35211
907.5967
790.97369
721.33467
676.87228
647.20894
626.81967
612.51204
602.32403
594.99331
589.67848
585.80407
582.9683
580.88667
579.3553
907.59671
790.9739
721.33525
676.87333
647.21047
626.82164
612.51437
602.32664
594.99614
589.68148
585.80718
582.9715
580.88994
579.35861
907.59672
790.97412
721.33588
676.87447
647.21211
626.82372
612.51683
602.32939
594.9991
589.6846
585.81042
582.97482
580.89332
579.36204
907.59673
790.97436
721.33656
676.87569
647.21386
626.82593
612.51941
602.33226
595.0022
589.68785
585.81379
582.97828
580.89684
579.3656
907.59675
790.97462
721.3373
676.87699
647.21572
626.82827
612.52213
602.33527
595.00543
589.69124
585.8173
582.98186
580.90049
579.3693
907.59677
790.97491
721.3381
676.87839
647.21769
626.83073
612.52499
602.33843
595.0088
589.69477
585.82094
582.9856
580.90428
579.37313
907.59679
790.97521
721.33895
676.87988
647.21979
626.83333
612.52799
602.34173
595.01233
589.69846
585.82475
582.98948
580.90823
579.37712
907.59682
790.97554
721.33987
676.88146
647.222
626.83608
612.53114
602.34519
595.01601
589.70231
585.82872
582.99354
580.91234
579.38128
907.59684
790.9759
721.34084
676.88315
647.22435
626.83897
612.53447
602.34883
595.01988
589.70635
585.83287
582.99778
580.91665
579.38563
907.59687
790.97627
721.34187
676.88491
647.22679
626.84197
612.53789
602.35258
595.02386
589.71049
585.83713
583.00213
580.92106
579.39009
145139.21
235901.42
272934.27
268559.93
255172.32
244586.1
243959.64
245677.05
248433.44
249106.73
248693.15
247533.39
245986.77
244338.68
242616.37
240846.13
239110.63
237421.59
235776.05
234184.53
232652.43
231175.49
229776.28
228439.15
227148.41
225901.15
224696.18
223537.71
222428.89
221354.08
220312.02
219297.62
218319.57
217370.21
216448.17
215547.7
214671.27
213819.8
212987.01
212173.34
211378.5
210602.53
209840.67
209093.8
208362.91
207646.06
206940.98
206249.04
205569.59
204900.87
204242.94
203595.38
202957.33
202329.15
201709.16
201098.06
200495.61
199900.04
199312.66
198732.39
198159.12
197592.75
197032.25
196479.06
195931.37
195389.57
194854.1
194325.04
193799.66
193280.77
192770.14
192263.24
191760.49
191270.2
190794.43
190327.02
189873.75
189462.39
189115.95
188833.42
188600.17
188410.94
188287.93
188250.82
188275.88
188321.63
188354.09
188363.8
188361.98
188358.96
188358.06
188358.35
188358.68
188358.77
188358.78
188358.62
17815.188
69226.523
115374.22
139016.13
155005.65
163142.66
161775.03
155060.64
143718.64
133606.43
125800.3
119538.31
114700.56
110922.65
107889.41
105406.75
103315.39
101473.98
99830.832
98352.746
97017.952
95800.467
94682.798
93639.553
92662.886
91750.991
90899.088
90100.853
89348.268
88635.314
87960.218
87320.512
86713.769
86135.628
85583.124
85054.865
84549.634
84065.179
83599.481
83151.265
82719.54
82302.935
81900.169
81510.464
81132.854
80766.453
80410.542
80064.57
79727.803
79399.615
79079.623
78767.238
78461.98
78163.505
77871.348
77585.183
77304.736
77029.566
76759.538
76494.279
76233.589
75977.337
75725.096
75476.864
75232.513
74991.674
74754.308
74520.679
74290.025
74062.337
73838.547
73617.994
73399.815
73186.029
72978.678
72776.713
72580.899
72400.004
72244.963
72118.445
72016.078
71934.905
71880.929
71861.341
71871.045
71890.031
71903.82
71908.484
71907.866
71906.53
71906.058
71906.155
71906.304
71906.36
71906.378
71906.313
1626.3292
7816.4396
23776.835
41171.719
55895.183
68281.067
78005.274
84072.085
85014.867
83184.601
78014.336
73209.479
69501.172
66714.538
64325.559
62300.852
60599.3
59150.727
57904.764
56816.859
55848.562
54977.471
54186.814
53452.291
52770.248
52138.421
51552.573
51007.56
50495.279
50010.291
49552.437
49120.661
48714.114
48327.653
47958.917
47607.592
47273.694
46954.992
46649.412
46356.351
46075.676
45805.905
45545.83
45295.393
45053.932
44820.437
44594.428
44375.812
44163.763
43957.776
43757.765
43563.197
43373.705
43189.077
43008.915
42833.062
42661.227
42493.09
42328.64
42167.507
42009.548
41854.7
41702.643
41553.336
41406.712
41262.508
41120.614
40981.251
40843.953
40708.588
40575.713
40445.072
40315.992
40189.432
40066.729
39947.486
39831.722
39723.997
39630.965
39554.808
39493.504
39445.229
39412.718
39400.134
39404.384
39415.282
39423.67
39426.759
39426.554
39425.763
39425.442
39425.474
39425.554
39425.584
39425.595
39425.562
658.44195
1199.6571
3068.0329
6805.7895
12932.53
18659.08
26293.277
34145.153
42112.578
48546.005
52084.5
52919.981
52019.549
49840.629
47731.077
46052.203
44603.209
43250.51
42075.569
41042.387
40107.051
39270.57
38509.727
37821.999
37197.117
36623.79
36095.251
35605.954
35148.038
34718.319
34316.15
33939.639
33587.263
33253.619
32937.132
32637.742
32355.231
32086.983
31831.083
31587.086
31355.078
31133.224
30920.417
30716.798
30521.681
30333.963
30153.235
29979.521
29811.832
29649.736
29493.237
29341.725
29194.87
29052.497
28914.194
28779.838
28649.115
28521.735
28397.709
28276.648
28158.425
28042.977
27930.02
27819.478
27711.301
27605.26
27501.191
27399.296
27299.233
27200.786
27104.347
27009.856
26916.692
26825.312
26736.787
26651.034
26567.69
26489.436
26421.173
26365.037
26320.109
26285.03
26261.054
26251.014
26253.033
26260.444
26266.618
26269.06
26269.023
26268.469
26268.21
26268.22
26268.272
26268.291
26268.298
26268.277
587.56096
649.5412
855.1469
1429.8198
2743.4167
4143.6826
6062.9444
8538.3284
12210.502
17394.933
23486.962
30087.625
35306.084
37809.791
38010.815
37486.388
36364.86
35216.567
34274.51
33329.278
32408.588
31585.714
30814.061
30100.359
29455.72
28862.628
28316.711
27812.231
27345.184
26915.487
26517.115
26146.515
25800.559
25475.26
25169.947
24883.39
24614.574
24360.601
24119.953
23892.164
23676.972
23472.255
23277.102
23091.62
22914.934
22745.892
22584.127
22429.621
22281.208
22138.549
22001.638
21869.745
21742.574
21619.953
21501.415
21386.846
21275.908
21168.301
21064.042
20962.708
20864.182
20768.38
20675.024
20584.026
20495.318
20408.695
20323.953
20241.273
20160.371
20080.99
20003.424
19927.708
19853.245
19780.219
19709.558
19641.322
19574.922
19512.006
19456.527
19410.627
19374.014
19345.595
19325.859
19316.937
19317.759
19323.191
19328.197
19330.288
19330.341
19329.919
19329.695
19329.695
19329.733
19329.747
19329.751
19329.736
579.4994
586.90473
617.61641
712.69135
960.13707
1213.7173
1728.3308
2339.4083
3204.6232
4429.8166
6373.8056
9191.939
14106.385
19847.7
25072.998
28310.743
29591.987
29546.029
29141.755
28460.51
27734.851
27095.929
26397.146
25705.228
25064.015
24449.209
23878.573
23347.016
22850.462
22394.364
21971.994
21580.494
21215.178
20876.765
20563.489
20271.378
19998.303
19741.793
19500.876
19274.685
19061.916
18860.641
18670.133
18490.226
18319.736
18157.56
18003.334
17856.861
17716.844
17583.045
17455.357
17332.935
17215.519
17102.906
16994.564
16890.379
16789.977
16693.044
16599.584
16509.134
16421.594
16336.84
16254.591
16174.759
16097.238
16021.844
15948.342
15876.892
15807.232
15739.092
15672.7
15608.127
15544.798
15482.739
15422.778
15365.033
15308.77
15255
15207.077
15167.14
15135.284
15110.616
15093.21
15084.794
15084.852
15088.99
15093.283
15095.157
15095.266
15094.927
15094.727
15094.722
15094.753
15094.764
15094.767
15094.755
578.07991
578.3221
582.02201
596.64059
643.82049
701.97537
833.99093
979.81008
1217.3902
1446.0205
1966.0704
2573.1669
3799.215
5628.4184
9116.0091
13610.204
18393.865
21845.308
23596.936
24130.998
24020.761
23672.872
23184.026
22686.737
22176.537
21611.486
21076.393
20553.602
20046.2
19570.707
19122.126
18704.553
18313.914
17951.041
17616.293
17305.061
17014.668
16744.516
16493.708
16259.904
16040.479
15834.48
15641.042
15459.419
15288.094
15126.133
14973.083
14828.418
14690.834
14560.14
14436.039
14317.61
14204.625
14096.803
13993.553
13894.751
13799.976
13708.899
13621.495
13537.26
13456.111
13377.874
13302.261
13229.186
13158.494
13090.024
13023.512
12959.096
12896.519
12835.51
12776.246
12718.807
12662.639
12607.666
12554.643
12503.702
12454.011
12406.156
12363.067
12326.868
12297.901
12275.449
12259.371
12251.157
12250.644
12253.881
12257.685
12259.411
12259.558
12259.278
12259.095
12259.086
12259.113
12259.123
12259.124
12259.116
578.48035
576.72061
576.24795
577.56912
584.22604
597.32595
629.68218
664.27982
738.94618
800.79457
948.32716
1083.3576
1359.8456
1768.8978
2605.1689
3881.6268
6198.389
9737.4873
13731.453
17109.209
19209.19
20045.821
20179.909
20048.489
19748.795
19352.298
18984.872
18547.605
18092.327
17647.917
17204.011
16782.287
16380.034
15998.18
15641.91
15308.478
14997.236
14707.367
14438.763
14189.267
13955.468
13738.618
13536.646
13347.847
13170.571
13004.252
12848.012
12700.907
12561.84
12430.497
12306.315
12188.392
12076.481
11970.171
11868.842
11772.336
11680.17
11592.009
11507.776
11426.93
11349.4
11274.953
11203.294
11134.335
11067.872
11003.759
10941.704
10881.828
10823.862
10767.546
10713.012
10660.333
10608.974
10558.795
10510.488
10464.174
10418.956
10375.122
10335.274
10301.508
10274.33
10253.188
10237.849
10229.66
10228.68
10231.256
10234.692
10236.31
10236.486
10236.249
10236.079
10236.068
10236.091
10236.101
10236.102
10236.095
578.55408
576.74001
575.48882
573.85634
574.0667
575.49152
580.93466
589.42591
610.56115
629.42223
670.38993
716.46405
781.23895
909.01318
1055.3184
1379.4793
1931.0033
2870.4351
4463.464
7119.3898
10416.159
13597.734
15778.044
16873.014
17227.808
17189.385
17025.966
16744.96
16441.294
16115.526
15737.78
15365.225
14985.816
14612.164
14253.238
13908.864
13584.332
13277.689
12990.892
12723.549
12473.108
12240.837
12025.07
11823.916
11636.157
11461.726
11298.66
11145.638
11002.049
10867.187
10740.123
10620.152
10506.878
10399.717
10298.069
10201.7
10110.053
10022.792
9939.7641
9860.3994
9784.629
9712.1508
9642.6675
9576.0797
9512.1328
9450.6915
9391.4389
9334.4739
9279.5131
9226.307
9174.949
9125.4952
9077.4275
9030.5622
8985.5389
8942.4538
8900.3667
8859.3428
8821.7196
8789.5563
8763.4618
8743.0461
8728.0705
8719.7914
8718.4073
8720.4707
8723.6147
8725.15
8725.3483
8725.145
8724.985
8724.9728
8724.9936
8725.0029
8725.0043
8724.9991
578.52935
576.76533
575.45856
573.50782
572.28935
570.69521
570.7431
571.51825
574.75236
580.19936
589.76523
607.39346
624.35425
662.77836
699.50118
790.56971
901.18166
1149.7517
1542.4029
2233.2311
3355.8021
5362.9523
8061.9209
10905.018
13099.731
14361.286
14820.782
14891.188
14812.652
14629.847
14380.309
14132.494
13826.183
13509.422
13185.681
12857.816
12540.288
12231.013
11936.202
11656.983
11393.821
11146.996
10916.417
10701.359
10500.723
10314.573
10141.01
9978.735
9827.9257
9686.966
9554.5579
9430.4069
9313.7425
9203.7999
9100.0588
9002.1337
8909.3887
8821.4975
8738.1918
8658.8945
8583.511
8511.6731
8443.0811
8377.6062
8314.9539
8254.9881
8197.3673
8142.1691
8089.0883
8037.888
7988.6229
7941.3295
7895.5041
7850.9321
7808.2039
7767.3872
7727.5124
7688.4753
7652.3852
7621.2579
7595.7639
7575.6742
7560.8039
7552.3537
7550.6031
7552.2541
7555.1523
7556.6217
7556.8381
7556.6622
7556.5109
7556.4974
7556.5163
7556.5254
7556.5269
7556.523
578.47044
576.81072
575.37887
573.57656
571.99901
570.1528
568.5907
567.19117
566.36557
566.60104
567.72973
571.33745
575.89225
586.9772
597.6993
622.87382
650.10974
719.87601
806.61603
991.4416
1289.8945
1803.1292
2656.9911
4134.455
6343.3149
8850.9017
10989.345
12298.695
12874.334
13029.503
12991.658
12874.784
12678.547
12474.673
12232.879
11962.801
11687.485
11402.101
11120.924
10844.762
10579.322
10325.684
10085.205
9859.262
9647.023
9448.7225
9263.5355
9090.5571
8929.8626
8780.0953
8639.8849
8509.5644
8387.588
8273.098
8165.7044
8064.7269
7969.5075
7879.7013
7794.8883
7714.5141
7638.4124
7566.1614
7497.4569
7432.1164
7369.8215
7310.4181
7253.5432
7199.2506
7147.2106
7097.1953
7049.2215
7003.3051
6958.953
6915.9277
6874.773
6835.5275
6797.202
6759.5591
6724.504
6694.0042
6668.7623
6648.7078
6633.7554
6625.0714
6622.9761
6624.2856
6626.9643
6628.381
6628.6128
6628.46
6628.3162
6628.3017
6628.3188
6628.3277
6628.3293
6628.3267
578.40972
576.85629
575.29832
573.63222
571.90366
570.14877
568.25814
566.49542
564.58768
563.11796
561.67719
561.07761
561.25505
562.53179
564.94418
571.12719
578.33858
595.86899
617.00115
663.78012
748.85327
868.3732
1114.5391
1504.9937
2173.0803
3259.603
5092.6212
7286.3392
9299.7745
10630.303
11271.477
11473.696
11466.851
11396.908
11248.643
11075.877
10883.436
10655.022
10419.329
10170.682
9922.6765
9677.2591
9438.0669
9208.9152
8990.333
8783.6468
8589.006
8406.4972
8235.5979
8076.1806
7927.0427
7788.5243
7659.1776
7538.3499
7425.7927
7320.2919
7221.3144
7128.4169
7040.9718
6958.5127
6880.7264
6807.1608
6737.4982
6671.4709
6608.7637
6549.1769
6492.3333
6438.2568
6386.5933
6337.1168
6289.8067
6244.6586
6201.1861
6159.1332
6118.9972
6080.7916
6043.5135
6006.8178
5972.421
5942.2395
5916.9865
5896.7456
5881.567
5872.5972
5870.1679
5871.1902
5873.6593
5875.0357
5875.2811
5875.1483
5875.0114
5874.9958
5875.0113
5875.0201
5875.0219
5875.0202
578.37272
576.87147
575.25627
573.63732
571.86777
570.13781
568.21752
566.37985
564.33241
562.42505
560.37424
558.56292
556.7967
555.58912
554.53628
554.77116
555.66999
558.48224
563.75821
573.49311
594.52547
625.34181
696.79923
784.32683
981.23476
1285.6729
1801.9753
2675.4987
4164.518
6086.7182
7955.7433
9268.7318
9929.8403
10166.784
10188.131
10141.749
10032.271
9887.0385
9730.2008
9535.7804
9331.7407
9116.2167
8896.8457
8678.5335
8464.1322
8256.9745
8058.2403
7869.8666
7691.4156
7523.9197
7366.6363
7219.6253
7082.251
6954.0453
6834.7229
6723.1126
6619.0785
6521.9121
6430.7135
6345.2119
6264.8276
6189.1135
6117.7235
6050.2718
5986.4778
5926.0567
5868.6313
5814.1844
5762.3414
5712.8656
5665.7006
5620.8235
5577.7491
5536.2052
5496.6411
5459.0514
5422.4235
5386.3229
5352.2863
5322.1774
5296.7063
5276.1022
5260.5814
5251.2799
5248.5191
5249.2948
5251.5575
5252.9036
5253.1615
5253.0463
5252.9157
5252.8993
5252.9133
5252.9219
5252.9237
5252.923
578.35816
576.86221
575.24069
573.61711
571.85752
570.10757
568.21375
566.33476
564.30693
562.29605
560.14952
558.04248
555.83673
553.7548
551.68965
549.83031
548.39147
547.19883
547.30299
548.28043
551.48244
558.16556
574.7401
596.33504
652.42986
722.43459
876.46987
1132.2604
1533.3258
2260.3238
3472.363
5174.0272
6886.2369
8154.3917
8807.3228
9061.3211
9103.2784
9071.3462
8987.7785
8866.08
8731.8036
8568.7637
8391.672
8203.2627
8009.4004
7814.8371
7621.9658
7435.0361
7254.4433
7082.6128
6919.6522
6766.0127
6621.6831
6486.495
6360.0588
6241.8287
6131.6635
6028.9395
5932.7864
5843.2713
5759.3527
5680.6651
5606.7963
5537.2142
5471.7003
5409.8379
5351.2745
5295.9281
5243.4143
5193.466
5145.995
5100.9615
5057.8758
5016.4493
4977.0805
4939.7534
4903.4483
4867.6529
4833.7304
4803.49
4777.6314
4756.517
4740.5559
4730.8802
4727.784
4728.3423
4730.4006
4731.723
4731.9926
4731.8933
4731.7687
4731.7515
4731.7642
4731.7725
4731.7743
4731.7743
578.35541
576.84216
575.23514
573.58907
571.85205
570.07475
568.2103
566.29892
564.30353
562.25004
560.12227
557.92525
555.6765
553.34669
551.02926
548.62367
546.34809
544.06572
542.02485
540.39107
539.12049
539.33442
541.1316
545.36945
557.01772
573.40703
615.95388
677.15828
796.84317
1019.1742
1336.92
1953.2311
2963.6683
4475.5733
6043.1974
7234.0553
7865.8272
8120.3132
8171.4916
8149.5759
8082.7086
7981.0127
7865.8241
7726.7368
7572.2729
7406.8358
7234.3472
7060.5371
6887.0055
6717.8157
6554.1128
6397.5712
6248.7408
6108.2876
5975.9265
5851.8102
5735.5419
5626.8927
5525.2663
5430.6952
5342.2057
5259.6813
5182.5513
5110.1174
5042.2525
4978.3465
4918.1139
4861.3625
4807.7152
4756.8586
4708.6686
4663.0931
4619.6317
4577.9761
4538.4707
4501.0983
4464.8351
4429.0965
4395.0757
4364.526
4338.1361
4316.3848
4299.8967
4289.8055
4286.3647
4286.7261
4288.5817
4289.8844
4290.1653
4290.0805
4289.9616
4289.9438
4289.9552
4289.9632
4289.9649
4289.9656
578.35427
576.82204
575.22948
573.56368
571.84457
570.04673
568.20262
566.26986
564.29606
562.22032
560.11231
557.88818
555.64281
553.26731
550.88418
548.37272
545.86239
543.27231
540.68715
538.1397
535.68026
533.42805
531.699
530.68707
531.4808
533.93232
541.28135
554.53597
585.50592
644.02941
736.06028
926.88147
1194.3009
1716.3374
2599.1474
3937.5464
5370.8623
6476.0998
7069.8565
7312.4152
7367.3451
7350.5191
7294.7561
7208.4591
7108.8585
6989.1356
6853.0214
6706.661
6552.8833
6396.8629
6240.6526
6087.6383
5938.9398
5796.5919
5660.7023
5532.2912
5411.0958
5297.2733
5190.566
5090.7398
4997.3486
4910.2711
4829.0122
4752.9438
4682.067
4615.4832
4553.0474
4494.3801
4439.1416
4386.9524
4337.6488
4291.1633
4246.988
4204.7828
4164.8358
4127.1379
4090.6662
4054.762
4020.4521
3989.4311
3962.383
3939.8816
3922.7865
3912.2387
3908.44
3908.617
3910.2724
3911.5574
3911.8494
3911.778
3911.6647
3911.6462
3911.6564
3911.6642
3911.6658
3911.6671
578.35062
576.80488
575.22068
573.54261
571.83325
570.02397
568.1904
566.24663
564.28358
562.19734
560.09949
557.86503
555.62735
553.23761
550.85481
548.30419
545.77763
543.0633
540.41648
537.54122
534.84888
531.84789
529.28771
526.3386
524.43679
522.17284
522.19073
523.35969
527.75143
538.42552
562.28963
612.83661
689.68186
850.26416
1087.3554
1538.9208
2324.2878
3522.5022
4835.5321
5848.3477
6393.8653
6614.8574
6666.2325
6652.3583
6604.4424
6530.641
6443.4039
6338.896
6218.3986
6087.9614
5950.2987
5810.0923
5668.9114
5530.3996
5395.2392
5265.5886
5141.6846
5024.2346
4913.4607
4809.1667
4711.3528
4619.7266
4534.0884
4453.9556
4379.3383
4309.3726
4244.1712
4183.0423
4125.742
4071.784
4020.9721
3973.211
3927.9894
3884.9266
3844.2469
3805.9551
3769.044
3732.7663
3697.9888
3666.3422
3638.5197
3615.1641
3597.3855
3586.3388
3582.1658
3582.1625
3583.6231
3584.8904
3585.1932
3585.1343
3585.0264
3585.0074
3585.0165
3585.024
3585.0256
3585.0273
578.34318
576.79053
575.20806
573.52508
571.81808
570.00532
568.17415
566.22785
564.26691
562.17892
560.08271
557.8468
555.61056
553.21842
550.8371
548.27911
545.75031
543.01636
540.34271
537.42586
534.61791
531.52847
528.61022
525.41167
522.45032
519.39178
516.57804
514.39797
512.68745
513.18069
515.94132
524.05143
543.15372
584.83851
651.29473
789.45192
1004.2125
1402.0695
2117.6241
3203.1063
4409.5113
5326.6328
5813.3788
6007.3041
6051.5185
6039.2956
5997.2487
5933.0411
5855.8615
5763.4233
5655.8802
5539.1682
5415.0968
5288.5593
5160.68
5034.8948
4912.0984
4793.8448
4680.9513
4573.6338
4472.3475
4376.88
4287.3294
4203.3077
4124.7725
4051.1803
3982.5973
3918.3924
3858.5257
3802.3304
3749.5958
3700.1817
3653.5719
3609.3427
3567.6419
3528.4905
3490.9133
3454.0628
3418.6442
3386.2187
3357.5107
3333.2034
3314.6648
3303.075
3298.5097
3298.3176
3299.5977
3300.8432
3301.1568
3301.1096
3301.0071
3300.9875
3300.9956
3301.0029
3301.0044
3301.0065
578.33197
576.77771
575.19181
573.50977
571.7992
569.9894
568.15382
566.21244
564.24552
562.16483
560.06008
557.83466
555.58592
553.20911
550.8088
548.2743
545.71408
543.01746
540.28707
537.42891
534.51454
531.50608
528.38982
525.26336
521.92761
518.7617
515.23185
512.18975
508.69668
506.24487
503.53567
503.27814
504.88507
510.77953
526.02107
560.05941
619.9007
740.04692
937.90826
1297.0756
1962.0182
2961.9696
4068.3988
4887.3619
5309.9315
5474.3895
5510.6478
5499.0292
5460.6811
5403.9762
5334.7171
5252.2355
5155.1971
5049.968
4937.6928
4822.9186
4706.9827
4592.4846
4480.8341
4373.0072
4270.016
4171.9868
4079.4089
3992.099
3910.0985
3833.154
3761.072
3693.5937
3630.6838
3571.7239
3516.6142
3465.1395
3416.7788
3371.0601
3328.0406
3287.7597
3249.2793
3211.6599
3175.4251
3142.0639
3112.3575
3087.0065
3067.6293
3055.4493
3050.4696
3050.0762
3051.1907
3052.4099
3052.7343
3052.6978
3052.601
3052.5807
3052.5879
3052.5949
3052.5964
3052.5988
578.31783
576.76403
575.17309
573.49388
571.7782
569.97307
568.13157
566.19662
564.22233
562.1502
560.03588
557.82159
555.56026
553.19807
550.78109
548.26571
545.68349
543.01135
540.25302
537.42248
534.47572
531.48804
528.34066
525.19988
521.84449
518.55619
515.00605
511.58283
507.90733
504.41873
500.84604
497.55014
494.88708
493.12605
494.01423
498.16158
510.485
538.32623
593.14799
700.27069
884.07401
1218.1081
1847.4523
2781.5427
3791.7933
4511.7694
4868.6695
5004.9739
5032.0471
5020.4185
4984.0532
4933.5373
4870.423
4795.9538
4707.817
4612.2355
4510.376
4405.8924
4300.5177
4196.1568
4094.4466
3996.0585
3902.0469
3812.5477
3727.886
3648.1034
3572.961
3502.4729
3436.4669
3374.5805
3316.7318
3262.738
3212.2275
3164.6679
3120.0101
3078.3149
3038.6804
3000.0867
2962.8543
2928.3948
2897.5659
2871.0845
2850.786
2837.965
2832.5444
2831.9353
2832.8963
2834.086
2834.4215
2834.3949
2834.304
2834.2828
2834.2891
2834.2959
2834.2974
2834.3
578.30204
576.74658
575.15355
573.47401
571.75713
569.95211
568.11001
566.17516
564.20086
562.12846
560.0149
557.79928
555.54003
553.17456
550.7622
548.24002
545.66743
542.98145
540.24224
537.38476
534.47392
531.43574
528.35123
525.12086
521.86647
518.42805
515.01825
511.3517
507.81843
503.90929
500.32535
496.20142
492.74384
488.66278
485.95144
482.96559
483.26487
486.01584
496.07363
519.62615
569.63039
667.95049
840.75135
1160.4009
1765.6533
2647.9028
3562.3876
4185.2982
4478.5223
4588.8276
4606.0391
4594.0594
4559.1333
4513.494
4455.3581
4387.2817
4306.8785
4219.5512
4126.7217
4031.2471
3935.2295
3839.9351
3747.1288
3657.3419
3571.425
3489.7451
3412.263
3339.2282
3270.4926
3205.922
3145.3379
3088.6916
3035.746
2985.9497
2939.2976
2895.8756
2854.8163
2815.0241
2776.5999
2740.8699
2708.7761
2681.0792
2659.773
2646.2555
2640.3626
2639.5211
2640.3396
2641.4975
2641.8447
2641.8274
2641.7424
2641.7201
2641.7256
2641.7323
2641.7338
2641.7365
578.28406
576.72372
575.13218
573.44807
571.73444
569.92414
568.08693
566.14536
564.17791
562.0967
559.99257
557.765
555.51869
553.13693
550.74241
548.19776
545.6499
542.93309
540.22789
537.32859
534.46383
531.37047
528.34617
525.04502
521.86494
518.33982
515.01225
511.24566
507.78344
503.75981
500.1822
495.89856
492.24221
487.73904
484.13041
479.62718
476.52474
472.95413
472.33477
474.14735
482.48714
503.19086
548.86196
641.31594
806.73521
1119.9405
1711.5123
2547.9304
3367.5693
3896.7286
4130.5865
4216.9112
4225.5356
4212.9534
4178.9519
4137.0367
4083.2654
4020.3157
3946.4566
3866.0819
3781.2403
3693.7373
3605.9971
3518.9051
3434.0336
3352.0862
3273.4777
3198.7254
3127.8713
3061.0301
2998.0269
2938.9495
2883.5969
2831.4586
2782.574
2737.0716
2694.2846
2653.0442
2613.2124
2576.0229
2542.5043
2513.4997
2491.0965
2476.8206
2470.4185
2469.3251
2470.0115
2471.1368
2471.497
2471.4882
2471.409
2471.3854
2471.3902
2471.3969
2471.3983
2471.4011
578.26051
576.69525
575.10313
573.41455
571.70158
569.88642
568.05083
566.10357
564.13881
562.05083
559.95063
557.71474
555.47378
553.08178
550.69447
548.13757
545.59876
542.86788
540.17312
537.25881
534.4045
531.29709
528.28066
524.97043
521.79012
518.26785
514.92227
511.18037
507.66778
503.70118
500.01999
495.82871
491.97976
487.57738
483.57004
479.01375
474.91312
470.41383
466.55056
462.98581
461.09901
462.34649
469.44553
487.98693
530.64689
618.75265
781.5892
1093.6275
1680.0902
2472.6217
3197.5231
3636.9376
3817.3907
3882.9898
3884.2294
3870.6835
3837.7677
3798.5689
3748.4293
3689.399
3621.4464
3547.1431
3469.2745
3388.9521
3308.4832
3228.8246
3151.0505
3076.0002
3004.0638
2935.6808
2870.7844
2809.6375
2752.1423
2697.8699
2646.7985
2599.1173
2554.3989
2511.4251
2469.9378
2431.074
2395.9524
2365.5334
2341.9393
2326.836
2319.8814
2318.5131
2319.0792
2320.1714
2320.5471
2320.5465
2320.4727
2320.4475
2320.4516
2320.4583
2320.4598
2320.4626
578.22701
576.6601
575.05714
573.36846
571.64445
569.83032
567.98281
566.03764
564.05981
561.97532
559.86051
557.62984
555.37215
552.98799
550.58077
548.0355
545.47222
542.75846
540.03272
537.14336
534.24884
531.17744
528.10788
524.84891
521.59791
518.14726
514.70809
511.06334
507.42852
503.59003
499.75131
495.72419
491.67041
487.46695
483.18598
478.82989
474.31828
469.86205
465.16551
460.77572
456.20266
452.60192
449.7014
450.50735
456.69145
473.59311
514.49478
599.27519
764.23321
1080.1898
1666.9463
2415.3039
3043.2151
3398.8768
3534.1809
3580.4219
3577.7714
3561.9452
3530.0042
3492.5184
3446.1639
3390.3971
3327.5145
3258.6892
3186.8228
3112.958
3038.8951
2965.7706
2894.4352
2825.7482
2759.8492
2697.2583
2638.0631
2581.9767
2528.9587
2479.2726
2432.6535
2387.8851
2344.5838
2303.7953
2266.8689
2234.9111
2210.0228
2194.0149
2186.4571
2184.786
2185.2471
2186.3055
2186.7014
2186.7089
2186.6395
2186.6123
2186.616
2186.6229
2186.6243
2186.6272
578.18237
576.61618
574.98831
573.30297
571.55241
569.74408
567.86743
565.93084
563.92077
561.84836
559.69749
557.48315
555.18467
552.82207
550.36838
547.85114
545.23454
542.55671
539.76935
536.92559
533.95947
530.9453
527.79224
524.60437
521.25587
517.89256
514.33969
510.80124
507.03475
503.32333
499.33331
495.45391
491.22988
487.19036
482.72119
478.53382
473.80884
469.49442
464.51267
460.11072
454.91388
450.56404
445.40681
441.74664
438.04151
438.50923
444.0353
459.74061
499.77824
582.67948
753.68304
1079.5417
1668.7863
2367.348
2899.6416
3175.4473
3276.2885
3305.8853
3300.3894
3281.283
3251.8694
3215.5148
3172.3414
3119.5863
3060.8598
2996.9059
2930.2306
2862.1061
2793.8598
2726.8063
2661.3509
2598.3742
2538.2296
2480.8641
2426.2848
2374.8544
2326.5239
2280.1402
2235.0952
2192.3192
2153.4517
2119.8085
2093.5062
2076.5066
2068.2862
2066.2778
2066.6558
2067.6781
2068.1025
2068.1187
2068.0517
2068.0223
2068.0256
2068.0327
2068.0342
2068.0372
578.13073
576.56301
574.90082
573.21643
571.42938
569.6244
567.70831
565.77771
563.72483
561.66165
559.46419
557.2628
554.91343
552.5682
550.05884
547.56414
544.88654
542.23725
539.38299
536.57462
533.53514
530.56407
527.33071
524.19438
520.75835
517.45554
513.80796
510.33899
506.47091
502.83794
498.74027
494.94752
490.61105
486.66511
482.08047
477.99058
473.14852
468.92714
463.82003
459.4856
454.11164
449.7015
444.09267
439.72805
434.10342
430.36175
426.04706
426.27281
431.3332
446.27273
486.09658
570.54015
749.79194
1090.0107
1681.7162
2319.7348
2759.8462
2966.1789
3039.9947
3055.152
3047.8774
3026.5389
2999.1816
2964.2269
2923.1066
2873.1612
2817.9681
2758.5066
2696.5719
2633.8438
2570.9785
2509.2759
2449.4013
2391.6486
2336.151
2283.4119
2233.6796
2185.9337
2139.3696
2094.7437
2053.9178
2018.5327
1990.7779
1972.7331
1963.82
1961.4304
1961.7092
1962.6662
1963.1157
1963.1427
1963.08
1963.0492
1963.0521
1963.0594
1963.0609
1963.0639
578.07864
576.50409
574.80633
573.11659
571.292
569.48297
567.52675
565.59354
563.49779
561.43374
559.19046
556.99016
554.59186
552.24999
549.6885
547.1998
544.46682
541.82651
538.91364
536.11753
533.01632
530.06102
526.76302
523.64611
520.14294
516.8632
513.14658
509.70412
505.76592
502.16247
497.99471
494.23383
489.82869
485.91595
481.26577
477.20908
472.3063
468.11623
462.9534
458.64408
453.21444
448.80564
443.10728
438.63457
432.69392
428.26615
422.27997
418.43925
413.69411
413.76875
418.52679
433.28527
473.85092
561.89964
750.1219
1118.7757
1702.5344
2268.5968
2621.3317
2769.3741
2822.1118
2826.1366
2817.1797
2794.8882
2768.8015
2735.1456
2695.507
2648.458
2596.4625
2541.2978
2483.8336
2425.7267
2367.9375
2311.1986
2255.8261
2202.5129
2151.9046
2103.1951
2055.4357
2009.1555
1966.422
1929.3342
1900.187
1881.0921
1871.4842
1868.6593
1868.7862
1869.6229
1870.0828
1870.1242
1870.0705
1870.041
1870.0432
1870.0501
1870.0516
1870.0545
578.03122
576.44481
574.71649
573.01522
571.15852
569.33805
567.34778
565.40317
563.27137
561.19606
558.91471
556.70328
554.26485
551.91206
549.30852
546.80917
544.03241
541.38178
538.42364
535.61758
532.46995
529.50505
526.15995
523.03371
519.48335
516.19435
512.43119
508.9793
504.99611
501.38268
497.17257
493.40063
488.95703
485.03153
480.3482
476.27627
471.3472
467.13846
461.95778
457.62472
452.18681
447.74534
442.04535
437.51644
431.55369
426.97184
420.77049
416.23749
409.98364
406.03
401.01313
401.03341
405.70494
420.7743
462.73493
556.71942
759.56722
1158.8859
1725.0768
2210.2584
2482.9738
2585.0364
2619.7394
2617.5804
2605.9724
2583.8376
2558.2559
2526.2437
2487.7028
2443.5003
2394.6355
2342.9426
2289.6373
2235.9041
2182.2252
2129.5099
2078.8924
2029.8642
1981.4112
1933.7967
1889.2875
1850.5668
1820.1267
1800.0147
1789.7118
1786.394
1786.3064
1786.9781
1787.4296
1787.4885
1787.448
1787.4222
1787.4238
1787.4298
1787.4311
1787.4339
577.99082
576.38939
574.63815
572.92136
571.0407
569.20389
567.18832
565.22639
563.06802
560.97438
558.66515
556.43424
553.96669
551.59314
548.95942
546.43796
543.63018
540.956
537.9663
535.1351
531.95577
528.96398
525.58752
522.43244
518.85165
515.53161
511.73967
508.25422
504.24474
500.59486
496.36193
492.55021
488.08843
484.11926
479.42371
475.30355
470.36975
466.10735
460.93121
456.53789
451.11579
446.6057
440.93457
436.3251
430.40277
425.71577
419.54366
414.81332
408.4157
403.74128
397.30479
393.22203
388.08549
388.13454
392.89786
409.82743
454.71931
557.90572
780.33104
1208.9294
1742.5593
2143.1573
2343.7028
2413.096
2431.7532
2426.9381
2412.2716
2391.4462
2365.7915
2335.4127
2298.1828
2255.9099
2209.8658
2161.6353
2111.7569
2061.3397
2012.0334
1963.6927
1915.3297
1866.9149
1820.922
1780.7223
1749.1488
1728.115
1717.1312
1713.2723
1712.8828
1713.3728
1713.7862
1713.8645
1713.841
1713.8214
1713.8223
1713.827
1713.8281
1713.8308
577.95764
576.33991
574.5734
572.83929
570.94281
569.08736
567.05519
565.07309
562.89739
560.78193
558.45471
556.20009
553.71393
551.31459
548.66182
546.1123
543.28523
540.58052
537.57158
534.70715
531.50898
528.48099
525.08653
521.89197
518.29456
514.93142
511.12486
507.59233
503.571
499.86959
495.62849
491.7603
487.29508
483.2639
478.5709
474.38247
469.45868
465.12084
459.96393
455.48687
450.09526
445.49173
439.86463
435.15014
429.28752
424.48055
418.38313
413.50644
407.17807
402.26649
395.73369
390.8873
384.34412
380.12477
374.98934
375.47358
380.78204
399.84483
449.22718
565.31344
811.97587
1264.6647
1748.4735
2065.9737
2204.1556
2251.1461
2258.0928
2251.6251
2234.8045
2215.1098
2190.031
2159.9845
2123.9575
2083.9942
2040.4046
1994.4665
1948.2683
1902.0626
1854.9563
1806.5912
1759.6624
1718.301
1685.8484
1664.0792
1652.4601
1648.0239
1647.2462
1647.5351
1647.8808
1647.979
1647.9764
1647.9651
1647.9654
1647.9686
1647.9695
1647.972
577.93078
576.29675
574.52136
572.76974
570.86423
568.98973
566.94821
564.94528
562.76001
560.6218
558.28486
556.0053
553.50932
551.08261
548.42006
545.84051
543.00392
540.26623
537.24827
534.34762
531.14125
528.07346
524.672
521.43369
517.83093
514.41968
510.61
507.0245
503.00295
499.2432
495.00559
491.07308
486.61604
482.51386
477.83489
473.56796
468.66544
464.24061
459.11388
454.54014
449.18957
444.47824
438.90532
434.0702
428.27745
423.33492
417.32551
412.29487
406.07255
400.97761
394.54938
389.42588
382.82097
377.77344
371.19859
366.8297
361.95662
362.82413
368.92541
390.47563
446.19662
578.87231
858.49906
1318.9464
1737.9722
1977.3023
2068.4842
2098.9482
2098.0019
2089.7136
2072.337
2052.3828
2027.8725
1998.8009
1964.0765
1925.0716
1884.1186
1841.911
1797.6464
1750.5748
1703.6067
1661.6591
1628.7347
1606.5324
1594.3784
1589.351
1588.1058
1588.1689
1588.417
1588.5339
1588.5569
1588.5554
1588.5555
1588.557
1588.5575
1588.5597
577.90903
576.25953
574.48008
572.71166
570.80228
568.9094
566.86405
564.84091
562.65197
560.4916
558.15123
555.84727
553.34818
550.89459
548.22939
545.6202
542.7816
540.01122
536.99214
534.05542
530.84908
527.74147
524.34155
521.05924
517.45995
514.00004
510.19626
506.5569
502.5443
498.72489
494.49999
490.50132
486.06165
481.88601
477.23015
472.88153
468.00917
463.4933
458.40537
453.72991
448.42866
443.60333
438.09252
433.12924
427.41403
422.32695
416.41353
411.21916
405.11453
399.83218
393.54487
388.19726
381.73996
376.35963
369.77161
364.45851
357.98067
353.42986
348.94039
350.1375
357.28627
382.05654
447.06472
599.67577
922.18316
1366.6813
1708.5408
1881.0028
1938.5519
1955.3404
1951.2727
1939.0346
1922.5423
1903.1542
1879.1989
1849.4215
1815.9464
1779.8539
1740.3467
1696.1957
1650.4784
1608.8579
1576.0893
1553.8919
1541.3864
1535.787
1534.0152
1533.8048
1533.9404
1534.0685
1534.1216
1534.1313
1534.1315
1534.1313
1534.1313
1534.1333
577.89136
576.22762
574.44745
572.66348
570.7538
568.84385
566.79849
564.75653
562.56801
560.38695
558.04752
555.72073
553.22319
550.74439
548.08149
545.44444
542.60908
539.8079
536.79321
533.82241
530.6219
527.47655
524.0842
520.76005
517.17047
513.66413
509.87265
506.18172
502.18454
498.30776
494.1021
490.03951
485.62371
481.37675
476.75037
472.32201
467.48599
462.88073
457.8375
453.06155
447.81522
442.87651
437.43305
432.34143
426.70861
421.47578
415.6629
410.30249
404.32019
398.84775
392.70876
387.14141
380.86095
375.21761
368.81591
363.12494
356.64829
351.01853
344.74704
339.95682
335.9607
337.54151
346.18362
375.27129
453.49992
631.6275
989.62993
1398.7611
1663.0202
1778.4906
1815.7067
1820.0534
1814.4257
1801.2004
1785.2428
1764.5373
1740.4441
1712.4768
1679.799
1640.4573
1597.6137
1557.5771
1525.8487
1504.2381
1491.67
1485.5632
1483.2298
1482.6852
1482.7121
1482.8321
1482.9189
1482.9413
1482.942
1482.9402
1482.9395
1482.9415
577.87696
576.20042
574.42162
572.62372
570.71593
568.79066
566.74761
564.68873
562.50309
560.30338
557.96751
555.62014
553.12693
550.62536
547.9677
545.30548
542.47644
539.64739
536.64032
533.63864
530.44728
527.2677
523.88634
520.52419
516.94777
513.3992
509.62347
505.88552
501.9072
497.97799
493.79488
489.67371
485.28488
480.97234
476.37827
471.87628
467.07904
462.39089
457.39433
452.52469
447.33466
442.28965
436.91418
431.7015
426.15081
420.7797
415.06605
409.54714
403.68481
398.02983
392.03607
386.25722
380.15254
374.26202
368.07002
362.08099
355.82995
349.7655
343.51408
337.48894
331.56012
326.42795
323.13355
325.22358
336.56345
371.90429
466.92451
678.35748
1058.3784
1407.1882
1602.9045
1673.9795
1696.6681
1695.685
1688.0762
1672.8319
1655.9017
1636.8604
1612.9381
1580.3229
1542.1476
1505.1722
1475.5847
1455.2725
1443.0334
1436.5445
1433.6455
1432.7248
1432.632
1432.7317
1432.8519
1432.8878
1432.8893
1432.8862
1432.8849
1432.8868
577.86518
576.17761
574.40116
572.59126
570.68634
568.74784
566.70814
564.63463
562.45292
560.23709
557.90587
555.54071
553.05291
550.53168
547.88035
545.19638
542.37473
539.52161
536.52317
533.49485
530.31359
527.10446
523.7349
520.33998
516.77737
513.19238
509.43282
505.65434
501.69495
497.72055
493.55964
489.38798
485.02524
480.65613
476.09281
471.52724
466.7664
462.00652
457.05323
452.10233
446.96391
441.8265
436.51274
431.19455
425.71779
420.22575
414.60084
408.94272
403.18741
397.37104
391.50714
385.53961
379.59347
373.48058
367.48252
361.2289
355.21326
348.82166
342.8333
336.30664
330.44395
323.85868
318.56122
312.74319
310.86188
313.72565
328.18862
372.35785
488.28523
739.93383
1115.4234
1395.8032
1530.0075
1573.6671
1584.1125
1579.2702
1567.3633
1554.2559
1537.8818
1513.2207
1481.3714
1448.8852
1422.6456
1404.4288
1392.9757
1386.2969
1382.8751
1381.5662
1381.3361
1381.4151
1381.5601
1381.6083
1381.6109
1381.6068
1381.6051
1381.6069
577.85549
576.15894
574.38488
572.56518
570.66312
568.71384
566.67741
564.59196
562.41403
560.18506
557.85822
555.47858
552.99583
550.45861
547.81309
545.11147
542.29651
539.4239
536.43317
533.38332
530.21093
526.97802
523.6187
520.19746
516.64666
513.03254
509.2866
505.47583
501.53218
497.52191
493.37922
489.16764
484.82602
480.41235
475.87364
471.25817
466.5261
461.71015
456.79065
451.77653
446.67795
441.46896
436.20227
430.80281
425.38173
419.79707
414.23829
408.47403
402.79782
396.85884
391.09037
384.98003
379.14945
372.86993
367.01076
360.56417
354.71248
348.09908
342.29868
335.50831
329.82658
322.83697
317.4096
310.29171
305.57941
299.38595
298.82343
302.85813
321.43991
377.96035
517.67225
816.27058
1154.8155
1363.5944
1449.5207
1474.6485
1475.3266
1470.1024
1458.3984
1439.4838
1413.4077
1386.2508
1364.5354
1349.1513
1338.9218
1332.2868
1328.4498
1326.788
1326.4196
1326.4759
1326.6315
1326.6887
1326.6925
1326.6881
1326.6863
1326.688
577.8475
576.14413
574.37185
572.54474
570.6448
568.68737
566.65332
564.55888
562.38367
560.14482
557.82113
555.43064
552.95148
550.40234
547.7609
545.04618
542.23587
539.34889
536.36344
533.29781
530.13144
526.88121
523.52872
520.08849
516.54546
512.91049
509.17337
505.33972
501.40608
497.37069
493.23937
489.00015
484.67147
480.22736
475.70339
471.05433
466.33911
461.48604
456.58583
451.53065
446.45416
441.19977
435.95828
430.50863
425.1162
419.47606
413.94989
408.12412
402.48531
396.47782
390.75235
384.56587
378.78377
372.42161
366.61366
360.08257
354.27828
347.58701
341.82002
334.96945
329.28837
322.26585
316.73562
309.54606
304.25591
297.05049
292.45993
286.58783
286.91634
292.91108
317.11942
391.37735
562.98673
881.97978
1167.8709
1314.8527
1364.2039
1379.0992
1376.575
1363.9007
1341.1177
1317.8785
1299.8969
1287.4501
1278.654
1272.2656
1268.1937
1266.2867
1265.8083
1265.8394
1265.9846
1266.0452
1266.0501
1266.0463
1266.0447
1266.0463
577.84086
576.13281
574.36134
572.52916
570.63021
568.66724
566.63429
564.53374
562.35977
560.11427
557.79199
555.39425
552.91669
550.35965
547.72
544.9967
542.18838
539.29208
536.30884
533.23312
530.06918
526.80805
523.45823
520.00625
516.46612
512.81853
509.08454
505.23736
501.30705
497.25721
493.12939
488.87477
484.54972
480.08926
475.56897
470.90266
466.19103
461.31993
456.42301
451.34925
446.27537
441.00225
435.76215
430.29416
424.90116
419.24377
413.7142
407.87311
402.22701
396.20738
390.46896
384.27585
378.47164
372.11306
366.26749
359.75805
353.89148
347.25002
341.38559
334.62446
328.79681
321.92112
316.16363
309.20007
303.51834
296.5395
290.97124
284.18042
279.26078
274.36237
275.39153
284.4835
317.03666
410.83304
625.2356
942.23266
1156.2766
1253.4115
1282.8371
1281.935
1267.9077
1247.7966
1232.2373
1221.7396
1214.0589
1208.0371
1204.0057
1202.0583
1201.542
1201.5505
1201.6683
1201.7249
1201.7301
1201.7276
1201.7266
1201.7281
577.83534
576.12443
574.35282
572.51759
570.61854
568.65226
566.61916
564.51499
562.34083
560.09143
557.76894
555.36703
552.88921
550.3277
547.68772
544.95965
542.15089
539.24954
536.26573
533.18469
530.02
526.75333
523.40252
519.94481
516.40336
512.74992
509.01419
505.16112
501.22853
497.17287
493.04203
488.78184
484.45282
479.98726
475.46172
470.79109
466.0725
461.19835
456.29214
451.21728
446.13096
440.85959
435.60278
430.14057
424.72522
419.07907
413.51979
407.69727
402.01186
396.02072
390.23012
384.07931
378.20522
371.90825
365.96888
359.54679
353.55616
347.03353
341.00964
334.40441
328.3744
321.70317
315.68312
308.99148
302.96177
296.32151
290.27107
283.73591
277.73579
271.56953
266.16275
262.65916
264.70877
277.51993
322.73881
441.90506
696.56838
963.9679
1122.2318
1177.9952
1182.2304
1174.4646
1163.5237
1155.4507
1148.9243
1143.3133
1139.4815
1137.6337
1137.1302
1137.1181
1137.2001
1137.2469
1137.252
1137.2509
1137.2507
1137.252
577.83079
576.11832
574.34594
572.5091
570.60923
568.64123
566.60716
564.50113
562.32584
560.07449
557.75073
555.34678
552.86751
550.30389
547.66224
544.93201
542.12131
539.21778
536.23171
533.14853
529.98118
526.71246
523.35851
519.89893
516.35375
512.69872
508.95854
505.10429
501.16635
497.11009
492.97281
488.7128
484.37594
479.91166
475.37649
470.70867
465.97814
461.10887
456.18774
451.1206
446.01545
440.75563
435.47497
430.02934
424.5837
418.96065
413.36289
407.57194
401.83751
395.88911
390.03571
383.94243
377.98775
371.76704
365.72558
359.40137
353.28517
346.88315
340.70917
334.24948
328.04027
321.54702
315.30948
308.83487
302.54842
296.15367
289.81869
283.52585
277.16119
271.08682
264.60923
259.23746
253.37224
251.40096
255.05562
273.45391
334.28934
472.77214
734.84929
960.27088
1054.352
1079.8404
1084.7017
1083.3677
1079.603
1074.7284
1071.1833
1069.4843
1069.0135
1068.984
1069.0322
1069.0637
1069.0673
1069.0674
1069.0678
1069.0691
577.82712
576.11387
574.34049
572.50287
570.6019
568.63309
566.59776
564.49085
562.31413
560.06187
557.7365
555.33165
552.85056
550.28606
547.64232
544.91126
542.09819
539.19391
536.20511
533.1213
529.95082
526.68166
523.32408
519.86432
516.31495
512.66007
508.91501
505.06137
501.11772
497.06267
492.91867
488.66066
484.31583
479.85458
475.3099
470.64646
465.90446
461.04139
456.10627
451.04773
445.92542
440.67728
435.37551
429.94547
424.47382
418.87129
413.24141
407.47724
401.70295
395.78947
389.8863
383.83828
377.82181
371.65825
365.54224
359.28661
353.08444
346.76079
340.49022
334.11962
327.80023
321.41043
315.04778
308.68625
302.27119
295.98402
289.52663
283.33687
276.8338
270.86039
264.16006
258.63648
251.85354
246.93635
241.04178
240.97021
246.55222
269.81767
342.59821
522.87102
767.29786
903.07711
959.57016
979.06563
982.4997
980.91755
978.29001
977.06637
976.75944
976.74228
976.7577
976.75999
976.75642
976.75635
976.75715
976.75862
577.82426
576.11056
574.33628
572.49823
570.59627
568.62702
566.59055
564.48316
562.30513
560.05239
557.72556
555.32024
552.83751
550.27256
547.62699
544.89552
542.08036
539.17574
536.18459
533.10054
529.92739
526.65812
523.29752
519.83782
516.28501
512.63043
508.88144
505.0284
501.08026
497.02618
492.87701
488.62047
484.26965
479.8105
475.25882
470.59833
465.84807
460.98905
456.04412
450.99101
445.85701
440.61605
435.3003
429.87955
424.39123
418.80055
413.15072
407.40161
401.6033
395.70898
389.77675
383.75278
377.70174
371.56688
365.41187
359.18756
352.94448
346.6524
340.34028
334.00165
327.63914
321.28109
314.87882
308.53727
302.1019
295.80896
289.35576
283.1363
276.6677
270.60103
264.03775
258.24047
251.68107
246.0689
239.49977
235.17837
229.33455
229.71921
237.23073
270.82655
376.37861
556.50946
674.91858
731.38921
751.8975
757.85414
759.73692
760.83125
761.41301
761.5593
761.53714
761.45839
761.42883
761.42356
761.42373
761.42458
577.82212
576.1081
574.33313
572.49477
570.59206
568.62247
566.58514
564.47738
562.29836
560.04523
557.7173
555.31159
552.82763
550.26229
547.61535
544.88349
542.06681
539.16181
536.16896
533.08457
529.90953
526.63997
523.27725
519.81734
516.26216
512.60746
508.85583
505.00279
501.05168
496.99778
492.84526
488.58911
484.23451
479.77603
475.22004
470.56058
465.80539
460.94784
455.99723
450.94618
445.80562
440.5674
435.24409
429.82688
424.32988
418.74362
413.08384
407.34023
401.53042
395.64296
389.69742
383.68174
377.61583
371.4899
365.3198
359.10315
352.8468
346.55941
340.23667
333.8997
327.52935
321.16773
314.76657
308.40573
301.99197
295.65654
289.24595
282.96057
276.57242
270.36782
263.99143
257.93557
251.6506
245.65394
239.48821
233.90699
227.97293
222.04131
217.36865
219.12466
232.51921
280.56904
343.43928
379.85924
395.46876
401.72621
405.00518
407.00996
407.92984
408.13581
408.11069
408.02077
407.98911
407.98295
407.9824
407.98271
577.82057
576.10628
574.33083
572.49221
570.58898
568.61911
566.58118
564.47307
562.29337
560.03986
557.71117
555.30506
552.82026
550.2545
547.60662
544.87432
542.05661
539.15116
536.15716
533.07231
529.89601
526.62597
523.26188
519.8015
516.24481
512.58965
508.83636
504.98289
501.02996
496.97564
492.82114
488.56462
484.20782
479.74904
475.19062
470.53095
465.77305
460.91542
455.9618
450.91081
445.76689
440.5289
435.20187
429.78504
424.28396
418.69823
413.03401
407.29109
401.4764
395.58985
389.63896
383.6243
377.55287
371.42747
365.25255
359.03485
352.77543
346.48463
340.16079
333.81817
327.44887
321.07772
314.68361
308.30363
301.90807
295.54231
289.15846
282.83275
276.4899
270.20948
263.92337
257.75713
251.56974
245.45115
239.44364
233.581
227.69935
221.29444
214.98725
209.23887
208.22501
211.48111
220.39011
226.17215
228.50384
229.52988
230.25296
230.77045
231.02603
231.08268
231.07524
231.05114
231.04351
231.04227
231.04225
231.04232
577.81952
576.105
574.32924
572.49038
570.58681
568.61668
566.57836
564.46994
562.28978
560.03592
557.70671
555.30022
552.81485
550.24868
547.60017
544.86742
542.04901
539.14309
536.14833
533.06297
529.88584
526.61527
523.25027
519.78933
516.23167
512.57593
508.82158
504.96751
501.01344
496.9585
492.80277
488.5456
484.18749
479.72804
475.1682
470.50785
465.74842
460.89011
455.93482
450.88315
445.73742
440.49874
435.16978
429.75223
424.24911
418.6626
412.99623
407.25247
401.43553
395.54805
389.59481
383.57909
377.50534
371.37848
365.20165
358.9816
352.72109
346.42682
340.10267
333.75564
327.38678
321.00959
314.61829
308.22841
301.83957
295.46054
289.08483
282.74392
276.41423
270.10804
263.84509
257.65251
251.47615
245.33847
239.35003
233.47247
227.51851
221.16763
214.67244
208.53529
203.99983
201.37235
200.37594
199.82325
199.45142
199.28223
199.26823
199.29362
199.32023
199.32514
199.32302
199.31935
199.31837
199.31823
199.31823
199.31825
577.81888
576.10418
574.32821
572.48917
570.58537
568.61504
566.57644
564.46778
562.28729
560.03313
557.70357
555.29675
552.81098
550.24444
547.59549
544.86235
542.04345
539.1371
536.1418
533.05598
529.87826
526.6072
523.24157
519.78011
516.22176
512.56547
508.8104
504.95573
501.0009
496.94533
492.78878
488.53096
484.17198
479.71184
475.15107
470.48999
465.72958
460.8705
455.91416
450.86168
445.71484
440.47531
435.14519
429.72673
424.22239
418.63491
412.96726
407.22245
401.40418
395.51557
389.56096
383.54399
377.46886
371.34056
365.16245
358.9406
352.67905
346.38257
340.05754
333.70801
327.33835
320.95817
314.56669
308.17263
301.78452
295.40062
289.02535
282.67961
276.35112
270.03767
263.77705
257.57969
251.39982
245.25948
239.26873
233.39812
227.41077
221.07468
214.5715
208.47062
203.48388
199.94345
197.73115
196.4697
195.82107
195.52877
195.41702
195.38074
195.37053
195.36713
195.36563
195.36497
195.36479
195.36476
195.36476
195.36476
577.81858
576.10376
574.32764
572.48847
570.58453
568.61404
566.57526
564.4664
562.28568
560.03129
557.70147
555.29439
552.80832
550.24149
547.59221
544.85875
542.03948
539.13277
536.13708
533.05086
529.87271
526.60123
523.23514
519.77322
516.21437
512.5576
508.802
504.94683
500.99143
496.93533
492.77817
488.51978
484.16017
479.69943
475.13799
470.47628
465.71515
460.8554
455.89831
450.84513
445.6975
440.45723
435.12627
429.70703
424.20181
418.6135
412.94494
407.19923
401.38001
395.49044
389.53484
383.51685
377.44068
371.31128
365.13212
358.90904
352.64646
346.34859
340.02252
333.6715
327.30072
320.91893
314.52639
308.13038
301.74136
295.35533
288.97885
282.63111
276.30138
269.98534
263.72347
257.5244
251.34158
245.19949
239.20656
233.33687
227.33995
221.0027
214.50277
208.41359
203.371
199.70868
197.36721
196.03998
195.37032
195.06892
194.9477
194.9039
194.88952
194.8851
194.88379
194.88343
194.88333
194.88331
194.8833
194.8833
577.81858
576.10367
574.32746
572.48821
570.58416
568.61357
566.57466
564.46566
562.28478
560.03022
557.7002
555.29292
552.80663
550.23957
547.59004
544.85632
542.03678
539.12978
536.13378
533.04725
529.86876
526.59694
523.23049
519.76821
516.20897
512.55181
508.79579
504.9402
500.98436
496.92782
492.7702
488.51135
484.15124
479.69001
475.12805
470.46582
465.70415
460.84386
455.88619
450.83244
445.6842
440.44333
435.11173
429.69186
424.18596
418.59698
412.92772
407.1813
401.36136
395.47103
389.51466
383.49588
377.4189
371.28867
365.10865
358.88468
352.62122
346.32237
339.9954
333.64335
327.27159
320.88873
314.49514
308.09794
301.70789
295.32055
288.9429
282.59389
276.26285
269.94533
263.68215
257.48173
251.29709
245.15351
239.15908
233.2882
227.2882
220.94905
214.44903
208.36016
203.3096
199.63278
197.27943
195.94791
195.27801
194.97669
194.85487
194.81037
194.79558
194.79106
194.78979
194.78946
194.78937
194.78935
194.78934
194.78934
577.81884
576.10388
574.32762
572.48831
570.5842
568.61354
566.57455
564.46545
562.28446
560.02977
557.69962
555.29218
552.80573
550.2385
547.58877
544.85485
542.03509
539.12787
536.13162
533.04485
529.86609
526.594
523.22725
519.76468
516.20513
512.54765
508.7913
504.93538
500.97919
496.92229
492.7643
488.50507
484.14457
479.68294
475.12058
470.45793
465.69583
460.8351
455.87698
450.82277
445.67405
440.4327
435.10059
429.68022
424.1738
418.58429
412.91448
407.16749
401.34698
395.45606
389.49909
383.47969
377.40207
371.27119
365.0905
358.86584
352.60169
346.3021
339.97441
333.62158
327.24904
320.86538
314.47095
308.07288
301.68198
295.29369
288.91511
282.56515
276.23308
269.9145
263.6503
257.44876
251.26289
245.11815
239.12256
233.25039
227.24886
220.9084
214.40726
208.31703
203.26442
199.58576
197.23181
195.90082
195.23171
194.93086
194.80917
194.76465
194.74984
194.74533
194.74406
194.74373
194.74365
194.74363
194.74362
194.74362
577.81933
576.10434
574.32806
572.48872
570.58459
568.61388
566.57485
564.46569
562.28462
560.02985
557.69959
555.29205
552.80547
550.2381
547.58824
544.85416
542.03423
539.12682
536.13039
533.04341
529.86445
526.59213
523.22515
519.76234
516.20254
512.54481
508.78819
504.93199
500.97551
496.91833
492.76004
488.5005
484.13969
479.67774
475.11505
470.45206
465.68962
460.82853
455.87005
450.81547
445.66637
440.42463
435.09213
429.67135
424.16451
418.57457
412.90433
407.1569
401.33593
395.44454
389.4871
383.46721
377.38908
371.2577
365.07648
358.85129
352.58659
346.28643
339.95816
333.60473
327.23158
320.8473
314.45222
308.05349
301.66191
295.2729
288.8936
282.54292
276.21005
269.89066
263.62567
257.42327
251.23648
245.09086
239.09436
233.22117
227.2186
220.87717
214.37495
208.28349
203.22976
199.5506
197.19689
195.86653
195.19801
194.8975
194.77595
194.73147
194.71667
194.71217
194.71091
194.71058
194.7105
194.71048
194.71047
194.71047
577.82003
576.10503
574.32874
572.4894
570.58526
568.61455
566.57549
564.4663
562.28519
560.03035
557.70003
555.29241
552.80574
550.23827
547.5883
544.8541
542.03404
539.12649
536.12991
533.04277
529.86363
526.59114
523.22397
519.76096
516.20096
512.54301
508.78618
504.92975
500.97305
496.91562
492.75709
488.4973
484.13624
479.67402
475.11106
470.4478
465.68507
460.82369
455.86492
450.81004
445.66063
440.41858
435.08575
429.66465
424.15747
418.56719
412.89661
407.14881
401.32748
395.43571
389.4779
383.45762
377.37909
371.2473
365.06567
358.84005
352.57492
346.27431
339.94559
333.59169
327.21806
320.8333
314.4377
308.03846
301.64636
295.25679
288.87692
282.52568
276.19219
269.87219
263.60659
257.40353
251.21603
245.06974
239.07253
233.19856
227.19522
220.85302
214.34994
208.2575
203.20297
199.52349
197.16998
195.84006
195.17195
194.87169
194.75025
194.70581
194.69102
194.68653
194.68527
194.68495
194.68486
194.68484
194.68484
194.68484
577.82091
576.10593
574.32965
572.49032
570.58619
568.61549
566.57643
564.46722
562.28609
560.03123
557.70086
555.29319
552.80646
550.23892
547.58886
544.85456
542.0344
539.12674
536.13004
533.04277
529.86349
526.59085
523.22353
519.76036
516.20019
512.54207
508.78505
504.92844
500.97154
496.91392
492.75519
488.49519
484.13392
479.67148
475.10831
470.44481
465.68186
460.82024
455.86122
450.80609
445.65643
440.41412
435.08103
429.65966
424.15221
418.56165
412.89079
407.1427
401.32107
395.429
389.47088
383.4503
377.37145
371.23933
365.05736
358.83141
352.56593
346.26496
339.93589
333.58162
327.2076
320.82246
314.42647
308.02681
301.63431
295.2443
288.86399
282.51231
276.17835
269.85785
263.59178
257.38821
251.20017
245.05334
239.05559
233.18103
227.17708
220.83428
214.33052
208.23733
203.18217
199.50243
197.14904
195.81944
195.15162
194.85154
194.73019
194.68578
194.671
194.66651
194.66526
194.66494
194.66486
194.66483
194.66483
194.66483
577.82196
576.10701
574.33075
572.49145
570.58735
568.61666
566.57762
564.46842
562.28728
560.0324
557.70201
555.29431
552.80754
550.23995
547.58983
544.85547
542.03523
539.12748
536.13068
533.0433
529.86391
526.59115
523.2237
519.76039
516.20008
512.54182
508.78465
504.92789
500.97083
496.91304
492.75414
488.49397
484.13252
479.6699
475.10653
470.44284
465.67969
460.81788
455.85866
450.80332
445.65345
440.41093
435.07762
429.65603
424.14836
418.55757
412.88647
407.13814
401.31627
395.42396
389.46558
383.44475
377.36563
371.23326
365.05101
358.82479
352.55904
346.25778
339.92842
333.57385
327.19953
320.81409
314.41777
308.01779
301.62496
295.23461
288.85395
282.50193
276.1676
269.84671
263.58027
257.37631
251.18784
245.0406
239.04243
233.16741
227.16299
220.8197
214.31539
208.22161
203.16597
199.48601
197.13269
195.80332
195.13572
194.83578
194.71449
194.6701
194.65534
194.65085
194.64961
194.64928
194.6492
194.64918
194.64917
194.64917
577.82318
576.10825
574.33204
572.49277
570.5887
568.61804
566.57902
564.46984
562.28872
560.03384
557.70345
555.29573
552.80894
550.24131
547.59115
544.85674
542.03644
539.12862
536.13174
533.04428
529.8648
526.59194
523.22438
519.76097
516.20053
512.54214
508.78485
504.92795
500.97076
496.91283
492.75379
488.49346
484.13186
479.66908
475.10556
470.4417
465.67839
460.8164
455.85701
450.8015
445.65145
440.40875
435.07526
429.65348
424.14562
418.55463
412.88334
407.13481
401.31275
395.42022
389.46164
383.4406
377.36127
371.22868
365.04621
358.81976
352.55379
346.25229
339.92269
333.56789
327.19332
320.80763
314.41107
308.01082
301.61774
295.22711
288.84617
282.49387
276.15925
269.83806
263.57133
257.36706
251.17826
245.03068
239.03218
233.15681
227.15201
220.80833
214.30358
208.20932
203.15329
199.47316
197.11989
195.79068
195.12324
194.82341
194.70217
194.6578
194.64305
194.63857
194.63733
194.637
194.63692
194.6369
194.63689
194.6369
577.82454
576.10965
574.33348
572.49425
570.59022
568.6196
566.58062
564.47147
562.29037
560.03551
557.70512
555.2974
552.8106
550.24296
547.59277
544.85832
542.03798
539.13011
536.13317
533.04564
529.86608
526.59314
523.22549
519.76198
516.20145
512.54296
508.78555
504.92854
500.97122
496.91316
492.75399
488.49354
484.1318
479.66889
475.10523
470.44123
465.67778
460.81564
455.8561
450.80044
445.65023
440.40738
435.07373
429.65179
424.14377
418.55262
412.88116
407.13246
401.31023
395.41753
389.45877
383.43755
377.35805
371.22527
365.04262
358.81598
352.54982
346.24813
339.91835
333.56335
327.18857
320.80269
314.40591
308.00545
301.61216
295.22132
288.84016
282.48763
276.15278
269.83134
263.56438
257.35987
251.17079
245.02295
239.02419
233.14854
227.14344
220.79944
214.29432
208.19967
203.14333
199.46306
197.10982
195.78075
195.11343
194.81368
194.69249
194.64814
194.6334
194.62892
194.62768
194.62736
194.62728
194.62725
194.62725
194.62725
577.82603
576.11119
574.33506
572.49589
570.59191
568.62133
566.58239
564.47328
562.29221
560.03738
557.70701
555.29929
552.8125
550.24485
547.59465
544.86017
542.0398
539.13189
536.1349
533.04732
529.8677
526.59469
523.22697
519.76337
516.20275
512.54417
508.78666
504.92955
500.97213
496.91397
492.75468
488.49411
484.13225
479.66922
475.10543
470.44131
465.67773
460.81546
455.85579
450.8
445.64966
440.40667
435.07288
429.6508
424.14264
418.55134
412.87974
407.13089
401.30851
395.41567
389.45676
383.43539
377.35573
371.2228
365.03999
358.81319
352.54688
346.24503
339.91508
333.55992
327.18497
320.79892
314.40198
308.00134
301.60788
295.21686
288.83551
282.48281
276.14776
269.82613
263.55898
257.35427
251.16498
245.01692
239.01795
233.14209
227.13674
220.79246
214.28704
208.19207
203.13547
199.45509
197.10188
195.77291
195.1057
194.80602
194.68486
194.64053
194.6258
194.62133
194.62009
194.61977
194.61968
194.61966
194.61966
194.61966
577.82765
576.11286
574.33679
572.49766
570.59373
568.62321
566.58432
564.47525
562.29422
560.03942
557.70908
555.30138
552.8146
550.24696
547.59675
544.86226
542.04187
539.13394
536.13691
533.04928
529.86961
526.59654
523.22875
519.76509
516.20439
512.54572
508.78813
504.93093
500.97341
496.91515
492.75577
488.49509
484.13313
479.66998
475.10609
470.44185
465.67815
460.81577
455.85598
450.80006
445.6496
440.40649
435.07258
429.65037
424.14208
418.55066
412.87893
407.12995
401.30744
395.41447
389.45543
383.43392
377.35413
371.22107
365.03813
358.81119
352.54474
346.24275
339.91266
333.55736
327.18228
320.79609
314.399
307.99822
301.60462
295.21345
288.83194
282.47909
276.1439
269.8221
263.55479
257.34993
251.16047
245.01222
239.01308
233.13705
227.1315
220.78698
214.28129
208.18606
203.12925
199.44877
197.09559
195.7667
195.09958
194.79996
194.67884
194.63453
194.6198
194.61534
194.6141
194.61378
194.6137
194.61368
194.61367
194.61367
577.8294
576.11466
574.33864
572.49957
570.5957
568.62523
566.58639
564.47737
562.29639
560.04163
557.71132
555.30365
552.81689
550.24925
547.59905
544.86456
542.04416
539.1362
536.13915
533.05149
529.87177
526.59865
523.23081
519.76708
516.20632
512.54757
508.78991
504.93262
500.97502
496.91667
492.75719
488.49642
484.13436
479.67111
475.10711
470.44277
465.67897
460.81648
455.85658
450.80055
445.64998
440.40675
435.07272
429.65041
424.142
418.55046
412.87862
407.12952
401.3069
395.41381
389.45464
383.43302
377.35311
371.21993
365.03687
358.80982
352.54325
346.24114
339.91093
333.55551
327.1803
320.79399
314.39678
307.99587
301.60215
295.21085
288.82921
282.47625
276.14092
269.81899
263.55155
257.34657
251.15695
245.00855
239.00928
233.1331
227.12738
220.78265
214.27674
208.18127
203.12429
199.44374
197.09059
195.76178
195.09474
194.79517
194.67408
194.62979
194.61507
194.61061
194.60938
194.60906
194.60898
194.60895
194.60895
194.60895
577.83127
576.11659
574.34062
572.50161
570.5978
568.62739
566.5886
564.47963
562.2987
560.04398
557.71371
555.30608
552.81934
550.25172
547.60153
544.86705
542.04664
539.13867
536.1416
533.05391
529.87416
526.60099
523.2331
519.76932
516.20849
512.54969
508.79195
504.93458
500.9769
496.91847
492.7589
488.49805
484.13589
479.67255
475.10846
470.44402
465.68011
460.81753
455.85752
450.8014
445.65072
440.40739
435.07325
429.65083
424.14231
418.55066
412.87871
407.12951
401.30678
395.41358
389.45431
383.43258
377.35255
371.21927
365.0361
358.80894
352.54226
346.24004
339.90973
333.5542
327.17888
320.79247
314.39515
307.99414
301.60031
295.20891
288.82715
282.47408
276.13865
269.8166
263.54905
257.34396
251.15422
245.0057
239.00631
233.13001
227.12414
220.77923
214.2731
208.17743
203.1203
199.4397
197.08659
195.75786
195.09089
194.79138
194.67032
194.62605
194.61134
194.60688
194.60564
194.60532
194.60524
194.60522
194.60522
194.60522
577.83326
576.11863
574.34273
572.50377
570.60002
568.62967
566.59094
564.48203
562.30114
560.04647
557.71624
555.30865
552.82194
550.25435
547.60417
544.8697
542.04929
539.14132
536.14423
533.05652
529.87674
526.60354
523.23561
519.77178
516.2109
512.55203
508.79423
504.93679
500.97904
496.92052
492.76088
488.49994
484.1377
479.67427
475.11008
470.44555
465.68155
460.81886
455.85876
450.80254
445.65176
440.40833
435.07409
429.65157
424.14295
418.5512
412.87915
407.12984
401.307
395.4137
389.45433
383.4325
377.35238
371.21899
365.03573
358.80846
352.54169
346.23937
339.90896
333.55334
327.17792
320.79141
314.394
307.99288
301.59897
295.20747
288.82562
282.47246
276.13694
269.81478
263.54714
257.34196
251.15211
245.00347
239.00399
233.12759
227.12159
220.7765
214.27018
208.17433
203.11708
199.43644
197.08338
195.75472
195.08783
194.78837
194.66734
194.62308
194.60838
194.60392
194.60269
194.60237
194.60229
194.60227
194.60226
194.60226
577.83536
576.1208
574.34495
572.50605
570.60236
568.63206
566.5934
564.48454
562.30371
560.04909
557.71891
555.31135
552.82468
550.25712
547.60696
544.8725
542.0521
539.14413
536.14703
533.05931
529.87951
526.60628
523.23831
519.77443
516.2135
512.55458
508.79672
504.93922
500.98139
496.9228
492.76308
488.50206
484.13973
479.67622
475.11195
470.44732
465.68323
460.82045
455.86026
450.80393
445.65306
440.40953
435.0752
429.65257
424.14386
418.55201
412.87986
407.13045
401.30752
395.41412
389.45465
383.43273
377.3525
371.21903
365.03567
358.80831
352.54144
346.23903
339.90853
333.55282
327.17731
320.79072
314.39322
307.99202
301.59802
295.20643
288.82449
282.47126
276.13565
269.8134
263.54568
257.34043
251.15048
245.00174
239.00218
233.1257
227.11957
220.77432
214.26782
208.1718
203.11444
199.43379
197.08077
195.7522
195.08538
194.78597
194.66497
194.62073
194.60603
194.60158
194.60035
194.60003
194.59995
194.59993
194.59992
194.59992
577.83758
576.12307
574.34728
572.50845
570.60481
568.63458
566.59597
564.48717
562.3064
560.05183
557.72169
555.31418
552.82755
550.26002
547.60989
544.87545
542.05506
539.14709
536.15
533.06226
529.88244
526.60919
523.24118
519.77727
516.2163
512.55732
508.7994
504.94184
500.98395
496.92529
492.76549
488.50439
484.14199
479.67839
475.11403
470.44932
465.68513
460.82226
455.86197
450.80556
445.65458
440.41096
435.07653
429.65381
424.145
418.55306
412.88081
407.1313
401.30828
395.41478
389.45522
383.4332
377.35288
371.21932
365.03586
358.80841
352.54146
346.23896
339.90838
333.55258
327.17699
320.79032
314.39274
307.99145
301.59738
295.20571
288.82369
282.47038
276.1347
269.81237
263.54458
257.33926
251.14922
245.00039
239.00076
233.1242
227.11796
220.77255
214.26588
208.1697
203.11224
199.43159
197.07865
195.75017
195.08343
194.78406
194.66309
194.61886
194.60417
194.59972
194.59849
194.59817
194.59809
194.59807
194.59807
194.59807
577.83992
576.12546
574.34973
572.51095
570.60738
568.63721
566.59866
564.48992
562.3092
560.05469
557.7246
555.31713
552.83054
550.26305
547.61295
544.87853
542.05816
539.1502
536.1531
533.06536
529.88553
526.61226
523.24422
519.78028
516.21926
512.56024
508.80226
504.94464
500.98669
496.92796
492.76809
488.50691
484.14443
479.68075
475.1163
470.4515
465.68723
460.82427
455.86389
450.80738
445.65631
440.4126
435.07807
429.65525
424.14635
418.5543
412.88196
407.13236
401.30924
395.41565
389.45599
383.43388
377.35347
371.21982
365.03628
358.80874
352.5417
346.23912
339.90844
333.55257
327.1769
320.79015
314.39249
307.99113
301.59698
295.20524
288.82314
282.46977
276.13402
269.81161
263.54376
257.33837
251.14826
244.99934
238.99964
233.12301
227.11667
220.77111
214.26426
208.16793
203.1104
199.42976
197.0769
195.74852
195.08185
194.78254
194.66159
194.61738
194.6027
194.59825
194.59702
194.5967
194.59662
194.5966
194.5966
194.5966
577.84236
576.12796
574.35229
572.51357
570.61006
568.63994
566.60146
564.49277
562.31211
560.05765
557.72762
555.3202
552.83365
550.2662
547.61613
544.88174
542.06139
539.15344
536.15635
533.06861
529.88877
526.61547
523.24742
519.78344
516.22239
512.56332
508.80529
504.94762
500.9896
496.93081
492.77087
488.50962
484.14705
479.68329
475.11876
470.45387
465.68951
460.82646
455.86598
450.80938
445.65821
440.41441
435.07978
429.65687
424.14787
418.55573
412.88328
407.13359
401.31037
395.41669
389.45694
383.43474
377.35424
371.22049
365.03686
358.80923
352.54212
346.23945
339.90869
333.55274
327.17699
320.79016
314.39243
307.99099
301.59678
295.20497
288.8228
282.46936
276.13355
269.81106
263.54314
257.3377
251.14752
244.99853
238.99876
233.12207
227.11561
220.76991
214.26288
208.16641
203.10881
199.42821
197.07544
195.74716
195.08058
194.78132
194.6604
194.6162
194.60152
194.59708
194.59585
194.59553
194.59545
194.59543
194.59543
194.59543
577.84492
576.13057
574.35496
572.5163
570.61284
568.64279
566.60436
564.49574
562.31514
560.06073
557.73075
555.32338
552.83688
550.26946
547.61943
544.88507
542.06474
539.15681
536.15973
533.07199
529.89214
526.61883
523.25076
519.78675
516.22566
512.56655
508.80848
504.95075
500.99268
496.93382
492.77381
488.51248
484.14984
479.68599
475.12138
470.45641
465.69195
460.82881
455.86824
450.81154
445.66028
440.41638
435.08165
429.65864
424.14954
418.5573
412.88476
407.13497
401.31166
395.41788
389.45803
383.43574
377.35515
371.22131
365.03759
358.80988
352.54268
346.23992
339.90909
333.55306
327.17722
320.79033
314.39252
307.991
301.59673
295.20484
288.8226
282.46911
276.13323
269.81068
263.5427
257.3372
251.14695
244.99788
238.99806
233.12131
227.11475
220.76888
214.26168
208.16507
203.10742
199.42686
197.0742
195.74604
195.07954
194.78033
194.65945
194.61526
194.60059
194.59615
194.59492
194.5946
194.59452
194.5945
194.5945
194.5945
577.84758
576.1333
574.35774
572.51914
570.61574
568.64575
566.60738
564.49881
562.31827
560.06392
557.73399
555.32667
552.84021
550.27284
547.62285
544.88852
542.06821
539.1603
536.16323
533.07549
529.89564
526.62233
523.25424
519.7902
516.22908
512.56994
508.81182
504.95404
500.9959
496.93698
492.77691
488.5155
484.15279
479.68886
475.12416
470.4591
465.69455
460.83131
455.87065
450.81386
445.6625
440.41849
435.08367
429.66056
424.15136
418.55902
412.88638
407.13648
401.31307
395.41919
389.45926
383.43687
377.35618
371.22225
365.03844
358.81064
352.54336
346.24051
339.9096
333.55349
327.17757
320.7906
314.39272
307.99113
301.59679
295.20484
288.82253
282.46898
276.13304
269.81042
263.54239
257.33683
251.1465
244.99736
238.99749
233.12067
227.11401
220.76798
214.2606
208.16385
203.10617
199.42567
197.07313
195.7451
195.07869
194.77954
194.65869
194.61451
194.59985
194.59541
194.59418
194.59386
194.59378
194.59376
194.59376
194.59376
577.85036
576.13613
574.36063
572.52209
570.61875
568.64881
566.6105
564.50199
562.3215
560.06721
557.73733
555.33007
552.84366
550.27633
547.62637
544.89207
542.0718
539.16391
536.16685
533.07912
529.89927
526.62595
523.25785
519.79379
516.23264
512.57346
508.8153
504.95747
500.99928
496.9403
492.78015
488.51868
484.15588
479.69187
475.12709
470.46194
465.6973
460.83397
455.8732
450.81631
445.66485
440.42075
435.08582
429.66261
424.1533
418.56086
412.88812
407.13812
401.31461
395.42063
389.46059
383.43811
377.35732
371.2233
365.03939
358.8115
352.54413
346.2412
339.9102
333.55401
327.17802
320.79097
314.39302
307.99135
301.59694
295.20492
288.82255
282.46894
276.13293
269.81025
263.54216
257.33656
251.14615
244.99694
238.99701
233.12014
227.11337
220.76717
214.25961
208.16273
203.10501
199.4246
197.07219
195.74429
195.07798
194.77889
194.65807
194.61391
194.59925
194.59482
194.59359
194.59327
194.59319
194.59317
194.59317
194.59317
577.85325
576.13908
574.36363
572.52514
570.62186
568.65198
566.61373
564.50528
562.32485
560.07061
557.74079
555.33357
552.84721
550.27992
547.63
544.89574
542.07549
539.16763
536.17059
533.08287
529.90303
526.6297
523.26158
519.79751
516.23634
512.57712
508.81892
504.96104
501.00279
496.94375
492.78354
488.52199
484.15912
479.69503
475.13016
470.46492
465.70018
460.83676
455.8759
450.8189
445.66734
440.42313
435.0881
429.66478
424.15537
418.56282
412.88997
407.13986
401.31625
395.42216
389.46202
383.43944
377.35855
371.22443
365.04043
358.81244
352.54498
346.24196
339.91088
333.55461
327.17853
320.79141
314.39338
307.99164
301.59716
295.20508
288.82263
282.46896
276.13289
269.81014
263.542
257.33635
251.14587
244.99658
238.9966
233.11967
227.11279
220.76642
214.25866
208.16165
203.10392
199.42361
197.07136
195.74361
195.07741
194.77837
194.65758
194.61343
194.59878
194.59435
194.59312
194.5928
194.59272
194.5927
194.5927
194.5927
577.85626
576.14213
574.36674
572.52831
570.62508
568.65526
566.61706
564.50867
562.3283
560.07411
557.74434
555.33718
552.85086
550.28362
547.63375
544.89952
542.0793
539.17146
536.17445
533.08674
529.9069
526.63358
523.26545
519.80136
516.24016
512.58091
508.82267
504.96475
501.00645
496.94735
492.78707
488.52545
484.1625
479.69833
475.13337
470.46803
465.70321
460.83968
455.87872
450.82162
445.66995
440.42563
435.09049
429.66706
424.15754
418.56488
412.89192
407.1417
401.31798
395.42379
389.46354
383.44085
377.35986
371.22564
365.04154
358.81346
352.5459
346.24279
339.91162
333.55526
327.1791
320.7919
314.39379
307.99198
301.59743
295.20527
288.82276
282.46903
276.1329
269.81008
263.54189
257.33618
251.14563
244.99627
238.99623
233.11924
227.11224
220.76569
214.25773
208.16058
203.10285
199.42266
197.0706
195.74301
195.07692
194.77795
194.65718
194.61305
194.59841
194.59397
194.59274
194.59243
194.59235
194.59233
194.59233
194.59233
577.85938
576.1453
574.36996
572.53159
570.62842
568.65865
566.62051
564.51217
562.33185
560.07772
557.74801
555.34089
552.85462
550.28743
547.6376
544.90341
542.08322
539.17541
536.17842
533.09073
529.91089
526.63757
523.26944
519.80533
516.24411
512.58483
508.82656
504.96859
501.01024
496.95108
492.79074
488.52904
484.16602
479.70176
475.13671
470.47129
465.70636
460.84274
455.88167
450.82446
445.67269
440.42826
435.093
429.66946
424.15982
418.56704
412.89397
407.14364
401.3198
395.4255
389.46514
383.44234
377.36124
371.22692
365.04271
358.81453
352.54688
346.24367
339.91241
333.55596
327.17971
320.79243
314.39424
307.99235
301.59773
295.2055
288.82292
282.46913
276.13293
269.81004
263.5418
257.33604
251.14541
244.99596
238.99587
233.11883
227.11171
220.76496
214.25679
208.15952
203.10181
199.42175
197.06987
195.74245
195.07648
194.77758
194.65685
194.61274
194.5981
194.59367
194.59245
194.59213
194.59205
194.59203
194.59203
194.59203
577.86261
576.14859
574.3733
572.53498
570.63186
568.66215
566.62406
564.51578
562.33552
560.08144
557.75178
555.34471
552.8585
550.29135
547.64156
544.90741
542.08726
539.17947
536.1825
533.09483
529.915
526.64168
523.27355
519.80943
516.24819
512.58889
508.83058
504.97256
501.01416
496.95495
492.79454
488.53278
484.16967
479.70533
475.14019
470.47467
465.70965
460.84592
455.88474
450.82743
445.67554
440.43099
435.09562
429.67196
424.1622
418.5693
412.89611
407.14566
401.3217
395.42728
389.46681
383.4439
377.36268
371.22825
365.04394
358.81565
352.5479
346.24459
339.91324
333.5567
327.18036
320.79299
314.39472
307.99275
301.59806
295.20575
288.82309
282.46924
276.13298
269.81001
263.54171
257.3359
251.14519
244.99567
238.99553
233.11842
227.11117
220.7642
214.25582
208.15843
203.10075
199.42085
197.06918
195.74195
195.07611
194.77728
194.65659
194.6125
194.59786
194.59343
194.59221
194.59189
194.59181
194.59179
194.59179
194.59179
577.86596
576.15199
574.37675
572.53849
570.63542
568.66577
566.62773
564.51951
562.33929
560.08527
557.75566
555.34865
552.86248
550.29537
547.64563
544.91152
542.0914
539.18365
536.1867
533.09904
529.91923
526.64592
523.27778
519.81366
516.2524
512.59307
508.83473
504.97667
501.01823
496.95895
492.79848
488.53665
484.17346
479.70903
475.14381
470.47819
465.71306
460.84923
455.88794
450.83051
445.67851
440.43384
435.09835
429.67456
424.16468
418.57166
412.89834
407.14776
401.32368
395.42914
389.46854
383.44551
377.36418
371.22963
365.04521
358.81682
352.54896
346.24555
339.91409
333.55745
327.18102
320.79357
314.39521
307.99315
301.59838
295.206
288.82327
282.46935
276.13302
269.80999
263.54162
257.33574
251.14496
244.99536
238.99516
233.11799
227.11061
220.76342
214.25481
208.15729
203.09965
199.41995
197.06852
195.7415
195.07579
194.77703
194.65638
194.6123
194.59767
194.59324
194.59202
194.5917
194.59162
194.5916
194.5916
194.5916
577.86944
576.15552
574.38033
572.54211
570.6391
568.6695
566.63152
564.52335
562.34319
560.08922
557.75966
555.35269
552.86657
550.29952
547.64981
544.91574
542.09566
539.18794
536.19101
533.10338
529.92359
526.65028
523.28214
519.81801
516.25674
512.59739
508.83901
504.98092
501.02242
496.96309
492.80256
488.54065
484.17739
479.71288
475.14756
470.48184
465.71661
460.85266
455.89127
450.83372
445.68159
440.4368
435.10118
429.67727
424.16726
418.57411
412.90065
407.14995
401.32574
395.43106
389.47034
383.44719
377.36574
371.23107
365.04652
358.81802
352.55005
346.24653
339.91497
333.55823
327.1817
320.79415
314.3957
307.99356
301.59871
295.20625
288.82344
282.46945
276.13305
269.80995
263.54153
257.33559
251.14471
244.99502
238.99477
233.11754
227.11
220.76258
214.25373
208.15609
203.09851
199.41902
197.06786
195.74107
195.0755
194.77683
194.6562
194.61214
194.59752
194.59309
194.59186
194.59155
194.59147
194.59145
194.59145
194.59145
577.87304
576.15917
574.38403
572.54587
570.64291
568.67335
566.63543
564.52731
562.3472
560.09328
557.76378
555.35686
552.87079
550.30378
547.65412
544.92009
542.10004
539.19235
536.19546
533.10785
529.92807
526.65477
523.28663
519.82249
516.26121
512.60184
508.84343
504.9853
501.02676
496.96737
492.80678
488.5448
484.18146
479.71686
475.15145
470.48563
465.72029
460.85623
455.89472
450.83705
445.6848
440.43988
435.10413
429.68008
424.16993
418.57664
412.90306
407.15221
401.32787
395.43306
389.47221
383.44892
377.36734
371.23254
365.04787
358.81925
352.55117
346.24753
339.91586
333.55902
327.18239
320.79474
314.3962
307.99397
301.59903
295.20649
288.8236
282.46954
276.13306
269.80988
263.54139
257.3354
251.14444
244.99466
238.99435
233.11704
227.10935
220.76168
214.25257
208.15482
203.09732
199.41808
197.0672
195.74063
195.07523
194.77663
194.65605
194.61201
194.59739
194.59297
194.59174
194.59143
194.59135
194.59133
194.59133
194.59133
577.87678
576.16295
574.38787
572.54975
570.64684
568.67734
566.63947
564.5314
562.35135
560.09748
557.76802
555.36116
552.87514
550.30817
547.65855
544.92457
542.10456
539.1969
536.20003
533.11244
529.93268
526.65939
523.29126
519.82712
516.26582
512.60643
508.848
504.98983
501.03125
496.97181
492.81115
488.5491
484.18568
479.72099
475.15548
470.48956
465.72412
460.85994
455.8983
450.84051
445.68813
440.44308
435.10719
429.683
424.17271
418.57928
412.90555
407.15456
401.33007
395.43512
389.47413
383.45071
377.36899
371.23406
365.04926
358.82051
352.55231
346.24855
339.91677
333.55982
327.18308
320.79533
314.39669
307.99436
301.59934
295.20671
288.82373
282.4696
276.13305
269.80978
263.54122
257.33516
251.14413
244.99426
238.99388
233.11651
227.10865
220.7607
214.25133
208.15346
203.09606
199.41709
197.06652
195.74022
195.07498
194.77647
194.65593
194.6119
194.59729
194.59287
194.59164
194.59133
194.59125
194.59124
194.59123
194.59123
577.88066
576.16688
574.39184
572.55378
570.65092
568.68147
566.64365
564.53563
562.35563
560.10182
557.77241
555.3656
552.87962
550.31271
547.66313
544.92919
542.10922
539.20159
536.20475
533.11719
529.93744
526.66417
523.29604
519.8319
516.27059
512.61118
508.85272
504.99452
501.03589
496.9764
492.81567
488.55355
484.19005
479.72527
475.15967
470.49364
465.72808
460.86379
455.90203
450.8441
445.69158
440.44639
435.11036
429.68603
424.17559
418.58201
412.90813
407.15699
401.33235
395.43726
389.47612
383.45255
377.37069
371.23562
365.05069
358.82181
352.55347
346.24959
339.91769
333.56062
327.18377
320.79592
314.39717
307.99475
301.59964
295.20691
288.82384
282.46964
276.133
269.80964
263.54101
257.3349
251.14377
244.9938
238.99336
233.11592
227.10787
220.75963
214.24998
208.15201
203.09474
199.41606
197.06583
195.73979
195.07472
194.77631
194.65581
194.61181
194.59721
194.59279
194.59156
194.59125
194.59118
194.59116
194.59115
194.59115
577.88469
576.17096
574.39597
572.55796
570.65515
568.68576
566.64799
564.54002
562.36007
560.10631
557.77696
555.37019
552.88427
550.3174
547.66787
544.93396
542.11403
539.20644
536.20963
533.1221
529.94237
526.66911
523.30099
519.83684
516.27553
512.6161
508.85762
504.99938
501.0407
496.98116
492.82037
488.55818
484.19459
479.72972
475.16402
470.49788
465.73221
460.86779
455.9059
450.84784
445.69518
440.44985
435.11366
429.68918
424.17859
418.58485
412.91081
407.15951
401.33472
395.43947
389.47817
383.45446
377.37244
371.23722
365.05215
358.82313
352.55466
346.25065
339.91862
333.56143
327.18446
320.7965
314.39764
307.99511
301.59991
295.20708
288.82393
282.46964
276.13292
269.80948
263.54078
257.33459
251.14336
244.99328
238.99277
233.11526
227.10703
220.75847
214.24853
208.15045
203.09333
199.41498
197.06511
195.73936
195.07448
194.77617
194.65572
194.61173
194.59714
194.59272
194.5915
194.59119
194.59111
194.5911
194.59109
194.59109
577.8889
576.17522
574.40028
572.56231
570.65956
568.69021
566.6525
564.54459
562.36469
560.11098
557.78168
555.37497
552.88909
550.32227
547.67278
544.93892
542.11903
539.21148
536.2147
533.12719
529.94748
526.67423
523.30612
519.84198
516.28066
512.62121
508.8627
505.00443
501.04571
496.98611
492.82526
488.56299
484.19932
479.73436
475.16855
470.5023
465.73651
460.87196
455.90994
450.85174
445.69893
440.45344
435.1171
429.69246
424.18171
418.5878
412.91359
407.16213
401.33717
395.44176
389.4803
383.45643
377.37425
371.23888
365.05366
358.82449
352.55588
346.25173
339.91957
333.56225
327.18516
320.79708
314.39811
307.99547
301.60016
295.20724
288.82398
282.46961
276.1328
269.80926
263.54049
257.33423
251.1429
244.99272
238.99214
233.11454
227.1061
220.75722
214.24696
208.14878
203.09182
199.41383
197.06437
195.73894
195.07426
194.77605
194.65564
194.61168
194.59709
194.59267
194.59145
194.59114
194.59106
194.59105
194.59104
194.59104
577.89329
576.17966
574.40477
572.56686
570.66416
568.69487
566.6572
564.54934
562.3695
560.11585
557.7866
555.37994
552.89411
550.32734
547.6779
544.94408
542.12423
539.21672
536.21997
533.13249
529.95281
526.67957
523.31147
519.84733
516.286
512.62654
508.868
505.0097
501.05093
496.99128
492.83036
488.56802
484.20426
479.7392
475.17329
470.50692
465.741
460.87632
455.91416
450.85581
445.70285
440.4572
435.1207
429.69589
424.18496
418.59088
412.91651
407.16487
401.33974
395.44415
389.48252
383.45848
377.37614
371.2406
365.05522
358.8259
352.55714
346.25284
339.92054
333.56309
327.18586
320.79766
314.39857
307.99582
301.6004
295.20737
288.82402
282.46955
276.13265
269.80902
263.54017
257.33383
251.14239
244.99209
238.99144
233.11376
227.10511
220.75587
214.24529
208.147
203.09023
199.41263
197.06359
195.7385
195.07402
194.77591
194.65557
194.61162
194.59704
194.59263
194.59141
194.5911
194.59102
194.59101
194.591
194.591
577.89779
576.18421
574.40937
572.57151
570.66886
568.69963
566.66202
564.55421
562.37442
560.12082
557.79163
555.38502
552.89924
550.33252
547.68313
544.94936
542.12955
539.22207
536.22536
533.13791
529.95825
526.68503
523.31694
519.8528
516.29147
512.63199
508.87343
505.01509
501.05629
496.99658
492.8356
488.57318
484.20934
479.74418
475.17815
470.51167
465.74563
460.88081
455.9185
450.86
445.70688
440.46107
435.1244
429.69941
424.18831
418.59405
412.91949
407.16767
401.34235
395.44658
389.48478
383.46056
377.37804
371.24234
365.05679
358.8273
352.55839
346.25393
339.92149
333.56389
327.18653
320.7982
314.39898
307.9961
301.60058
295.20743
288.82397
282.46941
276.13241
269.80867
263.53974
257.33332
251.14175
244.99134
238.99062
233.11283
227.10393
220.7543
214.24338
208.14496
203.08835
199.41111
197.06251
195.73782
195.07364
194.77571
194.65546
194.61156
194.597
194.5926
194.59138
194.59108
194.59101
194.59099
194.59098
194.59098
)
;

boundaryField
{
    inlet
    {
        type            fixedValue;
        value           uniform 1000;
    }
    outlet
    {
        type            inletOutlet;
        inletValue      uniform 1000;
        value           nonuniform List<scalar> 
80
(
188358.62
71906.313
39425.562
26268.277
19329.736
15094.755
12259.116
10236.095
8724.9991
7556.523
6628.3267
5875.0202
5252.923
4731.7743
4289.9656
3911.6671
3585.0273
3301.0065
3052.5988
2834.3
2641.7365
2471.4011
2320.4626
2186.6272
2068.0372
1963.0639
1870.0545
1787.4339
1713.8308
1647.972
1588.5597
1534.1333
1482.9415
1432.8868
1381.6069
1326.688
1266.0463
1201.7281
1137.252
1069.0691
976.75862
761.42458
407.98271
231.04232
199.31825
195.36476
194.8833
194.78934
194.74362
194.71047
194.68484
194.66483
194.64917
194.6369
194.62725
194.61966
194.61367
194.60895
194.60522
194.60226
194.59992
194.59807
194.5966
194.59543
194.5945
194.59376
194.59317
194.5927
194.59233
194.59203
194.59179
194.5916
194.59145
194.59133
194.59123
194.59115
194.59109
194.59104
194.591
194.59098
)
;
    }
    top
    {
        type            zeroGradient;
    }
    upstreamWall
    {
        type            symmetryPlane;
    }
    plate
    {
        type            omegaWallFunction;
        blending        binomial;
        n               2;
        value           nonuniform List<scalar> 
96
(
145139.21
235901.42
272934.27
268559.93
255172.32
244586.1
243959.64
245677.05
248433.44
249106.73
248693.15
247533.39
245986.77
244338.68
242616.37
240846.13
239110.63
237421.59
235776.05
234184.53
232652.43
231175.49
229776.28
228439.15
227148.41
225901.15
224696.18
223537.71
222428.89
221354.08
220312.02
219297.62
218319.57
217370.21
216448.17
215547.7
214671.27
213819.8
212987.01
212173.34
211378.5
210602.53
209840.67
209093.8
208362.91
207646.06
206940.98
206249.04
205569.59
204900.87
204242.94
203595.38
202957.33
202329.15
201709.16
201098.06
200495.61
199900.04
199312.66
198732.39
198159.12
197592.75
197032.25
196479.06
195931.37
195389.57
194854.1
194325.04
193799.66
193280.77
192770.14
192263.24
191760.49
191270.2
190794.43
190327.02
189873.75
189462.39
189115.95
188833.42
188600.17
188410.94
188287.93
188250.82
188275.88
188321.63
188354.09
188363.8
188361.98
188358.96
188358.06
188358.35
188358.68
188358.77
188358.78
188358.62
)
;
    }
    frontAndBack
    {
        type            empty;
    }
}


// ************************************************************************* //
