/*--------------------------------*- C++ -*----------------------------------*\
| =========                 |                                                 |
| \\      /  F ield         | OpenFOAM: The Open Source CFD Toolbox           |
|  \\    /   O peration     | Version:  2512                                  |
|   \\  /    A nd           | Website:  www.openfoam.com                      |
|    \\/     M anipulation  |                                                 |
\*---------------------------------------------------------------------------*/
FoamFile
{
    version     2.0;
    format      ascii;
    arch        "LSB;label=32;scalar=64";
    class       volScalarField;
    location    "0.0499878";
    object      rho;
}
// * * * * * * * * * * * * * * * * * * * * * * * * * * * * * * * * * * * * * //

dimensions      [1 -3 0 0 0 0 0];

internalField   nonuniform List<scalar> 
8800
(
1.1989653
1.198968
1.1989749
1.1989837
1.1989951
1.1990063
1.1990203
1.1990334
1.1990503
1.1990658
1.1990886
1.1991009
1.1991766
1.1991092
1.1989653
1.198968
1.1989749
1.1989837
1.1989951
1.1990063
1.1990203
1.1990334
1.1990502
1.199066
1.1990881
1.19911
1.1991251
1.1992588
1.1989653
1.198968
1.1989749
1.1989837
1.1989951
1.1990063
1.1990203
1.1990335
1.1990502
1.1990664
1.1990876
1.1991126
1.1991285
1.1992021
1.1989653
1.198968
1.1989749
1.1989837
1.1989951
1.1990063
1.1990203
1.1990335
1.1990502
1.1990668
1.1990871
1.1991132
1.199136
1.1991901
1.1989653
1.198968
1.1989749
1.1989837
1.1989951
1.1990063
1.1990203
1.1990335
1.1990502
1.199067
1.1990868
1.1991131
1.1991387
1.1991864
1.1989653
1.198968
1.1989749
1.1989837
1.1989951
1.1990063
1.1990203
1.1990335
1.1990502
1.1990671
1.199087
1.1991125
1.1991391
1.1991837
1.1989653
1.198968
1.1989749
1.1989837
1.1989951
1.1990063
1.1990203
1.1990335
1.1990502
1.199067
1.1990872
1.1991119
1.1991388
1.1991804
1.1989653
1.198968
1.1989749
1.1989837
1.1989951
1.1990063
1.1990203
1.1990335
1.1990502
1.1990668
1.1990874
1.1991114
1.1991384
1.1991769
1.1989653
1.198968
1.1989749
1.1989837
1.1989951
1.1990063
1.1990203
1.1990335
1.1990501
1.1990667
1.1990873
1.199111
1.1991378
1.1991733
1.1989653
1.198968
1.1989749
1.1989837
1.1989951
1.1990063
1.1990202
1.1990335
1.1990501
1.1990666
1.1990872
1.1991104
1.1991371
1.1991696
1.1989653
1.198968
1.1989749
1.1989837
1.1989951
1.1990063
1.1990202
1.1990334
1.1990501
1.1990665
1.199087
1.1991098
1.1991362
1.1991659
1.1989653
1.198968
1.1989749
1.1989837
1.1989951
1.1990063
1.1990202
1.1990334
1.19905
1.1990664
1.1990868
1.1991092
1.1991351
1.1991622
1.1989653
1.198968
1.1989749
1.1989837
1.1989951
1.1990063
1.1990202
1.1990334
1.19905
1.1990663
1.1990866
1.1991084
1.1991339
1.1991585
1.1989653
1.198968
1.1989749
1.1989837
1.1989951
1.1990063
1.1990202
1.1990334
1.19905
1.1990662
1.1990864
1.1991076
1.1991325
1.1991547
1.1989653
1.198968
1.1989749
1.1989837
1.1989951
1.1990063
1.1990202
1.1990333
1.1990499
1.199066
1.1990861
1.1991067
1.1991309
1.1991509
1.1989653
1.198968
1.1989749
1.1989836
1.1989951
1.1990063
1.1990202
1.1990333
1.1990498
1.1990658
1.1990859
1.1991057
1.1991292
1.1991471
1.1989653
1.198968
1.1989749
1.1989836
1.1989951
1.1990063
1.1990202
1.1990333
1.1990498
1.1990656
1.1990855
1.1991047
1.1991273
1.1991433
1.1989653
1.198968
1.1989749
1.1989836
1.1989951
1.1990062
1.1990201
1.1990332
1.1990497
1.1990653
1.1990851
1.1991036
1.1991253
1.1991394
1.1989653
1.198968
1.1989749
1.1989836
1.1989951
1.1990062
1.1990201
1.1990332
1.1990496
1.1990651
1.1990846
1.1991025
1.1991229
1.1991356
1.1989653
1.198968
1.1989749
1.1989836
1.1989951
1.1990062
1.1990201
1.1990331
1.1990494
1.1990648
1.1990841
1.1991014
1.1991204
1.1991317
1.1989653
1.198968
1.1989749
1.1989836
1.1989951
1.1990062
1.1990201
1.199033
1.1990493
1.1990644
1.1990834
1.1991002
1.1991177
1.1991278
1.1989653
1.198968
1.1989749
1.1989836
1.1989951
1.1990062
1.19902
1.1990329
1.1990491
1.1990641
1.1990828
1.1990989
1.1991149
1.1991239
1.1989653
1.198968
1.1989749
1.1989837
1.1989951
1.1990062
1.19902
1.1990329
1.199049
1.1990639
1.1990817
1.1990975
1.199112
1.1991199
1.1989653
1.198968
1.1989748
1.1989837
1.1989951
1.1990062
1.1990199
1.1990328
1.1990486
1.1990637
1.1990806
1.1990959
1.199109
1.199116
1.1989652
1.198968
1.1989748
1.1989839
1.1989949
1.1990064
1.1990195
1.199033
1.199048
1.1990635
1.1990794
1.1990942
1.1991059
1.199112
1.1989652
1.198968
1.1989747
1.1989841
1.1989946
1.1990068
1.199019
1.1990333
1.1990474
1.1990632
1.1990782
1.1990924
1.1991028
1.1991081
1.1989652
1.198968
1.1989746
1.1989842
1.1989944
1.1990069
1.1990187
1.1990334
1.1990469
1.1990628
1.1990769
1.1990905
1.1990997
1.1991043
1.1989652
1.198968
1.1989745
1.1989842
1.1989943
1.1990069
1.1990186
1.1990333
1.1990464
1.1990623
1.1990756
1.1990885
1.1990965
1.1991004
1.1989652
1.198968
1.1989745
1.1989842
1.1989942
1.1990068
1.1990185
1.1990331
1.1990459
1.1990617
1.1990742
1.1990864
1.1990933
1.1990966
1.1989652
1.198968
1.1989745
1.1989841
1.1989942
1.1990068
1.1990184
1.1990329
1.1990455
1.1990609
1.1990727
1.1990842
1.1990901
1.1990928
1.1989652
1.198968
1.1989745
1.1989841
1.1989941
1.1990067
1.1990183
1.1990327
1.1990451
1.19906
1.1990711
1.1990818
1.1990868
1.1990891
1.1989652
1.198968
1.1989744
1.1989841
1.1989941
1.1990066
1.1990182
1.1990324
1.1990445
1.1990591
1.1990696
1.1990794
1.1990836
1.1990854
1.1989652
1.198968
1.1989744
1.1989841
1.1989941
1.1990066
1.199018
1.1990321
1.199044
1.1990581
1.1990678
1.1990769
1.1990803
1.1990818
1.1989652
1.198968
1.1989744
1.198984
1.198994
1.1990065
1.1990179
1.1990318
1.1990436
1.1990568
1.1990663
1.1990741
1.1990773
1.1990782
1.1989652
1.198968
1.1989744
1.198984
1.198994
1.1990064
1.1990178
1.1990314
1.1990432
1.1990554
1.1990646
1.1990713
1.1990741
1.1990747
1.1989652
1.1989679
1.1989744
1.198984
1.1989939
1.1990063
1.1990178
1.1990307
1.1990426
1.199054
1.1990627
1.1990686
1.199071
1.1990712
1.1989652
1.1989679
1.1989745
1.1989839
1.1989941
1.1990058
1.1990178
1.1990301
1.1990419
1.1990526
1.1990608
1.1990658
1.1990678
1.1990678
1.1989652
1.1989679
1.1989747
1.1989835
1.1989944
1.1990054
1.1990178
1.1990294
1.1990412
1.1990511
1.1990587
1.1990631
1.1990647
1.1990645
1.1989652
1.1989679
1.1989747
1.1989833
1.1989944
1.199005
1.1990177
1.1990288
1.1990404
1.1990495
1.1990567
1.1990603
1.1990617
1.1990613
1.1989651
1.1989678
1.1989746
1.1989832
1.1989943
1.1990047
1.1990174
1.1990282
1.1990395
1.1990479
1.1990545
1.1990576
1.1990587
1.1990582
1.1989651
1.1989678
1.1989746
1.1989831
1.1989942
1.1990045
1.199017
1.1990275
1.1990385
1.1990463
1.1990523
1.1990548
1.1990557
1.1990551
1.1989651
1.1989678
1.1989746
1.1989831
1.1989941
1.1990043
1.1990166
1.1990268
1.1990373
1.1990445
1.19905
1.1990521
1.1990527
1.199052
1.1989651
1.1989678
1.1989745
1.198983
1.198994
1.1990042
1.1990161
1.1990262
1.1990359
1.1990428
1.1990476
1.1990494
1.1990498
1.1990491
1.1989651
1.1989678
1.1989745
1.1989829
1.1989938
1.1990041
1.1990154
1.1990254
1.1990345
1.199041
1.1990451
1.1990467
1.1990469
1.1990461
1.198965
1.1989677
1.1989744
1.198983
1.1989936
1.1990039
1.1990147
1.1990246
1.1990331
1.1990391
1.1990427
1.199044
1.1990441
1.1990433
1.198965
1.1989677
1.1989743
1.1989832
1.1989932
1.1990036
1.199014
1.1990237
1.1990316
1.1990372
1.1990403
1.1990414
1.1990414
1.1990406
1.198965
1.1989677
1.198974
1.1989833
1.1989929
1.1990034
1.1990134
1.1990227
1.19903
1.1990352
1.1990378
1.1990388
1.1990386
1.1990379
1.198965
1.1989677
1.1989739
1.1989831
1.1989926
1.1990032
1.1990126
1.1990217
1.1990284
1.1990332
1.1990354
1.1990361
1.1990359
1.1990352
1.1989649
1.1989676
1.1989738
1.1989829
1.1989922
1.1990028
1.1990119
1.1990206
1.1990268
1.1990311
1.1990329
1.1990335
1.1990332
1.1990325
1.1989649
1.1989676
1.1989737
1.1989828
1.1989919
1.1990024
1.1990111
1.1990195
1.1990251
1.1990289
1.1990304
1.1990309
1.1990306
1.19903
1.1989648
1.1989675
1.1989736
1.1989826
1.1989916
1.1990019
1.1990103
1.1990182
1.1990233
1.1990268
1.199028
1.1990283
1.199028
1.1990274
1.1989648
1.1989675
1.1989735
1.1989824
1.1989913
1.1990012
1.1990095
1.1990168
1.1990216
1.1990246
1.1990256
1.1990258
1.1990254
1.1990249
1.1989647
1.1989674
1.1989734
1.1989822
1.198991
1.1990005
1.1990086
1.1990153
1.1990197
1.1990223
1.1990232
1.1990233
1.1990229
1.1990224
1.1989647
1.1989673
1.1989733
1.198982
1.1989906
1.1989997
1.1990075
1.1990138
1.1990179
1.1990201
1.1990208
1.1990208
1.1990204
1.19902
1.1989646
1.1989672
1.1989733
1.1989816
1.1989903
1.1989989
1.1990065
1.1990122
1.1990159
1.1990178
1.1990184
1.1990184
1.199018
1.1990176
1.1989645
1.1989671
1.1989732
1.1989812
1.1989899
1.1989981
1.1990053
1.1990106
1.199014
1.1990155
1.199016
1.1990159
1.1990156
1.1990152
1.1989644
1.198967
1.198973
1.1989808
1.1989894
1.1989972
1.1990041
1.1990089
1.1990119
1.1990133
1.1990136
1.1990135
1.1990132
1.1990128
1.1989643
1.1989668
1.1989729
1.1989804
1.1989888
1.1989963
1.1990028
1.1990072
1.1990099
1.199011
1.1990113
1.1990111
1.1990108
1.1990104
1.1989642
1.1989667
1.1989726
1.1989799
1.1989882
1.1989953
1.1990015
1.1990054
1.1990078
1.1990087
1.1990089
1.1990087
1.1990084
1.1990081
1.1989641
1.1989665
1.1989724
1.1989795
1.1989876
1.1989943
1.199
1.1990035
1.1990057
1.1990064
1.1990066
1.1990064
1.1990061
1.1990058
1.198964
1.1989664
1.1989721
1.198979
1.1989868
1.1989931
1.1989984
1.1990017
1.1990035
1.1990041
1.1990043
1.1990041
1.1990038
1.1990035
1.1989638
1.1989662
1.1989717
1.1989786
1.1989859
1.198992
1.1989968
1.1989998
1.1990014
1.1990019
1.1990019
1.1990017
1.1990015
1.1990012
1.1989637
1.198966
1.1989714
1.1989781
1.198985
1.1989907
1.1989952
1.1989978
1.1989992
1.1989996
1.1989996
1.1989994
1.1989992
1.1989989
1.1989635
1.1989657
1.198971
1.1989775
1.198984
1.1989894
1.1989935
1.1989959
1.198997
1.1989974
1.1989973
1.1989971
1.1989969
1.1989967
1.1989633
1.1989655
1.1989705
1.1989768
1.1989829
1.1989881
1.1989917
1.1989939
1.1989948
1.1989951
1.198995
1.1989948
1.1989946
1.1989944
1.1989631
1.1989652
1.19897
1.1989761
1.1989818
1.1989866
1.1989899
1.1989918
1.1989926
1.1989928
1.1989927
1.1989925
1.1989923
1.1989921
1.1989628
1.1989649
1.1989694
1.1989753
1.1989807
1.1989851
1.198988
1.1989897
1.1989903
1.1989905
1.1989904
1.1989902
1.19899
1.1989898
1.1989626
1.1989646
1.1989688
1.1989745
1.1989794
1.1989835
1.198986
1.1989875
1.198988
1.1989882
1.1989881
1.1989879
1.1989877
1.1989876
1.1989623
1.1989642
1.1989682
1.1989735
1.1989781
1.1989818
1.1989841
1.1989853
1.1989857
1.1989858
1.1989857
1.1989856
1.1989854
1.1989853
1.198962
1.1989638
1.1989675
1.1989725
1.1989767
1.1989801
1.198982
1.1989831
1.1989834
1.1989835
1.1989834
1.1989832
1.1989831
1.198983
1.1989616
1.1989633
1.1989668
1.1989714
1.1989752
1.1989782
1.19898
1.1989809
1.1989811
1.1989811
1.198981
1.1989809
1.1989808
1.1989806
1.1989612
1.1989628
1.1989661
1.1989702
1.1989737
1.1989763
1.1989778
1.1989785
1.1989787
1.1989788
1.1989786
1.1989785
1.1989784
1.1989783
1.1989608
1.1989622
1.1989652
1.1989689
1.198972
1.1989743
1.1989756
1.1989762
1.1989764
1.1989763
1.1989762
1.1989761
1.198976
1.1989759
1.1989603
1.1989616
1.1989643
1.1989675
1.1989703
1.1989722
1.1989733
1.1989738
1.1989739
1.1989739
1.1989738
1.1989737
1.1989736
1.1989735
1.1989598
1.1989609
1.1989633
1.1989661
1.1989684
1.19897
1.1989709
1.1989713
1.1989714
1.1989714
1.1989713
1.1989712
1.1989712
1.1989711
1.1989593
1.1989602
1.1989622
1.1989645
1.1989665
1.1989678
1.1989685
1.1989688
1.1989689
1.1989689
1.1989688
1.1989687
1.1989687
1.1989686
1.1989587
1.1989594
1.1989611
1.1989629
1.1989644
1.1989654
1.198966
1.1989662
1.1989663
1.1989662
1.1989662
1.1989661
1.1989661
1.198966
1.1989581
1.1989586
1.1989598
1.1989611
1.1989622
1.198963
1.1989634
1.1989635
1.1989635
1.1989635
1.1989635
1.1989634
1.1989634
1.1989634
1.1989574
1.1989577
1.1989585
1.1989593
1.1989599
1.1989604
1.1989606
1.1989607
1.1989607
1.1989607
1.1989607
1.1989607
1.1989607
1.1989606
1.1989567
1.1989568
1.198957
1.1989573
1.1989575
1.1989577
1.1989578
1.1989578
1.1989578
1.1989578
1.1989578
1.1989578
1.1989578
1.1989578
1.1985479
1.1970556
1.1959043
1.1953832
1.1953757
1.195531
1.1957942
1.1959643
1.196043
1.1960303
1.1960035
1.1959641
1.1959336
1.1959025
1.1958761
1.1958519
1.1958334
1.1958183
1.1958062
1.1957952
1.1957876
1.1957807
1.1957775
1.1957752
1.1957738
1.1957736
1.1957741
1.1957756
1.1957783
1.1957814
1.1957853
1.1957891
1.1957942
1.1957992
1.1958051
1.1958106
1.195817
1.1958233
1.1958303
1.1958369
1.1958443
1.1958515
1.1958591
1.1958666
1.1958744
1.1958822
1.1958901
1.1958981
1.1959062
1.1959144
1.1959225
1.1959307
1.1959389
1.1959471
1.1959552
1.1959634
1.1959715
1.1959796
1.1959876
1.1959956
1.1960036
1.1960113
1.1960192
1.196027
1.1960345
1.1960421
1.1960498
1.1960569
1.1960643
1.1960719
1.1960788
1.1960853
1.1960924
1.1960998
1.1961068
1.1961129
1.1961161
1.1961158
1.1961123
1.1960972
1.1960669
1.1960417
1.1960255
1.1960189
1.1960191
1.1960216
1.1960244
1.1960254
1.1960254
1.1960251
1.1960249
1.1960247
1.1960245
1.1960243
1.1960243
1.1960242
1.1996423
1.1995527
1.1991324
1.1983336
1.1974673
1.1967492
1.1963501
1.1961695
1.1961017
1.1960475
1.1960276
1.1960013
1.195979
1.1959503
1.1959265
1.1959034
1.1958849
1.195868
1.195853
1.1958396
1.1958294
1.1958201
1.1958145
1.1958096
1.1958059
1.1958036
1.195802
1.1958017
1.1958027
1.1958043
1.1958066
1.1958091
1.1958129
1.1958168
1.1958216
1.1958261
1.1958316
1.195837
1.1958432
1.1958491
1.1958557
1.1958623
1.1958693
1.1958762
1.1958835
1.1958908
1.1958982
1.1959058
1.1959134
1.1959212
1.1959289
1.1959368
1.1959446
1.1959525
1.1959604
1.1959683
1.1959761
1.195984
1.1959918
1.1959995
1.1960073
1.1960148
1.1960225
1.1960301
1.1960374
1.196045
1.1960525
1.1960595
1.1960667
1.1960742
1.196081
1.1960874
1.1960943
1.1961017
1.1961086
1.1961147
1.1961182
1.1961181
1.1961151
1.1961013
1.1960714
1.1960458
1.196029
1.1960219
1.1960219
1.1960243
1.1960271
1.1960282
1.1960282
1.1960279
1.1960277
1.1960275
1.1960273
1.1960271
1.196027
1.196027
1.1992848
1.1993311
1.1993993
1.1992754
1.1990842
1.1987691
1.1981785
1.1974991
1.1969226
1.1965541
1.1963663
1.196244
1.1961715
1.1961103
1.196066
1.1960261
1.1959946
1.1959661
1.1959408
1.1959194
1.1959018
1.195886
1.1958749
1.1958644
1.1958561
1.1958494
1.1958442
1.1958408
1.1958387
1.1958375
1.1958372
1.1958375
1.1958394
1.1958414
1.1958444
1.1958473
1.1958515
1.1958556
1.1958605
1.1958653
1.1958709
1.1958766
1.1958827
1.1958887
1.1958953
1.1959019
1.1959087
1.1959156
1.1959227
1.1959299
1.1959372
1.1959446
1.195952
1.1959595
1.1959669
1.1959745
1.195982
1.1959895
1.195997
1.1960044
1.196012
1.1960193
1.1960267
1.1960341
1.1960412
1.1960485
1.1960559
1.1960627
1.1960697
1.1960771
1.1960838
1.19609
1.1960968
1.196104
1.1961109
1.1961169
1.1961205
1.1961207
1.1961179
1.1961052
1.1960758
1.1960499
1.1960327
1.1960251
1.1960249
1.1960273
1.1960301
1.1960312
1.1960313
1.196031
1.1960308
1.1960306
1.1960304
1.1960302
1.1960301
1.19603
1.199244
1.1992207
1.1991615
1.1991233
1.1991135
1.1991033
1.1990526
1.1989231
1.1985704
1.1980328
1.1974372
1.1969468
1.1966658
1.1964825
1.1963612
1.1962645
1.1961946
1.1961372
1.1960892
1.1960503
1.1960173
1.195989
1.1959672
1.1959468
1.1959306
1.1959169
1.1959055
1.1958969
1.1958897
1.1958842
1.1958801
1.195877
1.1958758
1.195875
1.1958754
1.1958761
1.1958783
1.1958805
1.1958837
1.1958869
1.1958911
1.1958954
1.1959002
1.1959052
1.1959107
1.1959163
1.1959222
1.1959284
1.1959347
1.1959412
1.1959478
1.1959546
1.1959614
1.1959683
1.1959753
1.1959824
1.1959894
1.1959966
1.1960037
1.1960107
1.1960179
1.1960249
1.196032
1.1960391
1.196046
1.196053
1.1960601
1.1960668
1.1960735
1.1960807
1.1960873
1.1960933
1.1960998
1.196107
1.1961137
1.1961196
1.1961233
1.1961237
1.1961212
1.1961094
1.1960805
1.1960543
1.1960367
1.1960288
1.1960284
1.1960307
1.1960336
1.1960348
1.1960348
1.1960345
1.1960343
1.1960341
1.1960339
1.1960337
1.1960336
1.1960335
1.1992344
1.1992006
1.199121
1.1990538
1.1990278
1.1990417
1.1990637
1.1990802
1.1990411
1.1989665
1.198754
1.198375
1.1978448
1.1973377
1.1969809
1.1967346
1.1965667
1.196437
1.1963373
1.1962606
1.1961964
1.1961444
1.1961032
1.1960664
1.1960373
1.1960119
1.1959909
1.195974
1.1959592
1.1959473
1.1959375
1.1959295
1.1959239
1.1959189
1.195916
1.1959134
1.1959128
1.1959124
1.1959132
1.1959143
1.1959166
1.1959191
1.1959223
1.1959258
1.19593
1.1959343
1.1959391
1.1959442
1.1959495
1.1959551
1.1959609
1.1959668
1.1959729
1.1959792
1.1959855
1.195992
1.1959984
1.1960051
1.1960117
1.1960183
1.1960251
1.1960317
1.1960384
1.1960452
1.1960517
1.1960584
1.1960653
1.1960716
1.1960781
1.196085
1.1960914
1.1960972
1.1961035
1.1961105
1.1961171
1.1961228
1.1961266
1.1961271
1.1961249
1.1961139
1.1960855
1.1960591
1.1960412
1.196033
1.1960324
1.1960347
1.1960375
1.1960387
1.1960388
1.1960385
1.1960383
1.1960381
1.1960379
1.1960377
1.1960376
1.1960375
1.1992281
1.1991936
1.1991127
1.1990407
1.1990053
1.19901
1.1990329
1.1990532
1.1990555
1.1990473
1.1990154
1.1989689
1.1988272
1.1985698
1.1981413
1.1976694
1.1972732
1.1969846
1.1967727
1.1966133
1.1964845
1.1963867
1.1963081
1.1962418
1.1961903
1.1961454
1.1961088
1.1960787
1.1960524
1.1960313
1.1960131
1.195998
1.1959861
1.1959754
1.1959678
1.1959608
1.1959564
1.1959523
1.1959502
1.1959483
1.1959482
1.1959482
1.1959494
1.195951
1.1959534
1.1959562
1.1959595
1.1959632
1.1959673
1.1959717
1.1959765
1.1959815
1.1959867
1.1959921
1.1959976
1.1960034
1.1960091
1.1960152
1.1960212
1.1960272
1.1960335
1.1960396
1.1960459
1.1960523
1.1960584
1.1960647
1.1960712
1.1960773
1.1960834
1.1960901
1.1960963
1.1961018
1.1961078
1.1961146
1.196121
1.1961265
1.1961303
1.196131
1.1961291
1.1961187
1.1960909
1.1960643
1.1960461
1.1960376
1.1960368
1.196039
1.1960418
1.1960431
1.1960432
1.1960429
1.1960427
1.1960425
1.1960423
1.1960421
1.196042
1.1960419
1.199222
1.1991891
1.1991103
1.1990378
1.1990011
1.1990005
1.1990205
1.1990383
1.1990427
1.1990396
1.1990299
1.1990196
1.1989975
1.1989629
1.198866
1.1986859
1.1983457
1.1979291
1.1975288
1.1972142
1.1969687
1.1967855
1.1966342
1.1965123
1.1964194
1.1963397
1.1962766
1.1962244
1.1961799
1.1961441
1.1961132
1.1960876
1.1960664
1.1960479
1.1960336
1.1960205
1.196011
1.1960021
1.1959959
1.1959902
1.1959868
1.1959838
1.1959823
1.1959814
1.1959817
1.1959824
1.1959839
1.195986
1.1959885
1.1959915
1.195995
1.1959987
1.1960028
1.1960072
1.1960118
1.1960167
1.1960216
1.1960269
1.1960323
1.1960376
1.1960433
1.1960488
1.1960545
1.1960605
1.1960662
1.196072
1.1960781
1.1960838
1.1960896
1.1960959
1.1961018
1.196107
1.1961127
1.1961193
1.1961255
1.1961308
1.1961345
1.1961354
1.1961336
1.1961239
1.1960967
1.1960699
1.1960514
1.1960426
1.1960416
1.1960438
1.1960466
1.196048
1.1960481
1.1960478
1.1960475
1.1960473
1.1960471
1.1960469
1.1960468
1.1960468
1.1992156
1.1991851
1.1991096
1.1990379
1.1990016
1.1989978
1.1990159
1.1990315
1.1990355
1.1990316
1.1990251
1.1990195
1.1990114
1.1990028
1.1989847
1.1989571
1.1988871
1.1987539
1.1984951
1.1981319
1.1977464
1.1974187
1.1971538
1.1969423
1.1967763
1.196635
1.196527
1.1964367
1.1963614
1.1963014
1.1962498
1.1962077
1.1961724
1.1961422
1.1961181
1.1960964
1.1960796
1.1960642
1.1960526
1.1960418
1.1960342
1.1960271
1.1960223
1.1960181
1.1960157
1.1960137
1.196013
1.1960129
1.1960136
1.1960148
1.1960167
1.196019
1.1960217
1.1960249
1.1960283
1.1960322
1.1960362
1.1960405
1.196045
1.1960496
1.1960546
1.1960595
1.1960645
1.1960699
1.196075
1.1960803
1.196086
1.1960913
1.1960966
1.1961025
1.1961081
1.196113
1.1961183
1.1961246
1.1961305
1.1961356
1.1961392
1.1961402
1.1961387
1.1961295
1.1961029
1.1960759
1.1960571
1.196048
1.1960469
1.196049
1.1960519
1.1960533
1.1960534
1.1960531
1.1960528
1.1960526
1.1960524
1.1960523
1.1960522
1.1960521
1.1992091
1.199181
1.199109
1.1990391
1.1990035
1.1989978
1.1990142
1.199028
1.1990316
1.1990271
1.1990209
1.1990159
1.1990105
1.1990053
1.1989979
1.1989898
1.1989748
1.1989523
1.1988997
1.1987971
1.198604
1.1982845
1.1979259
1.1975912
1.1973169
1.1970862
1.1969084
1.1967538
1.1966287
1.1965285
1.1964432
1.196375
1.1963172
1.1962689
1.1962298
1.1961952
1.1961677
1.1961429
1.1961237
1.196106
1.1960925
1.1960801
1.1960709
1.1960626
1.1960566
1.1960513
1.1960478
1.196045
1.1960433
1.1960423
1.1960423
1.1960427
1.1960438
1.1960455
1.1960476
1.1960502
1.1960529
1.1960562
1.1960598
1.1960634
1.1960675
1.1960716
1.1960759
1.1960806
1.1960851
1.1960898
1.196095
1.1960998
1.1961045
1.19611
1.1961152
1.1961197
1.1961247
1.1961306
1.1961362
1.196141
1.1961445
1.1961456
1.1961442
1.1961356
1.1961096
1.1960825
1.1960634
1.196054
1.1960527
1.1960548
1.1960576
1.1960591
1.1960592
1.1960589
1.1960586
1.1960585
1.1960582
1.1960581
1.196058
1.1960579
1.1992027
1.1991764
1.1991083
1.1990407
1.1990059
1.198999
1.199014
1.1990262
1.1990295
1.1990246
1.1990184
1.199013
1.1990082
1.1990038
1.1989989
1.1989936
1.1989871
1.19898
1.1989675
1.1989482
1.1989077
1.198828
1.1986734
1.1984079
1.1980721
1.1977376
1.1974579
1.1972181
1.197024
1.1968617
1.1967237
1.1966144
1.196521
1.1964445
1.1963817
1.1963275
1.196284
1.1962453
1.1962149
1.1961872
1.1961655
1.1961458
1.1961306
1.1961167
1.196106
1.1960966
1.1960894
1.1960832
1.1960785
1.1960748
1.1960723
1.1960706
1.1960697
1.1960695
1.1960699
1.196071
1.1960723
1.1960744
1.1960767
1.1960792
1.1960824
1.1960855
1.196089
1.1960928
1.1960967
1.1961006
1.1961052
1.1961094
1.1961135
1.1961185
1.1961233
1.1961273
1.1961318
1.1961374
1.1961427
1.196147
1.1961504
1.1961515
1.1961503
1.1961422
1.1961167
1.1960895
1.1960702
1.1960605
1.1960591
1.1960611
1.1960639
1.1960654
1.1960656
1.1960653
1.196065
1.1960648
1.1960646
1.1960644
1.1960643
1.1960642
1.1991966
1.1991707
1.1991077
1.1990426
1.1990085
1.1990008
1.1990142
1.1990253
1.1990283
1.1990231
1.199017
1.1990112
1.1990065
1.199002
1.1989978
1.1989934
1.1989891
1.1989843
1.1989788
1.1989722
1.1989616
1.1989448
1.1989128
1.1988501
1.1987217
1.1985031
1.1981859
1.1978603
1.1975754
1.1973319
1.1971262
1.1969588
1.1968117
1.1966931
1.1965938
1.1965096
1.1964416
1.1963821
1.1963349
1.1962926
1.1962591
1.196229
1.1962052
1.1961837
1.1961667
1.1961515
1.1961395
1.1961289
1.1961205
1.1961134
1.1961079
1.1961033
1.1961
1.1960976
1.1960959
1.1960952
1.1960948
1.1960953
1.1960962
1.1960974
1.1960994
1.1961014
1.1961038
1.1961068
1.1961097
1.1961128
1.1961167
1.1961202
1.1961237
1.1961281
1.1961324
1.1961359
1.1961398
1.196145
1.1961499
1.1961538
1.1961569
1.1961581
1.196157
1.1961494
1.1961244
1.1960971
1.1960776
1.1960677
1.196066
1.196068
1.1960708
1.1960723
1.1960725
1.1960722
1.1960719
1.1960717
1.1960715
1.1960714
1.1960713
1.1960712
1.1991906
1.1991647
1.199107
1.1990445
1.1990109
1.1990027
1.1990147
1.199025
1.1990277
1.1990224
1.1990163
1.1990102
1.1990055
1.1990008
1.1989967
1.1989925
1.1989888
1.1989851
1.1989812
1.1989769
1.1989721
1.198966
1.1989568
1.1989425
1.1989153
1.1988641
1.198758
1.198569
1.1982809
1.197962
1.1976735
1.1974285
1.1972161
1.1970433
1.1968912
1.1967639
1.1966594
1.1965689
1.1964966
1.1964327
1.1963819
1.1963366
1.1963006
1.1962683
1.1962424
1.1962194
1.1962008
1.1961843
1.196171
1.1961594
1.19615
1.196142
1.1961357
1.1961304
1.1961262
1.1961233
1.1961208
1.1961194
1.1961186
1.1961183
1.1961188
1.1961196
1.1961208
1.1961226
1.1961246
1.1961268
1.1961297
1.1961325
1.1961352
1.1961389
1.1961426
1.1961455
1.1961488
1.1961535
1.1961579
1.1961614
1.1961642
1.1961654
1.1961644
1.1961571
1.1961327
1.1961053
1.1960856
1.1960754
1.1960736
1.1960755
1.1960783
1.1960799
1.1960801
1.1960798
1.1960795
1.1960793
1.1960791
1.1960789
1.1960788
1.1960787
1.1991844
1.1991599
1.1991057
1.1990462
1.1990132
1.1990047
1.1990152
1.1990247
1.1990273
1.199022
1.1990159
1.1990098
1.1990049
1.1990001
1.1989959
1.1989917
1.1989881
1.1989847
1.1989815
1.1989782
1.1989747
1.1989709
1.1989666
1.1989612
1.1989528
1.1989403
1.1989168
1.1988732
1.1987843
1.198617
1.1983555
1.1980421
1.1977538
1.1975079
1.1972938
1.1971143
1.1969601
1.1968264
1.1967179
1.1966225
1.1965464
1.196479
1.1964253
1.1963775
1.1963391
1.1963051
1.1962773
1.1962528
1.1962328
1.1962151
1.1962007
1.1961881
1.1961778
1.1961691
1.1961618
1.1961561
1.1961511
1.1961474
1.1961446
1.1961424
1.1961412
1.1961404
1.1961402
1.1961407
1.1961416
1.1961426
1.1961445
1.1961464
1.1961482
1.196151
1.196154
1.1961563
1.1961589
1.196163
1.196167
1.1961699
1.1961723
1.1961734
1.1961725
1.1961656
1.1961417
1.1961142
1.1960943
1.1960838
1.1960819
1.1960837
1.1960865
1.1960881
1.1960883
1.1960881
1.1960878
1.1960876
1.1960874
1.1960872
1.1960871
1.196087
1.199178
1.1991555
1.1991044
1.1990478
1.1990155
1.1990066
1.1990157
1.1990245
1.1990269
1.1990218
1.1990157
1.1990096
1.1990047
1.1989998
1.1989955
1.1989912
1.1989876
1.1989842
1.1989812
1.1989782
1.1989753
1.1989725
1.1989694
1.1989661
1.1989622
1.1989571
1.1989496
1.1989379
1.1989181
1.1988784
1.1988035
1.1986514
1.1984108
1.1981041
1.1978185
1.1975714
1.1973578
1.197174
1.197019
1.1968809
1.1967695
1.1966705
1.1965912
1.1965212
1.1964648
1.1964151
1.1963746
1.1963389
1.1963096
1.1962837
1.1962624
1.1962439
1.1962284
1.1962151
1.1962038
1.1961946
1.1961864
1.1961801
1.1961747
1.1961702
1.196167
1.1961644
1.1961624
1.1961614
1.1961609
1.1961605
1.1961613
1.1961621
1.1961629
1.1961648
1.196167
1.1961684
1.1961703
1.1961737
1.1961771
1.1961794
1.1961813
1.1961823
1.1961815
1.1961748
1.1961514
1.1961239
1.1961037
1.196093
1.1960909
1.1960927
1.1960954
1.1960971
1.1960974
1.1960971
1.1960968
1.1960966
1.1960964
1.1960962
1.1960961
1.196096
1.1991717
1.1991511
1.1991031
1.1990494
1.1990177
1.1990085
1.1990162
1.1990244
1.1990265
1.1990215
1.1990156
1.1990096
1.1990046
1.1989997
1.1989953
1.198991
1.1989873
1.1989839
1.1989809
1.198978
1.1989753
1.1989728
1.1989703
1.1989678
1.1989651
1.1989621
1.1989585
1.1989536
1.1989472
1.198936
1.1989183
1.1988825
1.1988154
1.1986763
1.1984492
1.1981527
1.197869
1.1976214
1.1974096
1.1972233
1.1970688
1.1969278
1.1968143
1.1967127
1.196631
1.1965589
1.1965004
1.1964489
1.1964068
1.1963697
1.1963391
1.1963123
1.19629
1.1962706
1.1962541
1.1962403
1.1962281
1.1962183
1.1962098
1.1962025
1.1961968
1.196192
1.1961879
1.1961851
1.1961829
1.196181
1.1961804
1.1961799
1.1961795
1.1961803
1.1961815
1.1961821
1.1961831
1.1961857
1.1961884
1.19619
1.1961914
1.1961922
1.1961913
1.1961849
1.1961619
1.1961344
1.196114
1.1961031
1.1961007
1.1961025
1.1961052
1.196107
1.1961072
1.196107
1.1961066
1.1961064
1.1961062
1.1961061
1.196106
1.1961059
1.1991655
1.1991466
1.1991017
1.199051
1.1990199
1.1990104
1.1990168
1.1990242
1.1990261
1.1990213
1.1990155
1.1990095
1.1990046
1.1989997
1.1989953
1.1989909
1.1989872
1.1989837
1.1989807
1.1989777
1.1989751
1.1989727
1.1989705
1.1989683
1.1989662
1.1989639
1.1989615
1.1989587
1.1989555
1.1989508
1.1989449
1.1989345
1.1989183
1.1988853
1.1988228
1.1986931
1.1984757
1.1981871
1.1979058
1.197659
1.19745
1.1972633
1.1971096
1.1969674
1.1968524
1.1967494
1.1966657
1.1965921
1.1965319
1.1964792
1.1964357
1.1963978
1.1963661
1.1963387
1.1963152
1.1962954
1.196278
1.1962635
1.1962511
1.1962403
1.1962315
1.1962239
1.1962174
1.1962124
1.1962082
1.1962044
1.1962022
1.1962002
1.1961983
1.1961978
1.196198
1.1961974
1.1961974
1.1961991
1.196201
1.1962018
1.1962025
1.1962032
1.1962023
1.1961959
1.1961733
1.1961458
1.1961252
1.196114
1.1961115
1.1961132
1.1961159
1.1961177
1.196118
1.1961177
1.1961174
1.1961172
1.196117
1.1961168
1.1961167
1.1961167
1.1991593
1.199142
1.1991002
1.1990525
1.199022
1.1990124
1.1990174
1.1990241
1.1990257
1.1990211
1.1990154
1.1990095
1.1990046
1.1989997
1.1989953
1.198991
1.1989872
1.1989837
1.1989806
1.1989777
1.198975
1.1989726
1.1989704
1.1989684
1.1989664
1.1989645
1.1989626
1.1989606
1.1989585
1.198956
1.198953
1.1989486
1.1989431
1.1989333
1.198918
1.1988869
1.1988272
1.1987037
1.1984914
1.1982087
1.1979301
1.1976858
1.1974801
1.1972945
1.197142
1.1969999
1.196884
1.1967803
1.1966954
1.1966208
1.1965596
1.1965061
1.1964617
1.1964233
1.1963904
1.1963627
1.1963383
1.1963179
1.1963003
1.196285
1.1962722
1.1962612
1.1962516
1.1962439
1.1962373
1.1962312
1.196227
1.1962234
1.1962198
1.1962178
1.1962166
1.1962148
1.1962136
1.1962143
1.1962153
1.1962151
1.196215
1.1962153
1.1962143
1.1962081
1.1961857
1.1961582
1.1961375
1.196126
1.1961233
1.196125
1.1961276
1.1961295
1.1961298
1.1961295
1.1961292
1.196129
1.1961288
1.1961286
1.1961285
1.1961285
1.1991533
1.1991375
1.1990986
1.1990538
1.1990241
1.1990143
1.199018
1.1990241
1.1990254
1.1990209
1.1990153
1.1990095
1.1990047
1.1989998
1.1989954
1.1989911
1.1989873
1.1989838
1.1989807
1.1989777
1.198975
1.1989725
1.1989704
1.1989683
1.1989665
1.1989647
1.198963
1.1989613
1.1989597
1.1989579
1.198956
1.1989537
1.1989511
1.1989469
1.1989418
1.1989324
1.1989177
1.1988879
1.1988289
1.1987086
1.1984973
1.1982185
1.1979433
1.1977029
1.1975009
1.1973179
1.1971666
1.1970255
1.1969096
1.1968057
1.1967203
1.1966456
1.1965835
1.19653
1.1964845
1.196446
1.1964124
1.1963842
1.1963598
1.1963386
1.1963207
1.1963053
1.1962917
1.1962805
1.196271
1.1962621
1.1962556
1.1962498
1.1962442
1.1962405
1.1962378
1.1962345
1.1962318
1.1962314
1.1962313
1.19623
1.196229
1.1962289
1.1962277
1.1962214
1.1961993
1.1961718
1.1961508
1.1961391
1.1961362
1.1961378
1.1961405
1.1961424
1.1961427
1.1961425
1.1961421
1.1961419
1.1961417
1.1961415
1.1961414
1.1961414
1.1991474
1.1991329
1.1990968
1.1990551
1.1990262
1.1990162
1.1990187
1.199024
1.199025
1.1990207
1.1990152
1.1990095
1.1990047
1.1989999
1.1989955
1.1989912
1.1989874
1.1989839
1.1989807
1.1989777
1.1989751
1.1989726
1.1989704
1.1989683
1.1989664
1.1989647
1.1989631
1.1989615
1.1989601
1.1989587
1.1989572
1.1989557
1.1989541
1.198952
1.1989496
1.1989458
1.1989407
1.1989319
1.1989169
1.198888
1.1988283
1.1987078
1.1984943
1.1982179
1.1979469
1.1977117
1.1975136
1.1973338
1.1971843
1.1970448
1.1969296
1.1968265
1.1967409
1.1966667
1.1966039
1.1965507
1.1965047
1.1964659
1.1964325
1.1964036
1.1963791
1.1963579
1.1963393
1.1963237
1.1963104
1.1962981
1.1962887
1.1962802
1.1962722
1.1962664
1.1962619
1.1962568
1.1962525
1.1962507
1.1962493
1.1962468
1.1962447
1.196244
1.1962426
1.196236
1.1962141
1.1961866
1.1961655
1.1961535
1.1961504
1.196152
1.1961546
1.1961566
1.1961569
1.1961566
1.1961563
1.1961561
1.1961559
1.1961557
1.1961556
1.1961555
1.1991417
1.1991284
1.199095
1.1990561
1.1990281
1.1990181
1.1990194
1.199024
1.1990246
1.1990205
1.1990151
1.1990095
1.1990047
1.1989999
1.1989955
1.1989913
1.1989875
1.198984
1.1989808
1.1989778
1.1989751
1.1989726
1.1989704
1.1989683
1.1989665
1.1989647
1.1989631
1.1989616
1.1989602
1.198959
1.1989577
1.1989565
1.1989553
1.198954
1.1989526
1.1989508
1.1989484
1.198945
1.1989398
1.1989314
1.1989162
1.1988868
1.1988254
1.1987016
1.1984833
1.1982081
1.197943
1.197713
1.1975193
1.1973431
1.197196
1.1970589
1.1969444
1.196843
1.1967572
1.1966841
1.1966212
1.1965682
1.1965227
1.1964836
1.1964502
1.1964216
1.1963964
1.1963753
1.1963571
1.1963404
1.1963272
1.1963155
1.1963046
1.1962961
1.1962894
1.1962823
1.196276
1.1962726
1.1962698
1.1962657
1.1962624
1.1962609
1.1962591
1.1962523
1.1962303
1.1962029
1.1961815
1.1961692
1.196166
1.1961675
1.1961701
1.1961721
1.1961724
1.1961722
1.1961719
1.1961717
1.1961715
1.1961713
1.1961712
1.1961711
1.1991361
1.1991238
1.1990932
1.199057
1.1990301
1.1990198
1.1990201
1.199024
1.1990243
1.1990203
1.199015
1.1990095
1.1990047
1.199
1.1989956
1.1989914
1.1989876
1.1989841
1.1989809
1.1989779
1.1989752
1.1989727
1.1989705
1.1989684
1.1989665
1.1989647
1.1989631
1.1989616
1.1989603
1.198959
1.1989579
1.1989568
1.1989558
1.1989548
1.1989538
1.1989527
1.1989515
1.1989499
1.1989476
1.1989443
1.1989393
1.1989307
1.1989152
1.1988846
1.1988202
1.1986899
1.1984648
1.1981907
1.1979319
1.1977077
1.1975187
1.1973468
1.1972018
1.1970682
1.1969544
1.1968553
1.1967702
1.196698
1.1966361
1.1965832
1.196538
1.1964996
1.1964658
1.1964374
1.1964129
1.1963907
1.1963728
1.196357
1.1963423
1.1963305
1.196321
1.1963114
1.1963028
1.1962975
1.1962929
1.1962872
1.1962822
1.1962799
1.1962776
1.1962703
1.1962482
1.1962208
1.1961991
1.1961866
1.1961832
1.1961846
1.1961871
1.1961892
1.1961896
1.1961894
1.196189
1.1961888
1.1961886
1.1961885
1.1961884
1.1961883
1.1991307
1.1991192
1.1990913
1.1990577
1.199032
1.1990214
1.199021
1.199024
1.1990239
1.19902
1.1990149
1.1990095
1.1990047
1.199
1.1989957
1.1989915
1.1989877
1.1989842
1.198981
1.198978
1.1989753
1.1989728
1.1989706
1.1989685
1.1989666
1.1989648
1.1989632
1.1989617
1.1989603
1.1989591
1.1989579
1.1989569
1.198956
1.1989551
1.1989543
1.1989535
1.1989527
1.1989518
1.1989508
1.1989492
1.1989471
1.1989438
1.1989388
1.1989299
1.198914
1.1988813
1.1988124
1.1986727
1.198439
1.1981663
1.1979142
1.1976968
1.1975123
1.197346
1.1972024
1.197073
1.1969607
1.1968637
1.1967803
1.196709
1.196648
1.1965963
1.1965512
1.1965131
1.1964805
1.1964512
1.1964271
1.1964061
1.1963867
1.1963708
1.1963579
1.1963451
1.1963336
1.1963259
1.1963193
1.1963115
1.1963048
1.1963013
1.1962983
1.1962903
1.1962679
1.1962405
1.1962186
1.1962057
1.1962021
1.1962035
1.196206
1.1962081
1.1962085
1.1962083
1.196208
1.1962078
1.1962076
1.1962074
1.1962073
1.1962072
1.1991254
1.1991147
1.1990894
1.1990582
1.1990338
1.1990229
1.1990217
1.1990239
1.1990235
1.1990199
1.1990148
1.1990095
1.1990047
1.1990001
1.1989958
1.1989916
1.1989878
1.1989843
1.1989811
1.1989781
1.1989754
1.1989729
1.1989706
1.1989686
1.1989667
1.1989649
1.1989632
1.1989617
1.1989604
1.1989591
1.198958
1.198957
1.198956
1.1989552
1.1989545
1.1989539
1.1989533
1.1989526
1.198952
1.1989512
1.1989502
1.1989487
1.1989468
1.1989435
1.1989385
1.1989293
1.1989124
1.1988769
1.1988013
1.1986493
1.1984062
1.1981358
1.1978915
1.1976817
1.197501
1.1973408
1.1971994
1.1970737
1.1969639
1.1968691
1.1967873
1.196718
1.1966576
1.1966068
1.1965634
1.1965246
1.1964927
1.1964648
1.1964396
1.1964185
1.1964011
1.1963845
1.1963694
1.1963587
1.1963495
1.1963392
1.1963303
1.1963254
1.1963216
1.1963126
1.1962899
1.1962623
1.1962401
1.1962269
1.1962231
1.1962244
1.1962269
1.1962291
1.1962294
1.1962293
1.1962289
1.1962287
1.1962285
1.1962283
1.1962282
1.1962282
1.1991202
1.1991102
1.1990873
1.1990585
1.1990354
1.1990243
1.1990225
1.1990238
1.1990232
1.1990196
1.1990147
1.1990095
1.1990048
1.1990002
1.1989958
1.1989917
1.1989879
1.1989844
1.1989812
1.1989782
1.1989755
1.198973
1.1989707
1.1989687
1.1989667
1.1989649
1.1989633
1.1989618
1.1989604
1.1989592
1.198958
1.198957
1.1989561
1.1989553
1.1989546
1.198954
1.1989534
1.1989529
1.1989524
1.1989519
1.1989514
1.1989507
1.1989499
1.1989485
1.1989467
1.1989435
1.1989383
1.1989287
1.1989102
1.1988707
1.1987864
1.1986189
1.1983668
1.1981008
1.197864
1.1976628
1.1974862
1.1973316
1.1971933
1.1970713
1.1969638
1.1968722
1.1967918
1.1967241
1.1966663
1.1966151
1.1965728
1.196536
1.1965031
1.1964754
1.1964524
1.1964309
1.1964114
1.196397
1.1963844
1.1963712
1.1963596
1.1963528
1.1963478
1.1963376
1.1963143
1.1962866
1.1962639
1.1962504
1.1962464
1.1962476
1.19625
1.1962523
1.1962527
1.1962525
1.1962522
1.196252
1.1962518
1.1962516
1.1962515
1.1962514
1.1991152
1.1991058
1.1990852
1.1990587
1.1990369
1.1990257
1.1990232
1.1990238
1.199023
1.1990194
1.1990145
1.1990095
1.1990048
1.1990002
1.1989959
1.1989918
1.198988
1.1989845
1.1989813
1.1989784
1.1989756
1.1989731
1.1989708
1.1989687
1.1989668
1.198965
1.1989634
1.1989619
1.1989605
1.1989592
1.1989581
1.1989571
1.1989561
1.1989553
1.1989547
1.198954
1.1989535
1.1989531
1.1989526
1.1989522
1.1989519
1.1989515
1.1989511
1.1989505
1.1989498
1.1989486
1.1989468
1.1989437
1.1989382
1.1989278
1.198907
1.1988624
1.1987664
1.1985818
1.1983216
1.1980624
1.1978335
1.19764
1.1974686
1.1973194
1.1971838
1.1970665
1.1969614
1.1968721
1.1967954
1.196728
1.1966718
1.1966233
1.1965804
1.196544
1.1965139
1.1964861
1.196461
1.1964419
1.1964253
1.1964083
1.1963935
1.1963842
1.1963776
1.1963658
1.1963417
1.1963136
1.1962904
1.1962765
1.1962723
1.1962734
1.1962758
1.1962781
1.1962786
1.1962784
1.196278
1.1962778
1.1962776
1.1962775
1.1962774
1.1962773
1.1991104
1.1991016
1.199083
1.1990587
1.1990383
1.199027
1.1990239
1.1990238
1.1990227
1.1990192
1.1990144
1.1990094
1.1990048
1.1990003
1.198996
1.1989919
1.1989881
1.1989846
1.1989815
1.1989785
1.1989758
1.1989732
1.1989709
1.1989688
1.1989669
1.1989651
1.1989634
1.1989619
1.1989606
1.1989593
1.1989581
1.1989571
1.1989562
1.1989554
1.1989547
1.1989541
1.1989536
1.1989531
1.1989527
1.1989524
1.198952
1.1989517
1.1989515
1.1989512
1.198951
1.1989505
1.19895
1.1989489
1.1989471
1.1989438
1.1989378
1.1989264
1.1989027
1.1988516
1.1987409
1.1985366
1.1982718
1.1980204
1.1978004
1.1976146
1.197448
1.1973048
1.1971722
1.1970583
1.1969581
1.1968698
1.1967956
1.1967317
1.1966756
1.1966279
1.1965883
1.1965525
1.1965203
1.1964951
1.1964734
1.1964519
1.1964329
1.1964205
1.1964116
1.1963979
1.1963726
1.1963438
1.19632
1.1963057
1.1963012
1.1963023
1.1963047
1.196307
1.1963075
1.1963074
1.196307
1.1963068
1.1963066
1.1963064
1.1963063
1.1963062
1.1991057
1.1990975
1.1990807
1.1990586
1.1990394
1.1990283
1.1990246
1.1990239
1.1990225
1.199019
1.1990143
1.1990094
1.1990048
1.1990003
1.1989961
1.198992
1.1989883
1.1989848
1.1989816
1.1989786
1.1989759
1.1989734
1.1989711
1.198969
1.198967
1.1989652
1.1989635
1.198962
1.1989606
1.1989594
1.1989582
1.1989572
1.1989563
1.1989555
1.1989548
1.1989541
1.1989536
1.1989532
1.1989528
1.1989524
1.1989521
1.1989519
1.1989516
1.1989515
1.1989514
1.1989513
1.1989511
1.1989509
1.1989503
1.1989493
1.1989473
1.1989438
1.1989373
1.1989246
1.1988971
1.1988371
1.1987078
1.1984839
1.1982184
1.1979759
1.1977646
1.1975869
1.1974256
1.1972867
1.1971602
1.1970478
1.1969511
1.1968674
1.1967942
1.1967317
1.1966797
1.1966332
1.1965919
1.196559
1.1965307
1.1965034
1.1964793
1.1964628
1.196451
1.1964346
1.1964078
1.1963781
1.1963534
1.1963386
1.1963338
1.1963348
1.1963371
1.1963396
1.1963401
1.19634
1.1963396
1.1963394
1.1963392
1.196339
1.1963389
1.1963389
1.1991012
1.1990936
1.1990784
1.1990583
1.1990404
1.1990295
1.1990252
1.199024
1.1990223
1.1990188
1.1990142
1.1990094
1.1990048
1.1990004
1.1989962
1.1989921
1.1989884
1.1989849
1.1989817
1.1989788
1.198976
1.1989735
1.1989712
1.1989691
1.1989671
1.1989653
1.1989636
1.1989621
1.1989607
1.1989594
1.1989583
1.1989572
1.1989563
1.1989555
1.1989548
1.1989542
1.1989537
1.1989532
1.1989528
1.1989525
1.1989522
1.1989519
1.1989517
1.1989516
1.1989515
1.1989515
1.1989515
1.1989515
1.1989515
1.1989512
1.1989506
1.1989495
1.1989476
1.1989439
1.1989367
1.1989219
1.1988893
1.1988179
1.1986658
1.1984249
1.1981618
1.1979291
1.1977276
1.1975556
1.1974031
1.1972659
1.1971443
1.1970372
1.1969428
1.1968612
1.196793
1.1967327
1.1966793
1.1966364
1.1965996
1.196565
1.1965344
1.1965128
1.1964969
1.1964772
1.1964484
1.1964172
1.1963914
1.196376
1.1963708
1.1963717
1.196374
1.1963765
1.1963771
1.196377
1.1963766
1.1963764
1.1963762
1.196376
1.1963759
1.1963759
1.1990968
1.1990897
1.1990761
1.1990579
1.1990413
1.1990305
1.1990258
1.199024
1.199022
1.1990185
1.199014
1.1990093
1.1990048
1.1990004
1.1989962
1.1989922
1.1989885
1.198985
1.1989819
1.1989789
1.1989762
1.1989736
1.1989713
1.1989692
1.1989673
1.1989654
1.1989638
1.1989622
1.1989608
1.1989595
1.1989584
1.1989573
1.1989564
1.1989556
1.1989549
1.1989542
1.1989537
1.1989533
1.1989529
1.1989525
1.1989522
1.198952
1.1989518
1.1989516
1.1989516
1.1989516
1.1989517
1.1989518
1.1989518
1.1989519
1.1989518
1.1989515
1.1989511
1.1989501
1.198948
1.1989439
1.1989356
1.1989181
1.1988787
1.1987931
1.1986143
1.19836
1.198104
1.1978794
1.1976911
1.1975231
1.1973771
1.1972453
1.1971273
1.1970229
1.1969346
1.1968565
1.1967875
1.1967314
1.1966835
1.1966393
1.1966005
1.1965722
1.1965511
1.196527
1.1964953
1.1964622
1.196435
1.1964187
1.1964131
1.1964139
1.1964163
1.1964188
1.1964194
1.1964193
1.1964189
1.1964187
1.1964186
1.1964184
1.1964183
1.1964182
1.1990926
1.199086
1.1990737
1.1990573
1.1990419
1.1990314
1.1990264
1.1990241
1.1990218
1.1990183
1.1990139
1.1990092
1.1990048
1.1990005
1.1989963
1.1989923
1.1989886
1.1989852
1.198982
1.198979
1.1989763
1.1989738
1.1989715
1.1989693
1.1989674
1.1989656
1.1989639
1.1989623
1.1989609
1.1989596
1.1989585
1.1989574
1.1989565
1.1989556
1.1989549
1.1989543
1.1989538
1.1989533
1.1989529
1.1989526
1.1989523
1.198952
1.1989518
1.1989517
1.1989516
1.1989517
1.1989518
1.1989519
1.198952
1.1989521
1.1989522
1.1989522
1.1989522
1.1989521
1.1989516
1.1989505
1.1989482
1.1989437
1.1989339
1.1989128
1.1988647
1.1987585
1.1985534
1.1982906
1.1980464
1.1978309
1.1976517
1.1974915
1.1973503
1.1972214
1.1971105
1.1970107
1.1969223
1.1968492
1.1967867
1.1967302
1.1966806
1.1966436
1.1966155
1.1965859
1.1965503
1.1965144
1.1964854
1.1964679
1.1964619
1.1964626
1.1964649
1.1964675
1.1964682
1.1964681
1.1964677
1.1964675
1.1964673
1.1964671
1.1964671
1.196467
1.1990884
1.1990823
1.1990713
1.1990565
1.1990423
1.1990322
1.1990269
1.1990241
1.1990216
1.1990181
1.1990137
1.1990092
1.1990047
1.1990005
1.1989964
1.1989924
1.1989887
1.1989853
1.1989821
1.1989792
1.1989765
1.1989739
1.1989716
1.1989695
1.1989675
1.1989657
1.198964
1.1989624
1.198961
1.1989597
1.1989585
1.1989575
1.1989565
1.1989557
1.198955
1.1989544
1.1989538
1.1989534
1.198953
1.1989526
1.1989523
1.1989521
1.1989519
1.1989517
1.1989517
1.1989517
1.1989518
1.1989519
1.198952
1.1989522
1.1989523
1.1989524
1.1989526
1.1989528
1.1989528
1.1989527
1.1989521
1.198951
1.1989484
1.1989431
1.1989314
1.1989053
1.1988455
1.1987133
1.1984839
1.1982201
1.1979871
1.1977843
1.1976117
1.197457
1.1973236
1.1972002
1.1970894
1.1969957
1.1969149
1.1968425
1.196779
1.1967306
1.1966931
1.1966561
1.1966151
1.1965755
1.196544
1.1965252
1.1965185
1.196519
1.1965213
1.196524
1.1965247
1.1965246
1.1965243
1.1965241
1.1965239
1.1965237
1.1965236
1.1965236
1.1990842
1.1990788
1.1990689
1.1990556
1.1990426
1.1990329
1.1990273
1.1990242
1.1990214
1.1990179
1.1990136
1.1990091
1.1990047
1.1990005
1.1989964
1.1989925
1.1989889
1.1989854
1.1989823
1.1989793
1.1989766
1.1989741
1.1989717
1.1989696
1.1989676
1.1989658
1.1989641
1.1989625
1.1989611
1.1989598
1.1989586
1.1989576
1.1989566
1.1989558
1.1989551
1.1989544
1.1989539
1.1989534
1.198953
1.1989527
1.1989524
1.1989521
1.1989519
1.1989518
1.1989517
1.1989518
1.1989518
1.1989519
1.1989521
1.1989522
1.1989523
1.1989525
1.1989527
1.198953
1.1989532
1.1989533
1.1989533
1.1989532
1.1989526
1.1989513
1.1989484
1.198942
1.1989277
1.1988947
1.1988193
1.1986555
1.1984082
1.1981512
1.1979275
1.1977359
1.1975721
1.1974258
1.1972923
1.197176
1.1970736
1.1969819
1.1969009
1.1968377
1.1967879
1.196741
1.1966926
1.1966478
1.1966131
1.1965924
1.1965849
1.1965852
1.1965875
1.1965902
1.1965909
1.1965909
1.1965905
1.1965903
1.1965901
1.19659
1.1965899
1.1965898
1.1990801
1.1990755
1.1990665
1.1990546
1.1990426
1.1990334
1.1990276
1.1990242
1.1990212
1.1990176
1.1990134
1.199009
1.1990047
1.1990005
1.1989965
1.1989926
1.198989
1.1989856
1.1989824
1.1989795
1.1989767
1.1989742
1.1989719
1.1989697
1.1989678
1.1989659
1.1989642
1.1989626
1.1989612
1.1989599
1.1989587
1.1989576
1.1989567
1.1989558
1.1989551
1.1989545
1.198954
1.1989535
1.1989531
1.1989527
1.1989524
1.1989522
1.1989519
1.1989518
1.1989517
1.1989518
1.1989519
1.198952
1.1989521
1.1989523
1.1989524
1.1989525
1.1989528
1.198953
1.1989533
1.1989535
1.1989537
1.1989538
1.1989539
1.1989537
1.1989531
1.1989516
1.1989481
1.1989402
1.1989223
1.1988798
1.1987851
1.1985867
1.1983275
1.1980819
1.1978693
1.1976908
1.1975297
1.1973916
1.1972667
1.1971536
1.1970518
1.1969704
1.1969047
1.1968448
1.1967864
1.1967343
1.1966952
1.1966721
1.1966636
1.1966636
1.1966658
1.1966685
1.1966693
1.1966692
1.1966689
1.1966687
1.1966685
1.1966684
1.1966683
1.1966682
1.1990764
1.1990721
1.199064
1.1990534
1.1990425
1.1990337
1.1990279
1.1990242
1.199021
1.1990174
1.1990132
1.1990089
1.1990046
1.1990005
1.1989965
1.1989927
1.1989891
1.1989857
1.1989826
1.1989796
1.1989769
1.1989744
1.198972
1.1989699
1.1989679
1.198966
1.1989643
1.1989628
1.1989613
1.19896
1.1989588
1.1989577
1.1989568
1.1989559
1.1989552
1.1989546
1.198954
1.1989535
1.1989531
1.1989528
1.1989525
1.1989522
1.198952
1.1989518
1.1989518
1.1989518
1.1989519
1.198952
1.1989521
1.1989523
1.1989524
1.1989526
1.1989528
1.198953
1.1989533
1.1989536
1.1989538
1.198954
1.1989542
1.1989544
1.1989544
1.1989542
1.1989535
1.1989516
1.1989474
1.1989375
1.1989147
1.1988597
1.1987354
1.1985086
1.1982471
1.1980153
1.1978116
1.1976436
1.1974939
1.1973597
1.1972357
1.1971339
1.197049
1.1969726
1.1969008
1.1968392
1.1967941
1.196768
1.196758
1.1967576
1.1967597
1.1967624
1.1967631
1.1967631
1.1967628
1.1967626
1.1967624
1.1967623
1.1967622
1.1967621
1.199073
1.1990688
1.1990616
1.1990521
1.1990422
1.1990339
1.1990281
1.1990241
1.1990208
1.1990171
1.199013
1.1990088
1.1990046
1.1990005
1.1989966
1.1989928
1.1989892
1.1989858
1.1989827
1.1989798
1.198977
1.1989745
1.1989722
1.19897
1.198968
1.1989662
1.1989644
1.1989629
1.1989614
1.1989601
1.1989589
1.1989578
1.1989568
1.198956
1.1989553
1.1989546
1.1989541
1.1989536
1.1989532
1.1989528
1.1989525
1.1989522
1.198952
1.1989519
1.1989518
1.1989519
1.1989519
1.198952
1.1989522
1.1989523
1.1989524
1.1989526
1.1989528
1.1989531
1.1989534
1.1989536
1.1989538
1.1989541
1.1989543
1.1989546
1.1989547
1.1989549
1.1989549
1.1989546
1.1989537
1.1989514
1.1989461
1.1989336
1.1989034
1.1988315
1.198672
1.1984233
1.1981663
1.1979488
1.1977619
1.197599
1.1974532
1.1973309
1.197225
1.1971295
1.1970412
1.1969672
1.1969144
1.1968843
1.1968726
1.1968715
1.1968735
1.1968759
1.1968767
1.1968767
1.1968764
1.1968762
1.1968761
1.1968759
1.1968758
1.1968758
1.1990695
1.1990656
1.1990592
1.1990507
1.1990417
1.1990339
1.1990281
1.199024
1.1990205
1.1990169
1.1990128
1.1990086
1.1990045
1.1990005
1.1989966
1.1989929
1.1989893
1.1989859
1.1989828
1.1989799
1.1989772
1.1989746
1.1989723
1.1989701
1.1989681
1.1989663
1.1989645
1.198963
1.1989615
1.1989602
1.198959
1.1989579
1.1989569
1.1989561
1.1989553
1.1989547
1.1989541
1.1989537
1.1989533
1.1989529
1.1989525
1.1989523
1.1989521
1.1989519
1.1989518
1.1989519
1.198952
1.1989521
1.1989522
1.1989523
1.1989525
1.1989526
1.1989528
1.1989531
1.1989534
1.1989536
1.1989538
1.1989541
1.1989544
1.1989546
1.1989548
1.198955
1.1989552
1.1989553
1.1989552
1.1989548
1.1989537
1.1989509
1.1989441
1.1989278
1.1988873
1.1987932
1.1985923
1.1983368
1.1980946
1.1978846
1.197708
1.1975599
1.1974338
1.1973184
1.1972117
1.1971231
1.1970608
1.1970261
1.1970125
1.1970106
1.1970122
1.1970143
1.197015
1.1970149
1.1970147
1.1970146
1.1970144
1.1970143
1.1970142
1.1970142
1.1990661
1.1990626
1.1990568
1.1990492
1.1990411
1.1990338
1.1990281
1.1990239
1.1990203
1.1990166
1.1990126
1.1990085
1.1990044
1.1990005
1.1989966
1.1989929
1.1989894
1.1989861
1.1989829
1.19898
1.1989773
1.1989748
1.1989724
1.1989703
1.1989683
1.1989664
1.1989647
1.1989631
1.1989616
1.1989603
1.1989591
1.198958
1.198957
1.1989562
1.1989554
1.1989548
1.1989542
1.1989537
1.1989533
1.1989529
1.1989526
1.1989523
1.1989521
1.1989519
1.1989519
1.1989519
1.198952
1.1989521
1.1989522
1.1989524
1.1989525
1.1989526
1.1989529
1.1989531
1.1989534
1.1989537
1.1989539
1.1989541
1.1989544
1.1989546
1.1989549
1.1989551
1.1989553
1.1989555
1.1989556
1.1989556
1.1989555
1.198955
1.1989535
1.1989499
1.1989411
1.1989194
1.1988646
1.1987412
1.198508
1.1982467
1.1980203
1.1978312
1.1976772
1.1975386
1.1974137
1.1973094
1.1972371
1.1971977
1.1971821
1.1971793
1.1971804
1.1971819
1.1971824
1.1971824
1.1971823
1.1971822
1.1971821
1.1971819
1.1971818
1.1971818
1.1990629
1.1990596
1.1990544
1.1990477
1.1990403
1.1990335
1.199028
1.1990237
1.19902
1.1990163
1.1990123
1.1990083
1.1990043
1.1990004
1.1989966
1.198993
1.1989895
1.1989862
1.1989831
1.1989802
1.1989775
1.1989749
1.1989726
1.1989704
1.1989684
1.1989665
1.1989648
1.1989632
1.1989617
1.1989604
1.1989592
1.1989581
1.1989571
1.1989562
1.1989555
1.1989548
1.1989543
1.1989538
1.1989534
1.198953
1.1989527
1.1989524
1.1989521
1.198952
1.1989519
1.198952
1.1989521
1.1989521
1.1989523
1.1989524
1.1989525
1.1989527
1.1989529
1.1989531
1.1989534
1.1989537
1.1989539
1.1989541
1.1989544
1.1989546
1.1989549
1.1989551
1.1989553
1.1989555
1.1989557
1.1989558
1.1989559
1.1989559
1.1989556
1.1989549
1.198953
1.1989484
1.1989366
1.1989072
1.1988333
1.1986649
1.198415
1.1981738
1.1979726
1.1977974
1.1976464
1.197525
1.1974435
1.1974002
1.197383
1.1973791
1.1973795
1.1973804
1.1973806
1.1973805
1.1973805
1.1973804
1.1973803
1.1973802
1.1973801
1.1973801
1.1990597
1.1990567
1.1990521
1.199046
1.1990394
1.1990331
1.1990277
1.1990234
1.1990197
1.199016
1.1990121
1.1990081
1.1990042
1.1990004
1.1989966
1.198993
1.1989896
1.1989863
1.1989832
1.1989803
1.1989776
1.1989751
1.1989728
1.1989706
1.1989686
1.1989667
1.198965
1.1989634
1.1989619
1.1989605
1.1989593
1.1989582
1.1989572
1.1989563
1.1989556
1.1989549
1.1989544
1.1989539
1.1989534
1.1989531
1.1989527
1.1989524
1.1989522
1.198952
1.198952
1.198952
1.1989521
1.1989522
1.1989523
1.1989524
1.1989525
1.1989527
1.1989529
1.1989532
1.1989534
1.1989537
1.1989539
1.1989541
1.1989544
1.1989547
1.1989549
1.1989551
1.1989553
1.1989555
1.1989557
1.1989559
1.198956
1.1989561
1.1989561
1.198956
1.1989556
1.1989547
1.1989522
1.198946
1.1989301
1.1988884
1.1987897
1.1985913
1.1983498
1.1981184
1.197923
1.1977752
1.1976801
1.1976312
1.1976122
1.1976073
1.1976066
1.1976067
1.1976066
1.1976066
1.1976066
1.1976066
1.1976065
1.1976064
1.1976063
1.1976062
1.1990566
1.1990539
1.1990498
1.1990444
1.1990383
1.1990325
1.1990274
1.1990231
1.1990193
1.1990156
1.1990118
1.1990079
1.1990041
1.1990003
1.1989966
1.1989931
1.1989896
1.1989864
1.1989833
1.1989805
1.1989778
1.1989753
1.1989729
1.1989708
1.1989687
1.1989669
1.1989651
1.1989635
1.198962
1.1989607
1.1989594
1.1989583
1.1989573
1.1989564
1.1989557
1.198955
1.1989544
1.1989539
1.1989535
1.1989531
1.1989528
1.1989525
1.1989523
1.1989521
1.198952
1.1989521
1.1989521
1.1989522
1.1989523
1.1989525
1.1989526
1.1989527
1.1989529
1.1989532
1.1989535
1.1989537
1.1989539
1.1989542
1.1989544
1.1989547
1.1989549
1.1989552
1.1989554
1.1989556
1.1989557
1.1989559
1.198956
1.1989561
1.1989562
1.1989562
1.1989561
1.198956
1.1989554
1.1989541
1.1989509
1.1989424
1.1989209
1.198867
1.1987504
1.1985176
1.1982697
1.1980801
1.1979614
1.197902
1.1978794
1.1978728
1.1978711
1.1978703
1.1978699
1.1978698
1.1978699
1.19787
1.1978699
1.1978698
1.1978697
1.1978697
1.1990536
1.1990511
1.1990474
1.1990426
1.1990372
1.1990318
1.1990269
1.1990227
1.1990189
1.1990152
1.1990115
1.1990077
1.1990039
1.1990002
1.1989966
1.1989931
1.1989897
1.1989865
1.1989835
1.1989806
1.1989779
1.1989754
1.1989731
1.1989709
1.1989689
1.198967
1.1989653
1.1989637
1.1989622
1.1989608
1.1989596
1.1989584
1.1989574
1.1989566
1.1989558
1.1989551
1.1989545
1.198954
1.1989536
1.1989532
1.1989529
1.1989526
1.1989523
1.1989522
1.1989521
1.1989521
1.1989522
1.1989523
1.1989524
1.1989525
1.1989526
1.1989528
1.198953
1.1989532
1.1989535
1.1989537
1.1989539
1.1989542
1.1989545
1.1989547
1.1989549
1.1989552
1.1989554
1.1989556
1.1989558
1.1989559
1.198956
1.1989561
1.1989562
1.1989562
1.1989562
1.1989562
1.1989561
1.1989557
1.1989551
1.1989533
1.1989489
1.198938
1.198911
1.19884
1.1986663
1.1984539
1.1983118
1.1982404
1.1982127
1.1982036
1.1982002
1.1981985
1.1981977
1.1981976
1.1981977
1.1981978
1.1981977
1.1981976
1.1981975
1.1981975
1.1990507
1.1990484
1.1990451
1.1990408
1.1990359
1.1990309
1.1990263
1.1990222
1.1990185
1.1990148
1.1990111
1.1990074
1.1990037
1.1990001
1.1989965
1.1989931
1.1989897
1.1989866
1.1989836
1.1989807
1.1989781
1.1989756
1.1989732
1.1989711
1.198969
1.1989672
1.1989654
1.1989638
1.1989623
1.1989609
1.1989597
1.1989586
1.1989576
1.1989567
1.1989559
1.1989552
1.1989546
1.1989541
1.1989537
1.1989533
1.1989529
1.1989526
1.1989524
1.1989522
1.1989522
1.1989522
1.1989522
1.1989523
1.1989524
1.1989526
1.1989527
1.1989528
1.198953
1.1989533
1.1989535
1.1989538
1.198954
1.1989542
1.1989545
1.1989547
1.198955
1.1989552
1.1989554
1.1989556
1.1989558
1.1989559
1.198956
1.1989562
1.1989562
1.1989562
1.1989563
1.1989563
1.1989562
1.198956
1.1989558
1.1989554
1.1989543
1.1989519
1.1989466
1.1989326
1.1988916
1.1987895
1.1986909
1.1986335
1.198609
1.1985996
1.198595
1.1985925
1.1985914
1.1985912
1.1985914
1.1985915
1.1985915
1.1985914
1.1985913
1.1985913
1.1990478
1.1990458
1.1990428
1.1990389
1.1990345
1.19903
1.1990257
1.1990217
1.199018
1.1990144
1.1990108
1.1990071
1.1990035
1.1989999
1.1989964
1.1989931
1.1989898
1.1989866
1.1989837
1.1989808
1.1989782
1.1989757
1.1989734
1.1989712
1.1989692
1.1989673
1.1989655
1.1989639
1.1989624
1.1989611
1.1989598
1.1989587
1.1989577
1.1989568
1.198956
1.1989553
1.1989547
1.1989542
1.1989537
1.1989533
1.198953
1.1989527
1.1989525
1.1989523
1.1989522
1.1989522
1.1989523
1.1989524
1.1989525
1.1989526
1.1989527
1.1989529
1.1989531
1.1989533
1.1989536
1.1989538
1.198954
1.1989543
1.1989545
1.1989547
1.198955
1.1989552
1.1989554
1.1989556
1.1989558
1.1989559
1.1989561
1.1989562
1.1989562
1.1989563
1.1989563
1.1989563
1.1989562
1.1989561
1.198956
1.1989558
1.1989552
1.1989544
1.1989533
1.1989507
1.1989428
1.1989193
1.1988922
1.1988766
1.1988706
1.198868
1.1988659
1.1988645
1.1988639
1.1988639
1.198864
1.1988641
1.1988641
1.1988639
1.1988639
1.1988639
1.199045
1.1990431
1.1990405
1.199037
1.1990331
1.1990289
1.1990249
1.199021
1.1990174
1.1990139
1.1990104
1.1990068
1.1990033
1.1989998
1.1989964
1.198993
1.1989898
1.1989867
1.1989837
1.1989809
1.1989783
1.1989758
1.1989735
1.1989713
1.1989693
1.1989674
1.1989657
1.198964
1.1989626
1.1989612
1.19896
1.1989588
1.1989578
1.1989569
1.1989561
1.1989554
1.1989548
1.1989543
1.1989538
1.1989534
1.1989531
1.1989528
1.1989525
1.1989524
1.1989523
1.1989523
1.1989523
1.1989524
1.1989525
1.1989526
1.1989527
1.1989529
1.1989531
1.1989534
1.1989536
1.1989538
1.198954
1.1989543
1.1989546
1.1989548
1.198955
1.1989552
1.1989554
1.1989556
1.1989558
1.1989559
1.1989561
1.1989562
1.1989562
1.1989563
1.1989563
1.1989563
1.1989562
1.1989561
1.1989561
1.1989558
1.1989554
1.1989549
1.1989544
1.1989539
1.198952
1.198946
1.1989411
1.1989401
1.1989411
1.1989421
1.1989415
1.1989408
1.1989405
1.1989406
1.1989407
1.1989408
1.1989407
1.1989406
1.1989405
1.1989405
1.1990423
1.1990406
1.1990382
1.1990351
1.1990316
1.1990278
1.199024
1.1990203
1.1990168
1.1990134
1.1990099
1.1990065
1.199003
1.1989996
1.1989962
1.198993
1.1989898
1.1989867
1.1989838
1.198981
1.1989784
1.1989759
1.1989736
1.1989714
1.1989694
1.1989675
1.1989658
1.1989642
1.1989627
1.1989613
1.1989601
1.198959
1.198958
1.1989571
1.1989563
1.1989555
1.1989549
1.1989544
1.1989539
1.1989535
1.1989531
1.1989528
1.1989526
1.1989525
1.1989524
1.1989524
1.1989524
1.1989525
1.1989526
1.1989527
1.1989528
1.198953
1.1989532
1.1989534
1.1989536
1.1989538
1.1989541
1.1989543
1.1989546
1.1989548
1.198955
1.1989553
1.1989554
1.1989556
1.1989558
1.198956
1.1989561
1.1989562
1.1989562
1.1989563
1.1989563
1.1989563
1.1989562
1.1989561
1.1989561
1.1989559
1.1989554
1.198955
1.1989547
1.1989544
1.1989534
1.198951
1.1989503
1.1989517
1.1989541
1.1989557
1.1989557
1.198955
1.1989547
1.1989548
1.198955
1.198955
1.1989549
1.1989548
1.1989547
1.1989547
1.1990396
1.1990381
1.1990359
1.1990332
1.19903
1.1990265
1.199023
1.1990195
1.1990161
1.1990128
1.1990094
1.1990061
1.1990027
1.1989994
1.1989961
1.1989929
1.1989897
1.1989867
1.1989838
1.1989811
1.1989785
1.198976
1.1989737
1.1989716
1.1989695
1.1989677
1.1989659
1.1989643
1.1989628
1.1989615
1.1989603
1.1989591
1.1989581
1.1989572
1.1989564
1.1989557
1.198955
1.1989544
1.1989539
1.1989535
1.1989532
1.1989529
1.1989527
1.1989525
1.1989525
1.1989524
1.1989525
1.1989525
1.1989526
1.1989527
1.1989528
1.198953
1.1989532
1.1989534
1.1989536
1.1989539
1.1989541
1.1989544
1.1989546
1.1989548
1.198955
1.1989553
1.1989555
1.1989557
1.1989558
1.198956
1.1989561
1.1989562
1.1989563
1.1989563
1.1989563
1.1989563
1.1989562
1.1989561
1.1989561
1.1989559
1.1989554
1.198955
1.1989548
1.1989545
1.1989536
1.1989519
1.1989519
1.1989536
1.1989562
1.1989579
1.198958
1.1989573
1.198957
1.1989571
1.1989572
1.1989572
1.1989572
1.198957
1.198957
1.198957
1.199037
1.1990356
1.1990336
1.1990312
1.1990283
1.1990251
1.1990218
1.1990186
1.1990153
1.1990121
1.1990089
1.1990056
1.1990023
1.1989991
1.1989959
1.1989928
1.1989897
1.1989867
1.1989839
1.1989812
1.1989786
1.1989762
1.1989739
1.1989717
1.1989697
1.1989678
1.1989661
1.1989645
1.198963
1.1989616
1.1989604
1.1989593
1.1989582
1.1989573
1.1989565
1.1989558
1.1989551
1.1989545
1.198954
1.1989536
1.1989533
1.198953
1.1989528
1.1989526
1.1989525
1.1989525
1.1989525
1.1989526
1.1989526
1.1989527
1.1989529
1.1989531
1.1989533
1.1989535
1.1989537
1.1989539
1.1989541
1.1989544
1.1989546
1.1989548
1.1989551
1.1989553
1.1989555
1.1989557
1.1989559
1.198956
1.1989561
1.1989562
1.1989563
1.1989563
1.1989563
1.1989563
1.1989563
1.1989561
1.1989561
1.1989559
1.1989554
1.198955
1.1989548
1.1989545
1.1989537
1.1989521
1.1989521
1.1989538
1.1989564
1.1989581
1.1989582
1.1989574
1.1989571
1.1989572
1.1989573
1.1989574
1.1989573
1.1989572
1.1989571
1.1989571
1.1990343
1.1990331
1.1990313
1.1990291
1.1990265
1.1990236
1.1990206
1.1990175
1.1990144
1.1990113
1.1990082
1.1990051
1.1990019
1.1989988
1.1989957
1.1989926
1.1989896
1.1989867
1.1989839
1.1989813
1.1989787
1.1989763
1.198974
1.1989719
1.1989699
1.198968
1.1989662
1.1989646
1.1989631
1.1989618
1.1989605
1.1989594
1.1989584
1.1989575
1.1989566
1.1989559
1.1989552
1.1989547
1.1989542
1.1989537
1.1989534
1.1989531
1.1989529
1.1989527
1.1989526
1.1989526
1.1989526
1.1989526
1.1989527
1.1989528
1.1989529
1.1989531
1.1989533
1.1989535
1.1989537
1.1989539
1.1989542
1.1989544
1.1989547
1.1989549
1.1989551
1.1989553
1.1989555
1.1989557
1.1989559
1.198956
1.1989561
1.1989562
1.1989563
1.1989563
1.1989563
1.1989563
1.1989563
1.1989562
1.1989561
1.1989559
1.1989555
1.198955
1.1989548
1.1989546
1.1989537
1.1989521
1.1989522
1.1989538
1.1989563
1.1989579
1.198958
1.1989572
1.198957
1.198957
1.1989571
1.1989572
1.1989571
1.198957
1.1989569
1.1989569
1.1990318
1.1990306
1.199029
1.199027
1.1990247
1.1990221
1.1990193
1.1990164
1.1990135
1.1990105
1.1990075
1.1990045
1.1990015
1.1989984
1.1989954
1.1989924
1.1989895
1.1989867
1.198984
1.1989813
1.1989788
1.1989764
1.1989742
1.198972
1.19897
1.1989681
1.1989664
1.1989648
1.1989633
1.1989619
1.1989607
1.1989595
1.1989585
1.1989576
1.1989567
1.198956
1.1989554
1.1989548
1.1989543
1.1989538
1.1989535
1.1989532
1.1989529
1.1989528
1.1989527
1.1989527
1.1989527
1.1989527
1.1989528
1.1989529
1.198953
1.1989532
1.1989534
1.1989536
1.1989538
1.198954
1.1989542
1.1989545
1.1989547
1.1989549
1.1989551
1.1989553
1.1989555
1.1989557
1.1989559
1.198956
1.1989561
1.1989562
1.1989563
1.1989563
1.1989564
1.1989564
1.1989563
1.1989562
1.1989561
1.1989559
1.1989555
1.1989551
1.1989548
1.1989546
1.1989537
1.1989522
1.1989522
1.1989538
1.1989562
1.1989578
1.1989578
1.198957
1.1989568
1.1989568
1.198957
1.198957
1.1989569
1.1989568
1.1989567
1.1989567
1.1990292
1.1990282
1.1990268
1.199025
1.1990228
1.1990205
1.1990179
1.1990152
1.1990124
1.1990096
1.1990068
1.1990039
1.1990009
1.198998
1.1989951
1.1989922
1.1989894
1.1989866
1.1989839
1.1989814
1.1989789
1.1989765
1.1989743
1.1989722
1.1989702
1.1989683
1.1989666
1.1989649
1.1989634
1.198962
1.1989608
1.1989596
1.1989586
1.1989577
1.1989569
1.1989561
1.1989555
1.1989549
1.1989544
1.198954
1.1989536
1.1989533
1.198953
1.1989528
1.1989528
1.1989527
1.1989528
1.1989528
1.1989529
1.1989529
1.198953
1.1989532
1.1989534
1.1989536
1.1989538
1.198954
1.1989542
1.1989545
1.1989547
1.1989549
1.1989552
1.1989554
1.1989556
1.1989557
1.1989559
1.198956
1.1989562
1.1989563
1.1989563
1.1989564
1.1989564
1.1989564
1.1989563
1.1989562
1.1989561
1.1989559
1.1989555
1.1989551
1.1989549
1.1989546
1.1989538
1.1989522
1.1989522
1.1989538
1.1989561
1.1989577
1.1989576
1.1989569
1.1989566
1.1989567
1.1989568
1.1989568
1.1989567
1.1989566
1.1989566
1.1989566
1.1990267
1.1990258
1.1990245
1.1990229
1.1990209
1.1990188
1.1990164
1.1990139
1.1990113
1.1990086
1.1990059
1.1990031
1.1990003
1.1989975
1.1989947
1.1989919
1.1989892
1.1989865
1.1989839
1.1989814
1.1989789
1.1989766
1.1989744
1.1989723
1.1989703
1.1989685
1.1989667
1.1989651
1.1989636
1.1989622
1.1989609
1.1989598
1.1989587
1.1989578
1.198957
1.1989563
1.1989556
1.198955
1.1989545
1.1989541
1.1989537
1.1989534
1.1989531
1.1989529
1.1989528
1.1989528
1.1989528
1.1989529
1.1989529
1.198953
1.1989531
1.1989533
1.1989534
1.1989537
1.1989539
1.1989541
1.1989543
1.1989545
1.1989548
1.198955
1.1989552
1.1989554
1.1989556
1.1989558
1.1989559
1.1989561
1.1989562
1.1989563
1.1989563
1.1989564
1.1989564
1.1989564
1.1989563
1.1989562
1.1989561
1.1989559
1.1989555
1.1989551
1.1989549
1.1989546
1.1989538
1.1989523
1.1989523
1.1989538
1.198956
1.1989576
1.1989575
1.1989568
1.1989565
1.1989566
1.1989567
1.1989567
1.1989566
1.1989565
1.1989565
1.1989565
1.1990243
1.1990234
1.1990222
1.1990207
1.199019
1.199017
1.1990148
1.1990125
1.1990101
1.1990076
1.199005
1.1990024
1.1989997
1.198997
1.1989943
1.1989916
1.198989
1.1989863
1.1989838
1.1989813
1.198979
1.1989767
1.1989745
1.1989724
1.1989705
1.1989686
1.1989669
1.1989652
1.1989637
1.1989623
1.1989611
1.1989599
1.1989588
1.1989579
1.1989571
1.1989564
1.1989557
1.1989552
1.1989546
1.1989542
1.1989538
1.1989535
1.1989532
1.198953
1.1989529
1.1989529
1.1989529
1.1989529
1.198953
1.1989531
1.1989532
1.1989533
1.1989535
1.1989537
1.1989539
1.1989541
1.1989543
1.1989546
1.1989548
1.198955
1.1989552
1.1989554
1.1989556
1.1989558
1.198956
1.1989561
1.1989562
1.1989563
1.1989564
1.1989564
1.1989564
1.1989564
1.1989563
1.1989562
1.1989562
1.198956
1.1989556
1.1989551
1.1989549
1.1989547
1.1989539
1.1989524
1.1989524
1.1989538
1.1989559
1.1989575
1.1989574
1.1989567
1.1989565
1.1989565
1.1989566
1.1989566
1.1989566
1.1989565
1.1989564
1.1989564
1.1990219
1.199021
1.19902
1.1990187
1.1990171
1.1990153
1.1990133
1.1990112
1.1990089
1.1990066
1.1990041
1.1990016
1.198999
1.1989965
1.1989939
1.1989913
1.1989887
1.1989861
1.1989837
1.1989812
1.1989789
1.1989767
1.1989745
1.1989725
1.1989705
1.1989687
1.198967
1.1989654
1.1989639
1.1989625
1.1989612
1.1989601
1.198959
1.1989581
1.1989572
1.1989565
1.1989558
1.1989553
1.1989547
1.1989543
1.1989539
1.1989536
1.1989533
1.1989531
1.198953
1.198953
1.198953
1.198953
1.1989531
1.1989532
1.1989532
1.1989534
1.1989535
1.1989537
1.198954
1.1989542
1.1989544
1.1989546
1.1989548
1.198955
1.1989552
1.1989554
1.1989556
1.1989558
1.198956
1.1989561
1.1989562
1.1989563
1.1989564
1.1989564
1.1989564
1.1989564
1.1989563
1.1989562
1.1989562
1.198956
1.1989556
1.1989552
1.198955
1.1989547
1.1989539
1.1989524
1.1989524
1.1989538
1.1989559
1.1989574
1.1989574
1.1989567
1.1989564
1.1989565
1.1989566
1.1989566
1.1989565
1.1989564
1.1989564
1.1989564
1.1990195
1.1990187
1.1990178
1.1990166
1.1990152
1.1990135
1.1990117
1.1990097
1.1990076
1.1990054
1.1990031
1.1990008
1.1989983
1.1989958
1.1989933
1.1989908
1.1989884
1.1989859
1.1989835
1.1989811
1.1989788
1.1989766
1.1989745
1.1989725
1.1989706
1.1989688
1.1989671
1.1989655
1.198964
1.1989626
1.1989614
1.1989602
1.1989592
1.1989582
1.1989574
1.1989566
1.1989559
1.1989553
1.1989548
1.1989544
1.198954
1.1989537
1.1989534
1.1989532
1.1989531
1.1989531
1.1989531
1.1989531
1.1989531
1.1989532
1.1989533
1.1989534
1.1989536
1.1989538
1.198954
1.1989542
1.1989544
1.1989546
1.1989549
1.1989551
1.1989553
1.1989555
1.1989557
1.1989558
1.198956
1.1989561
1.1989562
1.1989563
1.1989564
1.1989564
1.1989564
1.1989564
1.1989564
1.1989563
1.1989562
1.198956
1.1989556
1.1989552
1.198955
1.1989548
1.198954
1.1989525
1.1989525
1.1989538
1.1989559
1.1989573
1.1989573
1.1989566
1.1989564
1.1989564
1.1989565
1.1989565
1.1989565
1.1989564
1.1989563
1.1989563
1.1990171
1.1990164
1.1990156
1.1990145
1.1990132
1.1990117
1.19901
1.1990082
1.1990063
1.1990042
1.1990021
1.1989998
1.1989975
1.1989952
1.1989928
1.1989904
1.198988
1.1989856
1.1989833
1.198981
1.1989788
1.1989766
1.1989745
1.1989726
1.1989707
1.1989689
1.1989672
1.1989656
1.1989641
1.1989628
1.1989615
1.1989604
1.1989593
1.1989583
1.1989575
1.1989567
1.1989561
1.1989555
1.1989549
1.1989545
1.1989541
1.1989538
1.1989535
1.1989534
1.1989532
1.1989532
1.1989532
1.1989532
1.1989532
1.1989533
1.1989534
1.1989535
1.1989537
1.1989539
1.1989541
1.1989543
1.1989545
1.1989547
1.1989549
1.1989551
1.1989553
1.1989555
1.1989557
1.1989559
1.198956
1.1989561
1.1989562
1.1989563
1.1989564
1.1989564
1.1989565
1.1989564
1.1989564
1.1989563
1.1989562
1.198956
1.1989556
1.1989553
1.198955
1.1989548
1.1989541
1.1989526
1.1989526
1.1989539
1.1989559
1.1989573
1.1989573
1.1989566
1.1989564
1.1989564
1.1989565
1.1989565
1.1989564
1.1989563
1.1989563
1.1989563
1.1990147
1.1990141
1.1990133
1.1990123
1.1990112
1.1990098
1.1990083
1.1990067
1.1990049
1.1990029
1.1990009
1.1989988
1.1989967
1.1989944
1.1989922
1.1989899
1.1989876
1.1989853
1.198983
1.1989808
1.1989786
1.1989765
1.1989745
1.1989726
1.1989707
1.198969
1.1989673
1.1989657
1.1989643
1.1989629
1.1989616
1.1989605
1.1989594
1.1989585
1.1989576
1.1989569
1.1989562
1.1989556
1.1989551
1.1989546
1.1989542
1.1989539
1.1989536
1.1989535
1.1989533
1.1989533
1.1989532
1.1989532
1.1989533
1.1989534
1.1989534
1.1989536
1.1989537
1.1989539
1.1989541
1.1989543
1.1989545
1.1989547
1.1989549
1.1989551
1.1989553
1.1989555
1.1989557
1.1989559
1.1989561
1.1989561
1.1989562
1.1989563
1.1989564
1.1989565
1.1989565
1.1989564
1.1989564
1.1989563
1.1989562
1.198956
1.1989557
1.1989553
1.1989551
1.1989548
1.1989541
1.1989527
1.1989527
1.1989539
1.1989558
1.1989572
1.1989572
1.1989566
1.1989563
1.1989564
1.1989565
1.1989565
1.1989564
1.1989563
1.1989563
1.1989563
1.1990124
1.1990118
1.1990111
1.1990102
1.1990091
1.1990079
1.1990066
1.199005
1.1990034
1.1990016
1.1989997
1.1989978
1.1989957
1.1989936
1.1989915
1.1989893
1.1989871
1.1989849
1.1989827
1.1989806
1.1989785
1.1989764
1.1989745
1.1989726
1.1989707
1.198969
1.1989674
1.1989658
1.1989644
1.198963
1.1989618
1.1989606
1.1989596
1.1989586
1.1989578
1.198957
1.1989563
1.1989557
1.1989552
1.1989547
1.1989543
1.198954
1.1989537
1.1989536
1.1989534
1.1989533
1.1989533
1.1989533
1.1989534
1.1989534
1.1989535
1.1989536
1.1989538
1.198954
1.1989542
1.1989544
1.1989546
1.1989548
1.198955
1.1989552
1.1989554
1.1989556
1.1989558
1.1989559
1.1989561
1.1989562
1.1989563
1.1989564
1.1989564
1.1989565
1.1989565
1.1989565
1.1989564
1.1989563
1.1989562
1.198956
1.1989557
1.1989553
1.1989551
1.1989549
1.1989542
1.1989528
1.1989528
1.198954
1.1989558
1.1989572
1.1989572
1.1989566
1.1989563
1.1989564
1.1989565
1.1989565
1.1989564
1.1989563
1.1989563
1.1989563
1.1990101
1.1990095
1.1990089
1.1990081
1.1990071
1.199006
1.1990048
1.1990034
1.1990019
1.1990002
1.1989985
1.1989966
1.1989947
1.1989927
1.1989907
1.1989887
1.1989866
1.1989845
1.1989824
1.1989803
1.1989783
1.1989763
1.1989744
1.1989725
1.1989707
1.198969
1.1989674
1.1989659
1.1989645
1.1989631
1.1989619
1.1989607
1.1989597
1.1989587
1.1989579
1.1989571
1.1989565
1.1989559
1.1989553
1.1989549
1.1989545
1.1989541
1.1989539
1.1989537
1.1989535
1.1989534
1.1989534
1.1989534
1.1989535
1.1989535
1.1989536
1.1989537
1.1989539
1.1989541
1.1989543
1.1989544
1.1989546
1.1989548
1.198955
1.1989552
1.1989554
1.1989556
1.1989558
1.198956
1.1989561
1.1989562
1.1989563
1.1989564
1.1989565
1.1989565
1.1989565
1.1989565
1.1989564
1.1989563
1.1989562
1.198956
1.1989557
1.1989554
1.1989552
1.1989549
1.1989542
1.1989529
1.1989529
1.198954
1.1989558
1.1989572
1.1989571
1.1989566
1.1989563
1.1989564
1.1989565
1.1989565
1.1989564
1.1989563
1.1989563
1.1989563
1.1990077
1.1990073
1.1990067
1.1990059
1.1990051
1.1990041
1.1990029
1.1990017
1.1990003
1.1989988
1.1989972
1.1989955
1.1989937
1.1989918
1.1989899
1.198988
1.198986
1.198984
1.198982
1.19898
1.198978
1.1989761
1.1989743
1.1989724
1.1989707
1.198969
1.1989674
1.1989659
1.1989645
1.1989632
1.198962
1.1989608
1.1989598
1.1989589
1.198958
1.1989573
1.1989566
1.198956
1.1989555
1.198955
1.1989546
1.1989543
1.198954
1.1989538
1.1989536
1.1989535
1.1989535
1.1989535
1.1989536
1.1989536
1.1989537
1.1989538
1.198954
1.1989541
1.1989543
1.1989545
1.1989547
1.1989549
1.1989551
1.1989553
1.1989555
1.1989556
1.1989558
1.198956
1.1989561
1.1989562
1.1989563
1.1989564
1.1989565
1.1989565
1.1989565
1.1989565
1.1989564
1.1989563
1.1989563
1.1989561
1.1989557
1.1989554
1.1989552
1.198955
1.1989543
1.198953
1.198953
1.1989541
1.1989558
1.1989571
1.1989571
1.1989565
1.1989563
1.1989564
1.1989565
1.1989565
1.1989564
1.1989563
1.1989563
1.1989563
1.1990055
1.199005
1.1990045
1.1990038
1.199003
1.1990021
1.1990011
1.1989999
1.1989987
1.1989973
1.1989958
1.1989942
1.1989926
1.1989908
1.198989
1.1989872
1.1989853
1.1989834
1.1989815
1.1989796
1.1989777
1.1989759
1.1989741
1.1989723
1.1989706
1.198969
1.1989674
1.198966
1.1989646
1.1989633
1.1989621
1.198961
1.1989599
1.198959
1.1989582
1.1989574
1.1989567
1.1989561
1.1989556
1.1989551
1.1989547
1.1989544
1.1989541
1.1989539
1.1989538
1.1989537
1.1989537
1.1989536
1.1989537
1.1989537
1.1989538
1.1989539
1.198954
1.1989542
1.1989544
1.1989546
1.1989547
1.1989549
1.1989551
1.1989553
1.1989555
1.1989557
1.1989558
1.198956
1.1989561
1.1989562
1.1989564
1.1989564
1.1989565
1.1989565
1.1989565
1.1989565
1.1989564
1.1989564
1.1989563
1.1989561
1.1989558
1.1989555
1.1989552
1.198955
1.1989544
1.1989531
1.1989531
1.1989542
1.1989558
1.1989571
1.1989571
1.1989565
1.1989564
1.1989564
1.1989565
1.1989565
1.1989564
1.1989563
1.1989563
1.1989563
1.1990032
1.1990028
1.1990023
1.1990017
1.199001
1.1990002
1.1989993
1.1989982
1.198997
1.1989958
1.1989944
1.198993
1.1989914
1.1989898
1.1989881
1.1989864
1.1989846
1.1989828
1.198981
1.1989792
1.1989773
1.1989756
1.1989738
1.1989721
1.1989705
1.1989689
1.1989674
1.198966
1.1989646
1.1989633
1.1989622
1.1989611
1.1989601
1.1989591
1.1989583
1.1989575
1.1989568
1.1989562
1.1989557
1.1989552
1.1989548
1.1989545
1.1989542
1.198954
1.1989539
1.1989538
1.1989538
1.1989537
1.1989537
1.1989538
1.1989539
1.198954
1.1989541
1.1989543
1.1989545
1.1989546
1.1989548
1.198955
1.1989552
1.1989554
1.1989555
1.1989557
1.1989559
1.198956
1.1989561
1.1989563
1.1989564
1.1989564
1.1989565
1.1989565
1.1989565
1.1989565
1.1989565
1.1989564
1.1989563
1.1989561
1.1989558
1.1989555
1.1989553
1.1989551
1.1989545
1.1989532
1.1989532
1.1989542
1.1989558
1.198957
1.1989571
1.1989565
1.1989564
1.1989564
1.1989565
1.1989565
1.1989564
1.1989563
1.1989563
1.1989563
1.199001
1.1990006
1.1990001
1.1989996
1.1989989
1.1989982
1.1989974
1.1989964
1.1989953
1.1989942
1.1989929
1.1989916
1.1989902
1.1989887
1.1989871
1.1989855
1.1989838
1.1989821
1.1989804
1.1989787
1.1989769
1.1989752
1.1989736
1.1989719
1.1989703
1.1989688
1.1989673
1.1989659
1.1989646
1.1989634
1.1989622
1.1989612
1.1989602
1.1989592
1.1989584
1.1989576
1.198957
1.1989563
1.1989558
1.1989553
1.1989549
1.1989546
1.1989544
1.1989542
1.198954
1.1989539
1.1989539
1.1989538
1.1989538
1.1989539
1.198954
1.1989541
1.1989542
1.1989544
1.1989545
1.1989547
1.1989549
1.198955
1.1989552
1.1989554
1.1989556
1.1989557
1.1989559
1.198956
1.1989562
1.1989563
1.1989564
1.1989565
1.1989565
1.1989565
1.1989565
1.1989565
1.1989565
1.1989564
1.1989563
1.1989561
1.1989558
1.1989555
1.1989553
1.1989551
1.1989545
1.1989534
1.1989533
1.1989543
1.1989558
1.198957
1.198957
1.1989565
1.1989564
1.1989564
1.1989565
1.1989565
1.1989564
1.1989563
1.1989563
1.1989563
1.1989987
1.1989984
1.198998
1.1989975
1.1989969
1.1989962
1.1989954
1.1989946
1.1989936
1.1989925
1.1989914
1.1989902
1.1989888
1.1989875
1.198986
1.1989845
1.1989829
1.1989813
1.1989797
1.1989781
1.1989765
1.1989748
1.1989732
1.1989717
1.1989701
1.1989687
1.1989673
1.1989659
1.1989646
1.1989634
1.1989623
1.1989612
1.1989602
1.1989593
1.1989585
1.1989577
1.1989571
1.1989564
1.1989559
1.1989554
1.1989551
1.1989547
1.1989545
1.1989543
1.1989541
1.1989541
1.198954
1.1989539
1.1989539
1.198954
1.1989541
1.1989542
1.1989543
1.1989545
1.1989546
1.1989547
1.1989549
1.1989551
1.1989553
1.1989555
1.1989556
1.1989558
1.1989559
1.1989561
1.1989562
1.1989563
1.1989564
1.1989565
1.1989565
1.1989565
1.1989565
1.1989565
1.1989565
1.1989564
1.1989563
1.1989561
1.1989559
1.1989556
1.1989554
1.1989552
1.1989546
1.1989535
1.1989534
1.1989544
1.1989558
1.198957
1.198957
1.1989565
1.1989564
1.1989564
1.1989565
1.1989565
1.1989564
1.1989563
1.1989563
1.1989563
1.1989964
1.1989961
1.1989958
1.1989953
1.1989948
1.1989942
1.1989935
1.1989927
1.1989918
1.1989909
1.1989898
1.1989887
1.1989875
1.1989862
1.1989848
1.1989834
1.198982
1.1989805
1.198979
1.1989775
1.1989759
1.1989744
1.1989729
1.1989714
1.1989699
1.1989685
1.1989671
1.1989658
1.1989646
1.1989634
1.1989623
1.1989613
1.1989603
1.1989594
1.1989586
1.1989578
1.1989572
1.1989566
1.198956
1.1989556
1.1989552
1.1989549
1.1989546
1.1989544
1.1989543
1.1989542
1.1989541
1.1989541
1.198954
1.1989541
1.1989542
1.1989543
1.1989544
1.1989545
1.1989547
1.1989548
1.198955
1.1989552
1.1989553
1.1989555
1.1989557
1.1989558
1.198956
1.1989561
1.1989562
1.1989563
1.1989564
1.1989565
1.1989565
1.1989565
1.1989565
1.1989565
1.1989565
1.1989564
1.1989563
1.1989562
1.1989559
1.1989556
1.1989554
1.1989552
1.1989547
1.1989536
1.1989536
1.1989545
1.1989558
1.1989569
1.198957
1.1989565
1.1989564
1.1989564
1.1989565
1.1989565
1.1989564
1.1989563
1.1989563
1.1989563
1.1989942
1.1989939
1.1989936
1.1989932
1.1989927
1.1989921
1.1989915
1.1989908
1.19899
1.1989891
1.1989882
1.1989872
1.1989861
1.1989849
1.1989836
1.1989823
1.198981
1.1989796
1.1989782
1.1989768
1.1989753
1.1989739
1.1989724
1.198971
1.1989696
1.1989683
1.198967
1.1989657
1.1989645
1.1989634
1.1989623
1.1989613
1.1989603
1.1989595
1.1989587
1.1989579
1.1989573
1.1989567
1.1989561
1.1989557
1.1989553
1.198955
1.1989547
1.1989546
1.1989544
1.1989543
1.1989542
1.1989542
1.1989542
1.1989542
1.1989543
1.1989544
1.1989545
1.1989546
1.1989548
1.1989549
1.1989551
1.1989552
1.1989554
1.1989556
1.1989557
1.1989558
1.198956
1.1989561
1.1989562
1.1989563
1.1989564
1.1989565
1.1989565
1.1989565
1.1989566
1.1989565
1.1989565
1.1989564
1.1989563
1.1989562
1.1989559
1.1989557
1.1989555
1.1989553
1.1989548
1.1989537
1.1989537
1.1989545
1.1989558
1.1989569
1.1989569
1.1989565
1.1989564
1.1989564
1.1989565
1.1989565
1.1989564
1.1989563
1.1989563
1.1989563
1.1989919
1.1989917
1.1989914
1.198991
1.1989906
1.1989901
1.1989895
1.1989889
1.1989882
1.1989874
1.1989865
1.1989856
1.1989846
1.1989835
1.1989824
1.1989812
1.1989799
1.1989787
1.1989774
1.198976
1.1989747
1.1989733
1.1989719
1.1989706
1.1989693
1.198968
1.1989667
1.1989655
1.1989644
1.1989633
1.1989622
1.1989613
1.1989603
1.1989595
1.1989587
1.198958
1.1989574
1.1989568
1.1989563
1.1989558
1.1989554
1.1989551
1.1989549
1.1989547
1.1989545
1.1989544
1.1989544
1.1989543
1.1989543
1.1989543
1.1989544
1.1989545
1.1989546
1.1989547
1.1989548
1.198955
1.1989551
1.1989553
1.1989554
1.1989556
1.1989558
1.1989559
1.198956
1.1989561
1.1989563
1.1989564
1.1989564
1.1989565
1.1989565
1.1989566
1.1989566
1.1989566
1.1989565
1.1989564
1.1989564
1.1989562
1.198956
1.1989557
1.1989555
1.1989553
1.1989549
1.1989539
1.1989538
1.1989546
1.1989559
1.1989568
1.1989569
1.1989565
1.1989564
1.1989564
1.1989565
1.1989565
1.1989564
1.1989563
1.1989563
1.1989563
1.1989897
1.1989894
1.1989892
1.1989888
1.1989884
1.198988
1.1989875
1.1989869
1.1989863
1.1989856
1.1989848
1.198984
1.198983
1.1989821
1.198981
1.19898
1.1989788
1.1989776
1.1989764
1.1989752
1.1989739
1.1989727
1.1989714
1.1989701
1.1989689
1.1989676
1.1989665
1.1989653
1.1989642
1.1989631
1.1989621
1.1989612
1.1989603
1.1989595
1.1989588
1.1989581
1.1989574
1.1989569
1.1989564
1.1989559
1.1989556
1.1989552
1.198955
1.1989548
1.1989547
1.1989545
1.1989545
1.1989544
1.1989544
1.1989544
1.1989545
1.1989546
1.1989547
1.1989548
1.1989549
1.1989551
1.1989552
1.1989553
1.1989555
1.1989557
1.1989558
1.1989559
1.1989561
1.1989562
1.1989563
1.1989564
1.1989565
1.1989565
1.1989566
1.1989566
1.1989566
1.1989566
1.1989565
1.1989565
1.1989564
1.1989562
1.198956
1.1989558
1.1989556
1.1989554
1.1989549
1.198954
1.198954
1.1989547
1.1989559
1.1989568
1.1989568
1.1989565
1.1989564
1.1989564
1.1989565
1.1989565
1.1989564
1.1989563
1.1989563
1.1989563
1.1989874
1.1989872
1.1989869
1.1989866
1.1989863
1.1989859
1.1989854
1.1989849
1.1989844
1.1989837
1.198983
1.1989823
1.1989815
1.1989806
1.1989797
1.1989787
1.1989776
1.1989766
1.1989754
1.1989743
1.1989731
1.198972
1.1989708
1.1989696
1.1989684
1.1989673
1.1989661
1.198965
1.198964
1.198963
1.198962
1.1989611
1.1989603
1.1989595
1.1989588
1.1989581
1.1989575
1.1989569
1.1989565
1.198956
1.1989557
1.1989554
1.1989551
1.1989549
1.1989548
1.1989547
1.1989546
1.1989545
1.1989545
1.1989546
1.1989546
1.1989547
1.1989548
1.1989549
1.198955
1.1989551
1.1989553
1.1989554
1.1989555
1.1989557
1.1989558
1.198956
1.1989561
1.1989562
1.1989563
1.1989564
1.1989565
1.1989565
1.1989566
1.1989566
1.1989566
1.1989566
1.1989565
1.1989565
1.1989564
1.1989562
1.198956
1.1989558
1.1989556
1.1989555
1.198955
1.1989541
1.1989541
1.1989548
1.1989559
1.1989568
1.1989568
1.1989565
1.1989564
1.1989564
1.1989565
1.1989565
1.1989564
1.1989563
1.1989563
1.1989563
1.1989851
1.1989849
1.1989847
1.1989844
1.1989841
1.1989838
1.1989834
1.1989829
1.1989824
1.1989818
1.1989812
1.1989806
1.1989798
1.198979
1.1989782
1.1989773
1.1989764
1.1989754
1.1989744
1.1989733
1.1989723
1.1989712
1.1989701
1.198969
1.1989679
1.1989668
1.1989657
1.1989647
1.1989637
1.1989628
1.1989619
1.198961
1.1989602
1.1989594
1.1989588
1.1989581
1.1989575
1.198957
1.1989565
1.1989561
1.1989558
1.1989555
1.1989552
1.1989551
1.1989549
1.1989548
1.1989547
1.1989547
1.1989547
1.1989547
1.1989547
1.1989548
1.1989549
1.198955
1.1989551
1.1989552
1.1989553
1.1989555
1.1989556
1.1989557
1.1989559
1.198956
1.1989561
1.1989562
1.1989563
1.1989564
1.1989565
1.1989565
1.1989566
1.1989566
1.1989566
1.1989566
1.1989565
1.1989565
1.1989564
1.1989563
1.1989561
1.1989559
1.1989557
1.1989555
1.1989551
1.1989543
1.1989542
1.1989549
1.1989559
1.1989567
1.1989568
1.1989565
1.1989564
1.1989564
1.1989565
1.1989564
1.1989564
1.1989563
1.1989563
1.1989563
1.1989828
1.1989827
1.1989824
1.1989822
1.1989819
1.1989816
1.1989813
1.1989809
1.1989804
1.1989799
1.1989794
1.1989788
1.1989781
1.1989774
1.1989767
1.1989759
1.198975
1.1989742
1.1989732
1.1989723
1.1989713
1.1989703
1.1989693
1.1989683
1.1989673
1.1989663
1.1989653
1.1989643
1.1989634
1.1989625
1.1989617
1.1989608
1.1989601
1.1989594
1.1989587
1.1989581
1.1989576
1.1989571
1.1989566
1.1989562
1.1989559
1.1989556
1.1989554
1.1989552
1.198955
1.1989549
1.1989549
1.1989548
1.1989548
1.1989548
1.1989549
1.1989549
1.198955
1.1989551
1.1989552
1.1989553
1.1989554
1.1989555
1.1989557
1.1989558
1.1989559
1.198956
1.1989562
1.1989563
1.1989563
1.1989564
1.1989565
1.1989565
1.1989566
1.1989566
1.1989566
1.1989566
1.1989565
1.1989565
1.1989564
1.1989563
1.1989561
1.1989559
1.1989557
1.1989556
1.1989552
1.1989544
1.1989544
1.198955
1.1989559
1.1989567
1.1989567
1.1989565
1.1989564
1.1989564
1.1989565
1.1989564
1.1989564
1.1989563
1.1989563
1.1989563
1.1989805
1.1989804
1.1989802
1.19898
1.1989797
1.1989795
1.1989791
1.1989788
1.1989784
1.1989779
1.1989775
1.1989769
1.1989764
1.1989757
1.1989751
1.1989744
1.1989736
1.1989728
1.198972
1.1989712
1.1989703
1.1989694
1.1989685
1.1989675
1.1989666
1.1989657
1.1989648
1.1989639
1.198963
1.1989622
1.1989614
1.1989606
1.1989599
1.1989593
1.1989587
1.1989581
1.1989576
1.1989571
1.1989567
1.1989563
1.198956
1.1989557
1.1989555
1.1989553
1.1989552
1.1989551
1.198955
1.1989549
1.1989549
1.1989549
1.198955
1.198955
1.1989551
1.1989552
1.1989553
1.1989554
1.1989555
1.1989556
1.1989557
1.1989559
1.198956
1.1989561
1.1989562
1.1989563
1.1989564
1.1989564
1.1989565
1.1989565
1.1989566
1.1989566
1.1989566
1.1989566
1.1989565
1.1989565
1.1989564
1.1989563
1.1989561
1.198956
1.1989558
1.1989557
1.1989553
1.1989546
1.1989546
1.1989551
1.1989559
1.1989566
1.1989567
1.1989565
1.1989564
1.1989564
1.1989564
1.1989564
1.1989564
1.1989563
1.1989563
1.1989563
1.1989782
1.1989781
1.1989779
1.1989777
1.1989775
1.1989773
1.198977
1.1989767
1.1989763
1.1989759
1.1989755
1.1989751
1.1989746
1.198974
1.1989734
1.1989728
1.1989721
1.1989714
1.1989707
1.19897
1.1989692
1.1989684
1.1989675
1.1989667
1.1989659
1.198965
1.1989642
1.1989634
1.1989626
1.1989618
1.1989611
1.1989604
1.1989598
1.1989591
1.1989586
1.198958
1.1989575
1.1989571
1.1989567
1.1989564
1.1989561
1.1989558
1.1989556
1.1989554
1.1989553
1.1989552
1.1989551
1.1989551
1.1989551
1.1989551
1.1989551
1.1989552
1.1989552
1.1989553
1.1989554
1.1989555
1.1989556
1.1989557
1.1989558
1.1989559
1.198956
1.1989561
1.1989562
1.1989563
1.1989564
1.1989564
1.1989565
1.1989565
1.1989566
1.1989566
1.1989566
1.1989566
1.1989565
1.1989565
1.1989564
1.1989563
1.1989561
1.198956
1.1989559
1.1989557
1.1989554
1.1989548
1.1989547
1.1989552
1.198956
1.1989566
1.1989567
1.1989565
1.1989564
1.1989564
1.1989564
1.1989564
1.1989564
1.1989563
1.1989563
1.1989563
1.1989758
1.1989757
1.1989756
1.1989754
1.1989752
1.198975
1.1989748
1.1989745
1.1989742
1.1989739
1.1989735
1.1989731
1.1989727
1.1989722
1.1989717
1.1989712
1.1989706
1.19897
1.1989693
1.1989687
1.198968
1.1989673
1.1989665
1.1989658
1.1989651
1.1989643
1.1989636
1.1989628
1.1989621
1.1989614
1.1989608
1.1989601
1.1989595
1.198959
1.1989584
1.1989579
1.1989575
1.1989571
1.1989567
1.1989564
1.1989561
1.1989559
1.1989557
1.1989555
1.1989554
1.1989553
1.1989553
1.1989552
1.1989552
1.1989552
1.1989552
1.1989553
1.1989553
1.1989554
1.1989555
1.1989556
1.1989557
1.1989558
1.1989559
1.198956
1.198956
1.1989561
1.1989562
1.1989563
1.1989564
1.1989564
1.1989565
1.1989565
1.1989565
1.1989566
1.1989566
1.1989565
1.1989565
1.1989565
1.1989564
1.1989563
1.1989562
1.198956
1.1989559
1.1989558
1.1989555
1.1989549
1.1989549
1.1989553
1.198956
1.1989566
1.1989566
1.1989564
1.1989564
1.1989564
1.1989564
1.1989564
1.1989564
1.1989563
1.1989563
1.1989563
1.1989735
1.1989734
1.1989732
1.1989731
1.1989729
1.1989728
1.1989726
1.1989723
1.1989721
1.1989718
1.1989715
1.1989711
1.1989708
1.1989704
1.1989699
1.1989695
1.198969
1.1989684
1.1989679
1.1989673
1.1989667
1.1989661
1.1989655
1.1989648
1.1989642
1.1989635
1.1989628
1.1989622
1.1989616
1.198961
1.1989604
1.1989598
1.1989592
1.1989587
1.1989583
1.1989578
1.1989574
1.1989571
1.1989567
1.1989564
1.1989562
1.198956
1.1989558
1.1989556
1.1989555
1.1989555
1.1989554
1.1989554
1.1989553
1.1989553
1.1989554
1.1989554
1.1989554
1.1989555
1.1989556
1.1989557
1.1989557
1.1989558
1.1989559
1.198956
1.1989561
1.1989562
1.1989562
1.1989563
1.1989564
1.1989564
1.1989565
1.1989565
1.1989565
1.1989565
1.1989565
1.1989565
1.1989565
1.1989565
1.1989564
1.1989563
1.1989562
1.1989561
1.198956
1.1989559
1.1989556
1.1989551
1.198955
1.1989554
1.198956
1.1989565
1.1989566
1.1989564
1.1989564
1.1989564
1.1989564
1.1989564
1.1989564
1.1989563
1.1989563
1.1989563
1.198971
1.1989709
1.1989708
1.1989707
1.1989706
1.1989704
1.1989703
1.1989701
1.1989699
1.1989696
1.1989694
1.1989691
1.1989688
1.1989684
1.1989681
1.1989677
1.1989673
1.1989668
1.1989664
1.1989659
1.1989654
1.1989648
1.1989643
1.1989637
1.1989632
1.1989626
1.198962
1.1989615
1.1989609
1.1989604
1.1989599
1.1989594
1.1989589
1.1989585
1.1989581
1.1989577
1.1989573
1.198957
1.1989567
1.1989565
1.1989562
1.198956
1.1989559
1.1989558
1.1989557
1.1989556
1.1989555
1.1989555
1.1989555
1.1989555
1.1989555
1.1989555
1.1989556
1.1989556
1.1989557
1.1989558
1.1989558
1.1989559
1.198956
1.1989561
1.1989561
1.1989562
1.1989563
1.1989563
1.1989564
1.1989564
1.1989565
1.1989565
1.1989565
1.1989565
1.1989565
1.1989565
1.1989565
1.1989565
1.1989564
1.1989563
1.1989562
1.1989561
1.198956
1.1989559
1.1989557
1.1989553
1.1989552
1.1989555
1.198956
1.1989565
1.1989565
1.1989564
1.1989564
1.1989564
1.1989564
1.1989564
1.1989563
1.1989563
1.1989563
1.1989563
1.1989685
1.1989685
1.1989684
1.1989683
1.1989682
1.1989681
1.1989679
1.1989678
1.1989676
1.1989674
1.1989672
1.198967
1.1989667
1.1989664
1.1989661
1.1989658
1.1989655
1.1989651
1.1989647
1.1989643
1.1989639
1.1989635
1.198963
1.1989626
1.1989621
1.1989616
1.1989612
1.1989607
1.1989603
1.1989598
1.1989594
1.1989589
1.1989586
1.1989582
1.1989578
1.1989575
1.1989572
1.1989569
1.1989567
1.1989565
1.1989563
1.1989561
1.198956
1.1989559
1.1989558
1.1989557
1.1989557
1.1989556
1.1989556
1.1989556
1.1989556
1.1989557
1.1989557
1.1989557
1.1989558
1.1989559
1.1989559
1.198956
1.198956
1.1989561
1.1989562
1.1989562
1.1989563
1.1989563
1.1989564
1.1989564
1.1989564
1.1989565
1.1989565
1.1989565
1.1989565
1.1989565
1.1989565
1.1989564
1.1989564
1.1989563
1.1989562
1.1989562
1.1989561
1.198956
1.1989558
1.1989554
1.1989554
1.1989557
1.1989561
1.1989565
1.1989565
1.1989564
1.1989564
1.1989564
1.1989564
1.1989564
1.1989563
1.1989563
1.1989563
1.1989563
1.198966
1.1989659
1.1989659
1.1989658
1.1989657
1.1989656
1.1989655
1.1989654
1.1989653
1.1989651
1.1989649
1.1989648
1.1989646
1.1989644
1.1989641
1.1989639
1.1989636
1.1989633
1.198963
1.1989627
1.1989624
1.198962
1.1989617
1.1989613
1.198961
1.1989606
1.1989602
1.1989599
1.1989595
1.1989591
1.1989588
1.1989585
1.1989581
1.1989578
1.1989576
1.1989573
1.1989571
1.1989568
1.1989566
1.1989565
1.1989563
1.1989562
1.1989561
1.198956
1.1989559
1.1989558
1.1989558
1.1989558
1.1989558
1.1989558
1.1989558
1.1989558
1.1989558
1.1989559
1.1989559
1.198956
1.198956
1.1989561
1.1989561
1.1989561
1.1989562
1.1989562
1.1989563
1.1989563
1.1989564
1.1989564
1.1989564
1.1989565
1.1989565
1.1989565
1.1989565
1.1989565
1.1989565
1.1989564
1.1989564
1.1989563
1.1989563
1.1989562
1.1989561
1.1989561
1.1989559
1.1989556
1.1989556
1.1989558
1.1989561
1.1989564
1.1989565
1.1989564
1.1989563
1.1989564
1.1989564
1.1989564
1.1989563
1.1989563
1.1989563
1.1989563
1.1989634
1.1989633
1.1989633
1.1989632
1.1989632
1.1989631
1.198963
1.1989629
1.1989628
1.1989627
1.1989626
1.1989625
1.1989623
1.1989622
1.198962
1.1989618
1.1989616
1.1989614
1.1989612
1.198961
1.1989608
1.1989605
1.1989603
1.19896
1.1989597
1.1989595
1.1989592
1.1989589
1.1989587
1.1989584
1.1989581
1.1989579
1.1989577
1.1989574
1.1989572
1.198957
1.1989569
1.1989567
1.1989566
1.1989564
1.1989563
1.1989562
1.1989561
1.1989561
1.198956
1.198956
1.1989559
1.1989559
1.1989559
1.1989559
1.1989559
1.1989559
1.198956
1.198956
1.198956
1.1989561
1.1989561
1.1989561
1.1989562
1.1989562
1.1989562
1.1989563
1.1989563
1.1989563
1.1989564
1.1989564
1.1989564
1.1989564
1.1989564
1.1989564
1.1989564
1.1989564
1.1989564
1.1989564
1.1989564
1.1989563
1.1989563
1.1989562
1.1989562
1.1989562
1.1989561
1.1989558
1.1989558
1.1989559
1.1989562
1.1989564
1.1989564
1.1989564
1.1989563
1.1989563
1.1989563
1.1989563
1.1989563
1.1989563
1.1989563
1.1989563
1.1989606
1.1989606
1.1989606
1.1989605
1.1989605
1.1989605
1.1989604
1.1989604
1.1989603
1.1989602
1.1989602
1.1989601
1.19896
1.1989599
1.1989598
1.1989597
1.1989596
1.1989595
1.1989593
1.1989592
1.1989591
1.1989589
1.1989587
1.1989586
1.1989584
1.1989583
1.1989581
1.1989579
1.1989578
1.1989576
1.1989574
1.1989573
1.1989572
1.198957
1.1989569
1.1989568
1.1989567
1.1989566
1.1989565
1.1989564
1.1989563
1.1989563
1.1989562
1.1989562
1.1989561
1.1989561
1.1989561
1.1989561
1.1989561
1.1989561
1.1989561
1.1989561
1.1989561
1.1989561
1.1989561
1.1989562
1.1989562
1.1989562
1.1989562
1.1989562
1.1989563
1.1989563
1.1989563
1.1989563
1.1989564
1.1989564
1.1989564
1.1989564
1.1989564
1.1989564
1.1989564
1.1989564
1.1989564
1.1989564
1.1989564
1.1989563
1.1989563
1.1989563
1.1989563
1.1989562
1.1989562
1.198956
1.198956
1.1989561
1.1989562
1.1989564
1.1989564
1.1989563
1.1989563
1.1989563
1.1989563
1.1989563
1.1989563
1.1989563
1.1989563
1.1989563
1.1989578
1.1989577
1.1989577
1.1989577
1.1989577
1.1989577
1.1989577
1.1989577
1.1989576
1.1989576
1.1989576
1.1989576
1.1989575
1.1989575
1.1989575
1.1989574
1.1989574
1.1989574
1.1989573
1.1989573
1.1989572
1.1989572
1.1989571
1.1989571
1.198957
1.198957
1.1989569
1.1989568
1.1989568
1.1989567
1.1989567
1.1989566
1.1989566
1.1989565
1.1989565
1.1989565
1.1989564
1.1989564
1.1989564
1.1989563
1.1989563
1.1989563
1.1989563
1.1989563
1.1989562
1.1989562
1.1989562
1.1989562
1.1989562
1.1989562
1.1989562
1.1989562
1.1989562
1.1989562
1.1989562
1.1989563
1.1989563
1.1989563
1.1989563
1.1989563
1.1989563
1.1989563
1.1989563
1.1989563
1.1989563
1.1989563
1.1989563
1.1989564
1.1989564
1.1989564
1.1989564
1.1989564
1.1989564
1.1989564
1.1989564
1.1989563
1.1989563
1.1989563
1.1989563
1.1989563
1.1989563
1.1989563
1.1989562
1.1989563
1.1989563
1.1989564
1.1989564
1.1989563
1.1989563
1.1989563
1.1989563
1.1989563
1.1989563
1.1989563
1.1989563
1.1989563
)
;

boundaryField
{
    inlet
    {
        type            calculated;
        value           nonuniform List<scalar> 
80
(
1.1989654
1.1989654
1.1989654
1.1989654
1.1989654
1.1989654
1.1989654
1.1989654
1.1989654
1.1989654
1.1989654
1.1989653
1.1989653
1.1989653
1.1989653
1.1989653
1.1989653
1.1989653
1.1989653
1.1989653
1.1989653
1.1989653
1.1989653
1.1989653
1.1989653
1.1989653
1.1989653
1.1989653
1.1989653
1.1989653
1.1989653
1.1989653
1.1989653
1.1989653
1.1989653
1.1989653
1.1989653
1.1989653
1.1989652
1.1989652
1.1989652
1.1989652
1.1989652
1.1989652
1.1989651
1.1989651
1.1989651
1.198965
1.198965
1.198965
1.1989649
1.1989649
1.1989648
1.1989647
1.1989647
1.1989646
1.1989645
1.1989644
1.1989643
1.1989642
1.1989641
1.1989639
1.1989637
1.1989636
1.1989634
1.1989631
1.1989629
1.1989626
1.1989623
1.198962
1.1989617
1.1989613
1.1989608
1.1989604
1.1989599
1.1989593
1.1989587
1.1989581
1.1989574
1.1989567
)
;
    }
    outlet
    {
        type            calculated;
        value           nonuniform List<scalar> 
80
(
1.1960242
1.196027
1.19603
1.1960336
1.1960375
1.1960419
1.1960468
1.1960521
1.1960579
1.1960643
1.1960712
1.1960788
1.196087
1.1960961
1.1961059
1.1961167
1.1961285
1.1961414
1.1961556
1.1961712
1.1961883
1.1962072
1.1962282
1.1962514
1.1962773
1.1963063
1.1963389
1.1963759
1.1964183
1.196467
1.1965236
1.1965898
1.1966683
1.1967621
1.1968758
1.1970142
1.1971818
1.1973801
1.1976063
1.1978697
1.1981975
1.1985913
1.1988639
1.1989405
1.1989547
1.198957
1.1989571
1.1989569
1.1989568
1.1989566
1.1989565
1.1989564
1.1989564
1.1989563
1.1989563
1.1989563
1.1989563
1.1989563
1.1989563
1.1989563
1.1989563
1.1989563
1.1989563
1.1989563
1.1989563
1.1989563
1.1989563
1.1989563
1.1989563
1.1989563
1.1989563
1.1989563
1.1989563
1.1989563
1.1989563
1.1989563
1.1989563
1.1989563
1.1989563
1.1989563
)
;
    }
    top
    {
        type            calculated;
        value           nonuniform List<scalar> 
110
(
1.1989563
1.1989562
1.1989561
1.198956
1.198956
1.1989559
1.1989559
1.1989559
1.1989559
1.1989559
1.1989559
1.1989559
1.1989559
1.1989559
1.1989559
1.1989559
1.1989559
1.1989559
1.1989559
1.1989559
1.1989559
1.1989559
1.1989559
1.1989559
1.1989559
1.1989559
1.198956
1.198956
1.198956
1.198956
1.198956
1.198956
1.198956
1.1989561
1.1989561
1.1989561
1.1989561
1.1989561
1.1989562
1.1989562
1.1989562
1.1989562
1.1989563
1.1989563
1.1989563
1.1989563
1.1989563
1.1989564
1.1989564
1.1989564
1.1989564
1.1989564
1.1989564
1.1989564
1.1989565
1.1989565
1.1989565
1.1989565
1.1989565
1.1989565
1.1989565
1.1989565
1.1989565
1.1989565
1.1989565
1.1989565
1.1989565
1.1989565
1.1989565
1.1989565
1.1989565
1.1989565
1.1989565
1.1989565
1.1989565
1.1989565
1.1989565
1.1989565
1.1989565
1.1989565
1.1989565
1.1989565
1.1989565
1.1989565
1.1989565
1.1989565
1.1989565
1.1989565
1.1989565
1.1989565
1.1989565
1.1989565
1.1989565
1.1989565
1.1989565
1.1989565
1.1989564
1.1989564
1.1989564
1.1989564
1.1989564
1.1989563
1.1989563
1.1989563
1.1989563
1.1989563
1.1989563
1.1989563
1.1989563
1.1989563
)
;
    }
    upstreamWall
    {
        type            symmetryPlane;
    }
    plate
    {
        type            calculated;
        value           nonuniform List<scalar> 
96
(
1.1985479
1.1970556
1.1959043
1.1953832
1.1953757
1.195531
1.1957942
1.1959643
1.196043
1.1960303
1.1960035
1.1959641
1.1959336
1.1959025
1.1958761
1.1958519
1.1958334
1.1958183
1.1958062
1.1957952
1.1957876
1.1957807
1.1957775
1.1957752
1.1957738
1.1957736
1.1957741
1.1957756
1.1957783
1.1957814
1.1957853
1.1957891
1.1957942
1.1957992
1.1958051
1.1958106
1.195817
1.1958233
1.1958303
1.1958369
1.1958443
1.1958515
1.1958591
1.1958666
1.1958744
1.1958822
1.1958901
1.1958981
1.1959062
1.1959144
1.1959225
1.1959307
1.1959389
1.1959471
1.1959552
1.1959634
1.1959715
1.1959796
1.1959876
1.1959956
1.1960036
1.1960113
1.1960192
1.196027
1.1960345
1.1960421
1.1960498
1.1960569
1.1960643
1.1960719
1.1960788
1.1960853
1.1960924
1.1960998
1.1961068
1.1961129
1.1961161
1.1961158
1.1961123
1.1960972
1.1960669
1.1960417
1.1960255
1.1960189
1.1960191
1.1960216
1.1960244
1.1960254
1.1960254
1.1960251
1.1960249
1.1960247
1.1960245
1.1960243
1.1960243
1.1960242
)
;
    }
    frontAndBack
    {
        type            empty;
    }
}


// ************************************************************************* //
