/*--------------------------------*- C++ -*----------------------------------*\
| =========                 |                                                 |
| \\      /  F ield         | OpenFOAM: The Open Source CFD Toolbox           |
|  \\    /   O peration     | Version:  2512                                  |
|   \\  /    A nd           | Website:  www.openfoam.com                      |
|    \\/     M anipulation  |                                                 |
\*---------------------------------------------------------------------------*/
FoamFile
{
    version     2.0;
    format      ascii;
    arch        "LSB;label=32;scalar=64";
    class       volScalarField;
    location    "0.0499878";
    object      T;
}
// * * * * * * * * * * * * * * * * * * * * * * * * * * * * * * * * * * * * * //

dimensions      [0 0 0 1 0 0 0];

internalField   nonuniform List<scalar> 
8800
(
294.44002
294.44042
294.44107
294.44205
294.44291
294.44426
294.44534
294.44703
294.44832
294.45062
294.45197
294.45769
294.44922
294.48818
294.44002
294.44042
294.44107
294.44205
294.44291
294.44426
294.44534
294.44703
294.44833
294.45056
294.4521
294.45543
294.46211
294.44935
294.44002
294.44042
294.44107
294.44205
294.44291
294.44426
294.44534
294.44702
294.44833
294.45046
294.45221
294.45476
294.46112
294.46198
294.44002
294.44042
294.44107
294.44205
294.44291
294.44426
294.44534
294.44702
294.44833
294.45036
294.45233
294.4546
294.45912
294.46372
294.44002
294.44042
294.44107
294.44205
294.44291
294.44426
294.44534
294.44702
294.44833
294.4503
294.45237
294.45457
294.45829
294.46337
294.44002
294.44042
294.44107
294.44205
294.44291
294.44426
294.44534
294.44701
294.44833
294.45028
294.45232
294.45465
294.45799
294.46275
294.44002
294.44042
294.44107
294.44205
294.44291
294.44426
294.44534
294.44701
294.44833
294.4503
294.45223
294.45471
294.45782
294.46224
294.44002
294.44042
294.44107
294.44205
294.44291
294.44426
294.44533
294.44701
294.44832
294.45032
294.45215
294.45472
294.45765
294.46179
294.44002
294.44042
294.44107
294.44205
294.44291
294.44426
294.44533
294.44701
294.44832
294.45033
294.45212
294.45471
294.45746
294.46134
294.44002
294.44042
294.44107
294.44205
294.44291
294.44426
294.44533
294.44701
294.44832
294.45033
294.45211
294.45469
294.45726
294.4609
294.44002
294.44042
294.44107
294.44205
294.44291
294.44426
294.44533
294.447
294.44831
294.45033
294.45209
294.45467
294.45706
294.46045
294.44002
294.44042
294.44107
294.44205
294.44291
294.44426
294.44533
294.447
294.44831
294.45032
294.45206
294.45464
294.45686
294.46
294.44002
294.44042
294.44107
294.44205
294.44291
294.44426
294.44533
294.447
294.4483
294.45031
294.45203
294.45459
294.45664
294.45955
294.44002
294.44042
294.44107
294.44205
294.44291
294.44426
294.44533
294.447
294.4483
294.4503
294.45199
294.45453
294.45642
294.4591
294.44002
294.44042
294.44107
294.44205
294.4429
294.44426
294.44533
294.44699
294.44829
294.45029
294.45194
294.45447
294.45619
294.45864
294.44002
294.44042
294.44107
294.44205
294.4429
294.44426
294.44532
294.44699
294.44828
294.45028
294.45188
294.45438
294.45594
294.45819
294.44002
294.44042
294.44106
294.44205
294.4429
294.44426
294.44532
294.44698
294.44827
294.45027
294.45182
294.45428
294.45569
294.45774
294.44002
294.44042
294.44106
294.44205
294.4429
294.44425
294.44532
294.44698
294.44825
294.45025
294.45176
294.45417
294.45543
294.4573
294.44002
294.44042
294.44106
294.44205
294.4429
294.44425
294.44531
294.44697
294.44824
294.45023
294.45168
294.45401
294.4552
294.45685
294.44002
294.44042
294.44106
294.44204
294.4429
294.44425
294.44531
294.44697
294.44822
294.4502
294.45161
294.45381
294.45497
294.45641
294.44002
294.44042
294.44106
294.44204
294.4429
294.44425
294.44531
294.44696
294.4482
294.45017
294.45153
294.4536
294.45474
294.45598
294.44002
294.44042
294.44106
294.44204
294.44289
294.44424
294.4453
294.44695
294.44818
294.45012
294.45143
294.45338
294.4545
294.45555
294.44002
294.44042
294.44106
294.44203
294.44289
294.44424
294.44529
294.44694
294.44816
294.45003
294.4514
294.45316
294.45425
294.45513
294.44002
294.44042
294.44107
294.44201
294.44289
294.44423
294.4453
294.44691
294.44817
294.44992
294.45136
294.45294
294.45399
294.45471
294.44002
294.44042
294.44108
294.44197
294.44293
294.44417
294.44537
294.44682
294.44823
294.44981
294.45131
294.45271
294.45372
294.4543
294.44002
294.44041
294.44111
294.44192
294.443
294.44407
294.44546
294.44671
294.44827
294.44969
294.45123
294.45248
294.45344
294.4539
294.44002
294.44041
294.44113
294.44189
294.44304
294.44401
294.44551
294.44662
294.4483
294.44956
294.45113
294.45223
294.45315
294.45349
294.44002
294.44041
294.44114
294.44189
294.44306
294.444
294.4455
294.44659
294.44829
294.44944
294.45101
294.45198
294.45284
294.45309
294.44002
294.44041
294.44114
294.44189
294.44306
294.444
294.44549
294.44657
294.44828
294.44933
294.45089
294.45173
294.45254
294.4527
294.44002
294.44041
294.44114
294.44189
294.44306
294.444
294.44548
294.44654
294.44823
294.44924
294.45075
294.45147
294.45223
294.45233
294.44002
294.44041
294.44114
294.44189
294.44305
294.44399
294.44547
294.44652
294.44818
294.44914
294.4506
294.45122
294.45192
294.45196
294.44002
294.44041
294.44114
294.44189
294.44305
294.44398
294.44546
294.44649
294.44813
294.44904
294.45042
294.45098
294.4516
294.4516
294.44002
294.44041
294.44114
294.44189
294.44305
294.44397
294.44544
294.44645
294.44806
294.44892
294.45026
294.45071
294.4513
294.45124
294.44002
294.44041
294.44114
294.44188
294.44304
294.44396
294.44542
294.44641
294.44793
294.44885
294.44999
294.45052
294.45094
294.4509
294.44002
294.44041
294.44114
294.44188
294.44304
294.44395
294.44537
294.44639
294.4478
294.44878
294.44977
294.45028
294.45061
294.45057
294.44002
294.44041
294.44113
294.44187
294.44302
294.44394
294.44529
294.44641
294.44768
294.44868
294.44955
294.45004
294.45029
294.45024
294.44002
294.44041
294.4411
294.44189
294.44296
294.44402
294.4452
294.44641
294.44757
294.44857
294.44933
294.44979
294.44998
294.44993
294.44002
294.44042
294.44106
294.44198
294.44286
294.44407
294.44512
294.44639
294.44744
294.44843
294.4491
294.44953
294.44967
294.44962
294.44002
294.44042
294.44105
294.44201
294.44283
294.44409
294.44504
294.44635
294.44731
294.44829
294.44887
294.44927
294.44936
294.44931
294.44002
294.44042
294.44105
294.44201
294.44282
294.44411
294.44499
294.44631
294.44718
294.44813
294.44863
294.44901
294.44906
294.44901
294.44002
294.44042
294.44104
294.44201
294.44281
294.44409
294.44495
294.44626
294.44706
294.44797
294.4484
294.44874
294.44876
294.44872
294.44002
294.44042
294.44104
294.442
294.4428
294.44407
294.44491
294.44617
294.44695
294.44779
294.44817
294.44847
294.44847
294.44843
294.44002
294.44042
294.44104
294.44199
294.44278
294.44401
294.4449
294.44607
294.44685
294.4476
294.44796
294.4482
294.4482
294.44815
294.44002
294.44042
294.44103
294.44198
294.44276
294.44394
294.44489
294.44596
294.44674
294.4474
294.44774
294.44793
294.44791
294.44789
294.44002
294.44041
294.44103
294.44193
294.44277
294.44389
294.44488
294.44586
294.44662
294.4472
294.44752
294.44766
294.44764
294.44761
294.44002
294.44041
294.44105
294.44185
294.44281
294.44384
294.44485
294.44575
294.44649
294.44699
294.44729
294.44739
294.44737
294.44734
294.44002
294.4404
294.44109
294.4418
294.44281
294.44377
294.4448
294.44563
294.44635
294.44679
294.44706
294.44713
294.44711
294.44708
294.44002
294.44039
294.4411
294.44179
294.44281
294.44369
294.44474
294.4455
294.4462
294.44658
294.44683
294.44688
294.44686
294.44683
294.44002
294.44039
294.4411
294.44178
294.4428
294.44363
294.44467
294.44538
294.44605
294.44638
294.4466
294.44663
294.44661
294.44658
294.44002
294.44039
294.4411
294.44177
294.44279
294.44356
294.4446
294.44525
294.44588
294.44617
294.44637
294.44639
294.44636
294.44633
294.44002
294.44039
294.44109
294.44176
294.44277
294.44351
294.44449
294.44512
294.44571
294.44596
294.44614
294.44614
294.44613
294.44609
294.44002
294.44038
294.44108
294.44174
294.44272
294.44348
294.44437
294.44498
294.44551
294.44575
294.44591
294.4459
294.4459
294.44585
294.44002
294.44038
294.44107
294.44171
294.44266
294.44345
294.44427
294.44487
294.44533
294.44555
294.44567
294.44566
294.44565
294.44561
294.44002
294.44038
294.44103
294.4417
294.44262
294.44341
294.44417
294.44473
294.44514
294.44534
294.44543
294.44542
294.44541
294.44537
294.44002
294.44039
294.44099
294.4417
294.44256
294.44335
294.44405
294.44459
294.44495
294.44513
294.4452
294.44519
294.44517
294.44514
294.44002
294.44039
294.44096
294.4417
294.44249
294.44329
294.44393
294.44444
294.44475
294.44492
294.44497
294.44497
294.44494
294.44491
294.44002
294.44039
294.44094
294.44169
294.44243
294.44321
294.4438
294.44429
294.44456
294.44471
294.44475
294.44474
294.44472
294.44469
294.44002
294.44038
294.44092
294.44167
294.44237
294.44313
294.44367
294.44413
294.44436
294.4445
294.44453
294.44452
294.4445
294.44447
294.44002
294.44038
294.4409
294.44165
294.4423
294.44305
294.44354
294.44397
294.44417
294.44429
294.44431
294.4443
294.44428
294.44425
294.44002
294.44037
294.44088
294.44162
294.44223
294.44295
294.44342
294.44381
294.44398
294.44409
294.44409
294.44408
294.44406
294.44404
294.44002
294.44036
294.44086
294.44157
294.44216
294.44286
294.4433
294.44364
294.44379
294.44387
294.44387
294.44386
294.44384
294.44381
294.44002
294.44036
294.44084
294.44151
294.44211
294.44274
294.44316
294.44346
294.44359
294.44366
294.44366
294.44365
294.44362
294.4436
294.44002
294.44035
294.44082
294.44145
294.44205
294.44263
294.44302
294.44328
294.4434
294.44345
294.44345
294.44343
294.44341
294.44339
294.44002
294.44034
294.4408
294.44139
294.44199
294.44251
294.44287
294.44309
294.4432
294.44324
294.44323
294.44322
294.4432
294.44318
294.44002
294.44032
294.44079
294.44133
294.44191
294.44238
294.44272
294.44291
294.44301
294.44304
294.44303
294.44302
294.443
294.44298
294.44002
294.4403
294.44077
294.44127
294.44182
294.44225
294.44256
294.44273
294.44282
294.44283
294.44283
294.44282
294.4428
294.44278
294.44002
294.44029
294.44075
294.44121
294.44173
294.44212
294.44241
294.44255
294.44263
294.44264
294.44263
294.44262
294.4426
294.44259
294.44002
294.44027
294.44072
294.44114
294.44164
294.44199
294.44225
294.44237
294.44244
294.44244
294.44243
294.44242
294.44241
294.44239
294.44002
294.44026
294.44069
294.44107
294.44153
294.44184
294.44209
294.44218
294.44225
294.44225
294.44224
294.44223
294.44222
294.4422
294.44002
294.44024
294.44064
294.441
294.44143
294.4417
294.44191
294.442
294.44205
294.44205
294.44205
294.44204
294.44203
294.44201
294.44001
294.44023
294.44059
294.44093
294.44131
294.44156
294.44174
294.44182
294.44186
294.44186
294.44185
294.44185
294.44183
294.44182
294.44001
294.44021
294.44054
294.44086
294.44119
294.44142
294.44157
294.44164
294.44167
294.44167
294.44166
294.44166
294.44165
294.44164
294.44001
294.44019
294.44048
294.44078
294.44107
294.44127
294.4414
294.44145
294.44148
294.44148
294.44147
294.44147
294.44146
294.44145
294.44001
294.44018
294.44042
294.44069
294.44094
294.44112
294.44122
294.44127
294.44129
294.44129
294.44128
294.44128
294.44127
294.44126
294.44001
294.44015
294.44037
294.4406
294.44081
294.44096
294.44104
294.44109
294.4411
294.4411
294.44109
294.44109
294.44108
294.44107
294.44001
294.44013
294.4403
294.4405
294.44068
294.4408
294.44087
294.4409
294.44091
294.44091
294.4409
294.4409
294.44089
294.44089
294.44001
294.44011
294.44024
294.4404
294.44054
294.44063
294.44068
294.44071
294.44071
294.44071
294.44071
294.44071
294.4407
294.4407
294.44
294.44008
294.44018
294.44029
294.44039
294.44046
294.4405
294.44051
294.44052
294.44052
294.44051
294.44051
294.44051
294.44051
294.44
294.44005
294.44011
294.44018
294.44024
294.44028
294.4403
294.44031
294.44032
294.44031
294.44031
294.44031
294.44031
294.44031
294.44
294.44002
294.44004
294.44006
294.44008
294.4401
294.4401
294.44011
294.44011
294.44011
294.44011
294.44011
294.44011
294.44011
294.64007
294.99066
295.24316
295.34332
295.33081
295.29294
295.23555
295.19933
295.18086
295.1821
295.18606
295.19354
295.19921
295.20519
295.21007
295.21457
295.21781
295.22037
295.22226
295.22397
295.22491
295.22579
295.22585
295.22575
295.22547
295.22493
295.22428
295.22344
295.22234
295.22117
295.21985
295.21857
295.21704
295.21554
295.21386
295.21229
295.21055
295.20883
295.207
295.20525
295.20336
295.20151
295.1996
295.19773
295.1958
295.19389
295.19197
295.19003
295.18809
295.18614
295.18421
295.18226
295.18033
295.1784
295.17648
295.17455
295.17266
295.17075
295.16887
295.167
295.16511
295.1633
295.16143
295.15959
295.15782
295.15598
295.15415
295.15243
295.15064
295.14877
295.1471
295.1455
295.14373
295.14186
295.14008
295.13852
295.1376
295.13754
295.13829
295.14199
295.14945
295.15569
295.15981
295.16176
295.16221
295.16209
295.16174
295.16165
295.16168
295.16176
295.16179
295.1618
295.1618
295.16181
295.16181
295.16183
294.36873
294.37582
294.44906
294.61759
294.81655
294.99374
295.09927
295.14916
295.16669
295.17806
295.18031
295.18451
295.18816
295.19354
295.19778
295.20197
295.20521
295.20819
295.2108
295.2131
295.21466
295.21614
295.21677
295.2173
295.21759
295.21758
295.21743
295.21701
295.21633
295.21556
295.21462
295.21367
295.21243
295.21121
295.20981
295.2085
295.20696
295.20546
295.20383
295.20227
295.20055
295.19887
295.19711
295.19539
295.19358
295.1918
295.18999
295.18816
295.18633
295.18448
295.18263
295.18077
295.17892
295.17707
295.17522
295.17336
295.17153
295.16968
295.16786
295.16605
295.1642
295.16244
295.16062
295.15882
295.15708
295.15529
295.15348
295.1518
295.15005
295.14821
295.14655
295.14498
295.14325
295.14139
295.13963
295.13807
295.1371
295.13698
295.13762
295.14099
295.14835
295.15468
295.15894
295.16102
295.16153
295.16143
295.16107
295.16096
295.16099
295.16107
295.16111
295.16112
295.16112
295.16112
295.16113
295.16114
294.45461
294.42926
294.38345
294.38688
294.41992
294.49741
294.64932
294.82164
294.96448
295.05334
295.09701
295.12486
295.14085
295.15422
295.1635
295.17181
295.17825
295.18409
295.18921
295.19348
295.19688
295.19993
295.20194
295.20385
295.20527
295.20631
295.20706
295.20741
295.2075
295.20741
295.2071
295.20669
295.20593
295.20518
295.20421
295.20327
295.20207
295.20089
295.19956
295.19828
295.19681
295.19536
295.19382
295.1923
295.19067
295.18906
295.18742
295.18574
295.18404
295.18232
295.1806
295.17885
295.17711
295.17536
295.1736
295.17183
295.17009
295.16832
295.16657
295.16483
295.16305
295.16135
295.15959
295.15784
295.15616
295.15442
295.15265
295.15101
295.14931
295.1475
295.14586
295.14433
295.14265
295.14081
295.13908
295.13753
295.13653
295.13635
295.13691
295.14002
295.14727
295.15368
295.15804
295.16022
295.16078
295.1607
295.16033
295.16021
295.16023
295.16031
295.16035
295.16036
295.16036
295.16037
295.16037
295.16039
294.46272
294.45519
294.44161
294.42473
294.41344
294.41571
294.4345
294.4713
294.55882
294.68921
294.83325
294.95177
295.0191
295.06253
295.09079
295.11312
295.12899
295.14197
295.15269
295.16126
295.16847
295.17459
295.17922
295.18357
295.18692
295.18972
295.19198
295.19362
295.19496
295.19592
295.19656
295.19698
295.19697
295.19691
295.19657
295.19619
295.19548
295.19477
295.19386
295.19297
295.19185
295.19074
295.18949
295.18825
295.18687
295.18551
295.18407
295.1826
295.18109
295.17955
295.17799
295.1764
295.17479
295.17318
295.17155
295.16989
295.16826
295.16659
295.16493
295.16329
295.16159
295.15997
295.15829
295.1566
295.15499
295.15331
295.1516
295.15001
295.14837
295.14661
295.145
295.14353
295.14189
295.14009
295.13838
295.13686
295.13584
295.1356
295.1361
295.13899
295.14612
295.15259
295.15704
295.15931
295.15992
295.15984
295.15948
295.15934
295.15936
295.15944
295.15948
295.15949
295.15949
295.1595
295.1595
295.15952
294.46309
294.45889
294.45133
294.44238
294.43527
294.43134
294.43188
294.43263
294.44306
294.45962
294.50933
294.60028
294.72881
294.8519
294.93814
294.99729
295.03731
295.06809
295.09156
295.10944
295.12435
295.13631
295.14573
295.15412
295.16064
295.16631
295.17095
295.17464
295.17785
295.18037
295.18241
295.18406
295.18514
295.1861
295.18658
295.18701
295.18698
295.18692
295.18659
295.18623
295.18557
295.18491
295.18406
295.18318
295.18214
295.18108
295.17993
295.17871
295.17745
295.17614
295.17478
295.17338
295.17196
295.17051
295.16904
295.16752
295.16603
295.16449
295.16295
295.16143
295.15983
295.1583
295.15672
295.15511
295.15358
295.15199
295.15034
295.14881
295.14725
295.14555
295.14398
295.14256
295.14098
295.13922
295.13755
295.13607
295.13503
295.13475
295.13518
295.13788
295.14487
295.1514
295.15594
295.15828
295.15894
295.15888
295.15852
295.15836
295.15838
295.15846
295.1585
295.15851
295.15851
295.15852
295.15852
295.15854
294.46263
294.45936
294.45316
294.44615
294.44155
294.43963
294.43959
294.43919
294.43945
294.43971
294.44511
294.45432
294.48727
294.54881
294.65252
294.76713
294.86331
294.93319
294.98427
295.02253
295.05335
295.07661
295.09524
295.11091
295.12295
295.13343
295.14192
295.14886
295.15488
295.1597
295.1638
295.16719
295.16983
295.17219
295.17384
295.17536
295.17626
295.1771
295.1775
295.17786
295.17781
295.17773
295.1774
295.17699
295.17637
295.17571
295.17491
295.17402
295.17307
295.17204
295.17093
295.16978
295.16858
295.16734
295.16606
295.16472
295.1634
295.16201
295.16062
295.15923
295.15775
295.15634
295.15488
295.15337
295.15193
295.15044
295.14887
295.14741
295.14593
295.1443
295.14279
295.14143
295.13992
295.13821
295.13659
295.13516
295.13411
295.13379
295.13417
295.13669
295.14354
295.15012
295.15474
295.15716
295.15785
295.15781
295.15744
295.15728
295.15729
295.15737
295.15741
295.15742
295.15743
295.15743
295.15743
295.15745
294.46212
294.45919
294.45353
294.44742
294.44336
294.44248
294.44277
294.44277
294.44248
294.44154
294.44152
294.44187
294.44544
294.45224
294.47441
294.51717
294.59945
294.70071
294.7981
294.87452
294.93406
294.97834
295.01489
295.04423
295.0665
295.08556
295.10057
295.11295
295.12348
295.13189
295.13914
295.14513
295.15005
295.15435
295.15764
295.16065
295.16281
295.16486
295.16624
295.16754
295.16829
295.16898
295.16929
295.16949
295.16941
295.16926
295.1689
295.16843
295.16786
295.16718
295.16639
295.16553
295.1646
295.16361
295.16257
295.16144
295.16033
295.15912
295.1579
295.15667
295.15535
295.15407
295.15274
295.15136
295.15002
295.14865
295.14717
295.14581
295.14442
295.14287
295.14143
295.14015
295.13871
295.13706
295.13549
295.13411
295.13308
295.13272
295.13304
295.1354
295.14211
295.14874
295.15343
295.15592
295.15666
295.15663
295.15626
295.15608
295.15609
295.15617
295.15622
295.15623
295.15623
295.15623
295.15624
295.15626
294.46165
294.45888
294.45349
294.44796
294.44405
294.44368
294.44405
294.44437
294.44413
294.44343
294.44269
294.44192
294.44204
294.44245
294.44528
294.45057
294.46641
294.49794
294.56044
294.64871
294.7426
294.82242
294.88689
294.9383
294.97857
295.01277
295.03886
295.06065
295.07875
295.09315
295.10549
295.11552
295.12394
295.13111
295.1368
295.14195
295.1459
295.14956
295.15228
295.15482
295.15663
295.15832
295.15945
295.16045
295.16105
295.16154
295.16173
295.16179
295.16168
295.16144
295.16104
295.16055
295.15995
295.15926
295.15849
295.15763
295.15676
295.15577
295.15475
295.15372
295.15257
295.15146
295.15029
295.14904
295.14784
295.14659
295.14523
295.14397
295.1427
295.14125
295.13988
295.13868
295.13734
295.13575
295.13425
295.13293
295.13192
295.13153
295.1318
295.13402
295.14058
295.14725
295.152
295.15457
295.15535
295.15533
295.15497
295.15477
295.15478
295.15486
295.15491
295.15492
295.15492
295.15492
295.15493
295.15494
294.4612
294.45856
294.45338
294.44823
294.44437
294.44423
294.4446
294.44516
294.44498
294.44446
294.44368
294.4428
294.44228
294.44186
294.44206
294.44255
294.44489
294.44923
294.46105
294.48523
294.53175
294.60944
294.69687
294.77855
294.84542
294.90164
294.9449
294.98249
295.01287
295.03718
295.05782
295.07431
295.08824
295.09988
295.1093
295.11762
295.1242
295.13017
295.13476
295.13902
295.14226
295.14526
295.14748
295.1495
295.15098
295.15228
295.15318
295.1539
295.15437
295.15467
295.15474
295.1547
295.1545
295.15418
295.15376
295.15321
295.15263
295.1519
295.15113
295.15033
295.14939
295.14847
295.14748
295.1464
295.14535
295.14426
295.14303
295.14189
295.14074
295.1394
295.13812
295.13702
295.13578
295.13427
295.13284
295.1316
295.13062
295.13021
295.13044
295.13252
295.13894
295.14564
295.15046
295.15309
295.15392
295.15391
295.15355
295.15334
295.15334
295.15342
295.15347
295.15348
295.15348
295.15349
295.15349
295.15351
294.46073
294.4583
294.45329
294.4484
294.44458
294.44448
294.44483
294.44554
294.4454
294.44503
294.44428
294.44351
294.44283
294.44224
294.44185
294.44166
294.44189
294.44246
294.44442
294.44814
294.45715
294.47589
294.5131
294.57767
294.65961
294.7413
294.80958
294.86815
294.9155
294.95508
294.9887
295.0153
295.03802
295.05662
295.07185
295.08501
295.09554
295.10493
295.1123
295.11902
295.12428
295.12907
295.13278
295.13617
295.13879
295.14113
295.14294
295.14449
295.14569
295.14666
295.14733
295.14784
295.14814
295.14827
295.14826
295.14809
295.14785
295.14744
295.14696
295.14643
295.14574
295.14504
295.14428
295.14339
295.14251
295.1416
295.14052
295.13952
295.13852
295.13731
295.13614
295.13515
295.13402
295.13261
295.13126
295.13011
295.12918
295.12874
295.12894
295.1309
295.13718
295.14391
295.14878
295.15148
295.15235
295.15235
295.152
295.15178
295.15178
295.15185
295.15191
295.15192
295.15192
295.15192
295.15192
295.15194
294.46018
294.45831
294.45315
294.44848
294.44476
294.44462
294.44494
294.44568
294.44557
294.44531
294.44461
294.44395
294.44326
294.44268
294.44212
294.44171
294.44143
294.44142
294.44166
294.44227
294.44393
294.4472
294.45432
294.46902
294.49994
294.55305
294.63049
294.71008
294.77974
294.83929
294.88956
294.93046
294.96641
294.99536
295.0196
295.04014
295.0567
295.07122
295.08272
295.09304
295.10121
295.10858
295.1144
295.11968
295.12386
295.1276
295.13059
295.13323
295.13534
295.13717
295.13858
295.13978
295.14067
295.14136
295.14186
295.14213
295.14232
295.14229
295.14216
295.14196
295.14155
295.14113
295.14062
295.13996
295.13929
295.13858
295.13769
295.13685
295.13602
295.13496
295.13391
295.13305
295.13205
295.13074
295.12949
295.12844
295.12757
295.12712
295.12729
295.12914
295.13528
295.14203
295.14697
295.14973
295.15064
295.15065
295.1503
295.15007
295.15006
295.15014
295.15019
295.15021
295.15021
295.15021
295.15021
295.15023
294.4596
294.45836
294.45302
294.44854
294.44496
294.44471
294.44501
294.44571
294.44562
294.44542
294.44476
294.44419
294.44354
294.44301
294.44243
294.44196
294.44153
294.44125
294.44109
294.44113
294.44139
294.44204
294.44353
294.44635
294.45239
294.46436
294.4899
294.53584
294.60621
294.68424
294.75485
294.81479
294.86679
294.90908
294.94632
294.97747
295.00304
295.0252
295.04288
295.0585
295.07095
295.08205
295.09088
295.09882
295.10519
295.11087
295.11548
295.11957
295.1229
295.12583
295.1282
295.13025
295.1319
295.13327
295.13439
295.13521
295.13592
295.13634
295.13663
295.13681
295.13676
295.13665
295.13644
295.13605
295.13563
295.13516
295.13447
295.13383
295.13319
295.1323
295.1314
295.13068
295.12983
295.12865
295.1275
295.12658
295.12577
295.12533
295.12547
295.12722
295.13323
295.14
295.14499
295.14782
295.14877
295.14879
295.14845
295.1482
295.1482
295.14827
295.14833
295.14834
295.14834
295.14834
295.14835
295.14836
294.45909
294.45807
294.453
294.44864
294.44519
294.44481
294.44508
294.44571
294.44562
294.44545
294.44482
294.4443
294.44368
294.4432
294.44264
294.44219
294.44173
294.44136
294.44105
294.44084
294.44077
294.44085
294.44114
294.44179
294.4432
294.44568
294.4509
294.46112
294.48251
294.52322
294.58711
294.66384
294.73445
294.79469
294.84716
294.89115
294.92896
294.96175
294.98833
295.01173
295.03041
295.04695
295.06016
295.0719
295.08137
295.08977
295.09662
295.10271
295.10769
295.1121
295.11573
295.11889
295.1215
295.12374
295.12563
295.12713
295.12846
295.12945
295.13024
295.13088
295.13125
295.13152
295.13166
295.13159
295.13146
295.13127
295.13083
295.13041
295.12999
295.12931
295.12857
295.12803
295.12734
295.1263
295.12528
295.12449
295.12378
295.12335
295.12347
295.12514
295.13102
295.1378
295.14284
295.14574
295.14673
295.14677
295.14643
295.14617
295.14616
295.14623
295.14629
295.1463
295.1463
295.1463
295.14631
295.14632
294.45864
294.45767
294.45295
294.44872
294.44543
294.44492
294.44515
294.44571
294.44562
294.44544
294.44483
294.44434
294.44375
294.44329
294.44277
294.44234
294.44189
294.44151
294.44115
294.44086
294.44063
294.44048
294.44049
294.44059
294.44091
294.44157
294.44286
294.44524
294.44967
294.45901
294.47703
294.51406
294.57288
294.64802
294.71803
294.77862
294.83102
294.87611
294.91416
294.94808
294.97543
294.99979
295.01926
295.03651
295.0504
295.06266
295.07266
295.0815
295.08877
295.09519
295.1005
295.10516
295.10905
295.11241
295.11528
295.11764
295.11975
295.12141
295.12282
295.12403
295.12489
295.12563
295.12619
295.1265
295.12671
295.12685
295.1267
295.12654
295.12637
295.12593
295.12539
295.12504
295.12455
295.12367
295.12279
295.12215
295.12156
295.12115
295.12126
295.12286
295.12863
295.13542
295.14051
295.14347
295.1445
295.14455
295.14422
295.14395
295.14393
295.144
295.14406
295.14407
295.14407
295.14408
295.14408
295.1441
294.4582
294.45726
294.45288
294.44879
294.44566
294.44503
294.44522
294.4457
294.44561
294.44543
294.44484
294.44435
294.44378
294.44333
294.44283
294.44242
294.44199
294.44163
294.44126
294.44095
294.44067
294.44044
294.44028
294.4402
294.44022
294.44036
294.44069
294.44141
294.44254
294.44488
294.44884
294.4573
294.47347
294.50738
294.56295
294.63564
294.70523
294.76599
294.818
294.86373
294.90171
294.93638
294.9643
294.9893
295.00944
295.02721
295.04166
295.05437
295.06482
295.074
295.08161
295.08829
295.09388
295.09873
295.1029
295.10638
295.10947
295.112
295.11418
295.11607
295.11755
295.11883
295.1199
295.12066
295.12128
295.12181
295.122
295.12215
295.12228
295.12211
295.1218
295.12168
295.1214
295.12072
295.12001
295.11955
295.11909
295.11872
295.11883
295.12038
295.12604
295.13283
295.13797
295.14099
295.14207
295.14213
295.1418
295.14152
295.1415
295.14157
295.14163
295.14164
295.14164
295.14164
295.14165
295.14167
294.45776
294.45685
294.45279
294.44885
294.44588
294.44514
294.44529
294.44569
294.4456
294.44541
294.44484
294.44435
294.44379
294.44335
294.44286
294.44246
294.44204
294.44169
294.44134
294.44103
294.44074
294.44049
294.44027
294.4401
294.43998
294.43995
294.43999
294.44016
294.4405
294.44125
294.44232
294.44455
294.44822
294.45605
294.47116
294.5028
294.55605
294.62683
294.69588
294.75649
294.80785
294.85376
294.89157
294.92657
294.95489
294.98027
295.00093
295.01909
295.03398
295.04702
295.0578
295.06723
295.07512
295.08196
295.08785
295.09281
295.0972
295.10085
295.10401
295.10676
295.10901
295.11096
295.11264
295.11395
295.11505
295.11605
295.11664
295.11715
295.11765
295.11778
295.11775
295.11789
295.11787
295.11741
295.11688
295.11663
295.11633
295.11603
295.11614
295.11766
295.12323
295.13002
295.13521
295.13829
295.13941
295.13949
295.13916
295.13886
295.13884
295.13891
295.13897
295.13898
295.13898
295.13899
295.13899
295.13901
294.45732
294.45643
294.4527
294.4489
294.44609
294.44524
294.44536
294.44568
294.44559
294.44539
294.44483
294.44435
294.4438
294.44336
294.44287
294.44248
294.44207
294.44173
294.44138
294.44109
294.44079
294.44054
294.44031
294.44011
294.43993
294.43981
294.43972
294.43973
294.43979
294.44
294.44034
294.44109
294.44212
294.44427
294.44778
294.45521
294.46968
294.49987
294.55191
294.6213
294.68973
294.74976
294.80035
294.846
294.88355
294.91855
294.94713
294.97273
294.9937
295.01212
295.02729
295.04053
295.05157
295.06112
295.06931
295.07623
295.08233
295.08744
295.09188
295.09575
295.09897
295.10177
295.10422
295.10619
295.10788
295.10944
295.11051
295.11146
295.11237
295.11287
295.11316
295.11361
295.11389
295.11367
295.11338
295.11335
295.11325
295.11303
295.11316
295.11467
295.12017
295.12695
295.13219
295.13534
295.1365
295.13659
295.13627
295.13596
295.13593
295.136
295.13606
295.13607
295.13607
295.13608
295.13608
295.1361
294.45689
294.45602
294.4526
294.44895
294.4463
294.44534
294.44543
294.44568
294.44558
294.44537
294.44482
294.44434
294.4438
294.44336
294.44288
294.44249
294.44208
294.44175
294.44141
294.44112
294.44083
294.44058
294.44035
294.44015
294.43995
294.43979
294.43965
294.43956
294.43952
294.43954
294.43962
294.43985
294.44019
294.44093
294.44195
294.44404
294.44748
294.45464
294.46898
294.49844
294.55026
294.61875
294.68638
294.74548
294.79519
294.84024
294.87753
294.91231
294.94092
294.96657
294.98767
295.00616
295.02154
295.03481
295.04613
295.0557
295.06407
295.07112
295.07723
295.08254
295.08704
295.09092
295.09435
295.09716
295.09958
295.10182
295.10347
295.10494
295.10635
295.10729
295.10795
295.10877
295.1094
295.10946
295.10944
295.10968
295.10981
295.1097
295.10986
295.11139
295.11683
295.12361
295.12889
295.1321
295.13331
295.13341
295.1331
295.13278
295.13275
295.13281
295.13287
295.13289
295.13289
295.13289
295.13289
295.13291
294.45645
294.45561
294.45249
294.44898
294.4465
294.44545
294.4455
294.44567
294.44557
294.44535
294.44482
294.44434
294.44381
294.44337
294.44289
294.4425
294.44209
294.44176
294.44142
294.44113
294.44085
294.44061
294.44038
294.44017
294.43998
294.43981
294.43966
294.43953
294.43943
294.43936
294.43934
294.43937
294.43947
294.43971
294.44005
294.44078
294.44184
294.44383
294.44737
294.45438
294.46895
294.49848
294.5509
294.61883
294.68545
294.74333
294.7921
294.83639
294.87325
294.90767
294.93611
294.96159
294.98276
295.00113
295.0167
295.0299
295.04133
295.05098
295.05931
295.06652
295.07266
295.07795
295.08262
295.08652
295.08987
295.09296
295.09533
295.09744
295.09944
295.10091
295.10202
295.10327
295.10431
295.1047
295.10499
295.10555
295.10595
295.10597
295.1062
295.10777
295.11318
295.11995
295.12528
295.12856
295.12981
295.12993
295.12962
295.12929
295.12925
295.12931
295.12938
295.12939
295.12939
295.12939
295.1294
295.12941
294.45603
294.4552
294.45236
294.44902
294.44668
294.44555
294.44557
294.44566
294.44556
294.44532
294.44481
294.44433
294.44381
294.44337
294.4429
294.44251
294.4421
294.44177
294.44143
294.44115
294.44086
294.44062
294.44039
294.44019
294.44
294.43983
294.43967
294.43954
294.43942
294.43931
294.43924
294.43919
294.43919
294.43923
294.43933
294.43956
294.43995
294.44063
294.44176
294.44373
294.44737
294.45453
294.46955
294.49993
294.55359
294.62123
294.68646
294.74306
294.79079
294.83423
294.8705
294.90436
294.93263
294.95769
294.97892
294.99702
295.01261
295.02577
295.03709
295.04682
295.05513
295.06226
295.06855
295.07383
295.07837
295.08254
295.08583
295.08875
295.09147
295.09358
295.09524
295.097
295.09852
295.09931
295.09996
295.10089
295.1016
295.1018
295.10213
295.10378
295.10918
295.11594
295.12133
295.12467
295.12596
295.1261
295.1258
295.12545
295.12541
295.12547
295.12553
295.12555
295.12554
295.12555
295.12555
295.12557
294.45561
294.45481
294.45221
294.44906
294.44684
294.44567
294.44563
294.44566
294.44556
294.4453
294.4448
294.44433
294.44382
294.44337
294.44291
294.44251
294.44212
294.44178
294.44144
294.44116
294.44088
294.44063
294.44041
294.44021
294.44002
294.43985
294.43969
294.43955
294.43943
294.43931
294.43922
294.43913
294.43908
294.43904
294.43904
294.43909
294.4392
294.43944
294.43985
294.44055
294.44171
294.44376
294.4475
294.455
294.47079
294.50282
294.55816
294.62558
294.68927
294.74448
294.79107
294.83344
294.86923
294.90223
294.93035
294.95484
294.97591
294.99379
295.00914
295.02226
295.03348
295.04305
295.05144
295.05852
295.06461
295.07014
295.07461
295.07854
295.08219
295.0851
295.08744
295.08981
295.09191
295.09318
295.09426
295.09561
295.09671
295.09713
295.09758
295.09934
295.10477
295.11153
295.11698
295.12038
295.12172
295.12188
295.12159
295.12122
295.12118
295.12123
295.1213
295.12131
295.12131
295.12131
295.12132
295.12134
294.45519
294.45444
294.45204
294.4491
294.44696
294.44582
294.44567
294.44566
294.44556
294.44529
294.4448
294.44432
294.44382
294.44338
294.44292
294.44252
294.44213
294.44179
294.44146
294.44117
294.44089
294.44064
294.44042
294.44022
294.44003
294.43986
294.4397
294.43956
294.43944
294.43932
294.43922
294.43913
294.43905
294.43898
294.43893
294.4389
294.43891
294.43897
294.4391
294.43937
294.43979
294.44053
294.44172
294.44387
294.44777
294.4558
294.47275
294.50711
294.56457
294.63169
294.69374
294.7473
294.79279
294.83382
294.86925
294.90122
294.92899
294.95296
294.97361
294.99126
295.00638
295.0192
295.0304
295.03985
295.04795
295.05525
295.06121
295.06645
295.07124
295.07517
295.07837
295.08151
295.08432
295.08617
295.08777
295.08962
295.09116
295.09187
295.09248
295.09441
295.0999
295.10667
295.11218
295.11566
295.11705
295.11722
295.11693
295.11656
295.11651
295.11656
295.11663
295.11664
295.11664
295.11664
295.11665
295.11666
294.45478
294.45407
294.45186
294.44914
294.44709
294.44596
294.44573
294.44568
294.44558
294.44526
294.44478
294.44431
294.44382
294.44338
294.44293
294.44253
294.44214
294.4418
294.44147
294.44118
294.4409
294.44066
294.44043
294.44023
294.44004
294.43987
294.43972
294.43958
294.43945
294.43934
294.43923
294.43913
294.43905
294.43897
294.43889
294.43884
294.4388
294.4388
294.43882
294.43889
294.43904
294.43934
294.43976
294.44054
294.44176
294.44402
294.4482
294.45695
294.47555
294.51296
294.57277
294.63933
294.69949
294.7512
294.79576
294.83527
294.87019
294.90124
294.92838
294.95183
294.97207
294.98921
295.00417
295.01677
295.02753
295.03714
295.04506
295.05196
295.05822
295.06343
295.06771
295.07182
295.0755
295.07809
295.08033
295.08278
295.08486
295.08592
295.08675
295.08891
295.0945
295.10129
295.10688
295.11044
295.11188
295.11206
295.11179
295.1114
295.11134
295.11139
295.11146
295.11147
295.11147
295.11147
295.11148
295.1115
294.45438
294.45372
294.45167
294.44917
294.44719
294.44609
294.44578
294.44571
294.44557
294.44525
294.44478
294.44431
294.44382
294.44338
294.44294
294.44254
294.44215
294.44181
294.44148
294.44119
294.44091
294.44067
294.44044
294.44024
294.44005
294.43988
294.43973
294.43959
294.43946
294.43935
294.43924
294.43914
294.43905
294.43897
294.43889
294.43882
294.43877
294.43873
294.43871
294.43872
294.43876
294.43886
294.43901
294.43933
294.43976
294.44055
294.44183
294.44423
294.44883
294.45857
294.47936
294.52057
294.5826
294.6481
294.70642
294.75603
294.79957
294.83773
294.87189
294.90203
294.92858
294.95123
294.97111
294.98788
295.00218
295.01484
295.02533
295.03442
295.04257
295.04941
295.05507
295.06039
295.06516
295.06868
295.07171
295.07491
295.07764
295.07917
295.08028
295.08274
295.08848
295.09532
295.10101
295.10465
295.10614
295.10634
295.10607
295.10567
295.10561
295.10565
295.10573
295.10574
295.10574
295.10574
295.10574
295.10576
294.45399
294.45336
294.45147
294.44918
294.44729
294.44622
294.44583
294.44574
294.44556
294.44523
294.44477
294.4443
294.44383
294.44339
294.44295
294.44255
294.44216
294.44182
294.44149
294.4412
294.44093
294.44068
294.44045
294.44025
294.44006
294.43989
294.43974
294.4396
294.43947
294.43935
294.43925
294.43915
294.43906
294.43897
294.4389
294.43882
294.43876
294.43871
294.43867
294.43866
294.43866
294.43868
294.43874
294.43885
294.43901
294.43931
294.43976
294.44057
294.44196
294.44457
294.44973
294.46075
294.48442
294.52987
294.59389
294.65772
294.71412
294.76181
294.80409
294.84092
294.87439
294.90337
294.92934
294.9514
294.97036
294.98704
295.00093
295.01291
295.02352
295.03249
295.03993
295.04679
295.05294
295.05761
295.06165
295.06576
295.06931
295.07144
295.07295
295.0758
295.08174
295.08866
295.09447
295.0982
295.09975
295.09997
295.09971
295.09929
295.09923
295.09927
295.09934
295.09936
295.09935
295.09935
295.09936
295.09937
294.4536
294.453
294.45128
294.44917
294.44738
294.44633
294.44589
294.44575
294.44555
294.44521
294.44476
294.4443
294.44383
294.44339
294.44296
294.44256
294.44218
294.44183
294.44151
294.44121
294.44094
294.44069
294.44047
294.44026
294.44007
294.4399
294.43975
294.43961
294.43948
294.43936
294.43926
294.43916
294.43907
294.43898
294.4389
294.43883
294.43876
294.43871
294.43867
294.43864
294.43863
294.43863
294.43864
294.43868
294.43873
294.43884
294.439
294.43928
294.43978
294.44064
294.44219
294.44504
294.45093
294.46358
294.49085
294.54115
294.60632
294.66825
294.72246
294.76825
294.80935
294.84468
294.87741
294.90554
294.93029
294.95208
294.97042
294.98621
295.00006
295.01182
295.02158
295.03043
295.03833
295.04448
295.04979
295.05502
295.05959
295.0625
295.06456
295.06791
295.07412
295.0812
295.08716
295.091
295.09261
295.09284
295.09259
295.09216
295.09209
295.09213
295.0922
295.09222
295.09221
295.09221
295.09222
295.09224
294.45321
294.45265
294.45107
294.44914
294.44746
294.44642
294.44594
294.44575
294.44553
294.44519
294.44475
294.44429
294.44383
294.44339
294.44296
294.44256
294.44219
294.44184
294.44152
294.44122
294.44095
294.4407
294.44048
294.44027
294.44008
294.43991
294.43976
294.43961
294.43949
294.43937
294.43926
294.43916
294.43907
294.43899
294.43891
294.43883
294.43877
294.43871
294.43867
294.43864
294.43862
294.43861
294.43861
294.43862
294.43864
294.43867
294.43872
294.43881
294.439
294.43931
294.43986
294.44077
294.44244
294.44566
294.45249
294.46732
294.49916
294.55428
294.61965
294.67938
294.73143
294.77525
294.81503
294.84929
294.88051
294.90826
294.93211
294.95277
294.97084
294.98626
294.99908
295.01052
295.0207
295.02875
295.03567
295.04233
295.04815
295.05206
295.05486
295.05885
295.06543
295.07275
295.07893
295.08289
295.08457
295.08483
295.08458
295.08414
295.08405
295.08409
295.08416
295.08418
295.08417
295.08417
295.08418
295.08419
294.45282
294.45229
294.45086
294.4491
294.44752
294.4465
294.446
294.44576
294.44552
294.44517
294.44474
294.44428
294.44383
294.44339
294.44297
294.44257
294.4422
294.44185
294.44153
294.44123
294.44096
294.44071
294.44049
294.44028
294.44009
294.43992
294.43976
294.43962
294.43949
294.43938
294.43927
294.43917
294.43908
294.43899
294.43891
294.43884
294.43877
294.43872
294.43867
294.43864
294.43862
294.43861
294.43861
294.43861
294.43861
294.43861
294.43863
294.43866
294.43872
294.43883
294.43904
294.43938
294.43993
294.44091
294.44276
294.4465
294.45459
294.47222
294.50967
294.56897
294.63373
294.69106
294.74069
294.78309
294.82069
294.85453
294.88453
294.91095
294.93424
294.95435
294.97115
294.986
294.99914
295.00968
295.01869
295.02716
295.03458
295.03976
295.04354
295.04836
295.05544
295.06311
295.06956
295.07368
295.07544
295.07572
295.07548
295.07502
295.07492
295.07495
295.07503
295.07505
295.07504
295.07504
295.07505
295.07506
294.45245
294.45194
294.45065
294.44904
294.44757
294.44657
294.44604
294.44577
294.44551
294.44516
294.44473
294.44428
294.44383
294.4434
294.44298
294.44258
294.44221
294.44186
294.44154
294.44124
294.44097
294.44072
294.44049
294.44029
294.4401
294.43993
294.43977
294.43963
294.4395
294.43938
294.43928
294.43918
294.43908
294.439
294.43892
294.43884
294.43878
294.43872
294.43868
294.43864
294.43862
294.43861
294.43861
294.43861
294.4386
294.4386
294.4386
294.43861
294.43863
294.43868
294.43876
294.43889
294.43909
294.43941
294.44
294.4411
294.44322
294.44763
294.45738
294.47849
294.52252
294.5851
294.64812
294.70343
294.74982
294.79122
294.8272
294.85969
294.88879
294.91452
294.93626
294.95551
294.97249
294.98627
294.99803
295.00884
295.0183
295.02512
295.03021
295.03608
295.04386
295.05202
295.05882
295.06314
295.06501
295.06531
295.06507
295.06459
295.06448
295.06451
295.06459
295.0646
295.0646
295.0646
295.0646
295.06462
294.45209
294.45161
294.45044
294.44898
294.44761
294.44664
294.44609
294.44578
294.44549
294.44514
294.44472
294.44427
294.44383
294.4434
294.44298
294.44259
294.44222
294.44187
294.44155
294.44126
294.44098
294.44073
294.4405
294.4403
294.44011
294.43993
294.43978
294.43964
294.43951
294.43939
294.43928
294.43918
294.43909
294.439
294.43892
294.43885
294.43878
294.43873
294.43868
294.43865
294.43863
294.43861
294.43861
294.43861
294.43861
294.43859
294.43859
294.4386
294.43861
294.43863
294.43868
294.43874
294.43881
294.43892
294.43912
294.43948
294.44014
294.44135
294.44383
294.44909
294.461
294.48718
294.53763
294.6023
294.6624
294.71548
294.75963
294.79909
294.83387
294.86563
294.89294
294.91752
294.93929
294.95725
294.9726
294.98645
294.99855
295.00752
295.01434
295.02159
295.03033
295.03916
295.0464
295.051
295.05298
295.05332
295.05307
295.05258
295.05246
295.05249
295.05256
295.05258
295.05257
295.05257
295.05258
295.05259
294.45174
294.45128
294.45023
294.4489
294.44763
294.4467
294.44613
294.44579
294.44548
294.44512
294.4447
294.44427
294.44383
294.4434
294.44299
294.4426
294.44223
294.44189
294.44157
294.44127
294.441
294.44074
294.44052
294.44031
294.44012
294.43994
294.43979
294.43964
294.43952
294.4394
294.43929
294.43919
294.4391
294.43901
294.43893
294.43886
294.43879
294.43873
294.43868
294.43865
294.43863
294.43862
294.43861
294.43861
294.43861
294.43859
294.43859
294.43859
294.4386
294.43862
294.43865
294.43869
294.43873
294.43876
294.43884
294.43896
294.43919
294.43956
294.44028
294.44167
294.44462
294.45111
294.46589
294.49842
294.55486
294.61975
294.67711
294.72703
294.76952
294.80761
294.84047
294.87086
294.89812
294.92117
294.94103
294.95879
294.9743
294.98609
294.9952
295.00428
295.01435
295.0241
295.03194
295.03689
295.03902
295.03939
295.03915
295.03864
295.03852
295.03854
295.03861
295.03863
295.03862
295.03862
295.03862
295.03864
294.45145
294.45095
294.45001
294.44881
294.44763
294.44674
294.44616
294.44579
294.44547
294.44511
294.44469
294.44426
294.44383
294.44341
294.443
294.44261
294.44224
294.4419
294.44158
294.44128
294.44101
294.44076
294.44053
294.44032
294.44013
294.43995
294.4398
294.43965
294.43952
294.43941
294.4393
294.4392
294.43911
294.43902
294.43894
294.43886
294.43879
294.43874
294.43869
294.43865
294.43863
294.43862
294.43862
294.43862
294.43861
294.4386
294.43859
294.43859
294.4386
294.43862
294.43865
294.43868
294.4387
294.43872
294.43875
294.43881
294.4389
294.43902
294.43924
294.43965
294.44045
294.44211
294.44569
294.45387
294.47245
294.51275
294.57357
294.6368
294.69183
294.73899
294.77929
294.81532
294.84816
294.87676
294.90193
294.92446
294.94428
294.9597
294.97186
294.98337
294.99525
295.00629
295.01493
295.02033
295.02266
295.02308
295.02285
295.02232
295.02219
295.02221
295.02228
295.0223
295.02229
295.02229
295.02229
295.0223
294.45118
294.45061
294.44979
294.4487
294.44762
294.44676
294.44618
294.44579
294.44546
294.44509
294.44468
294.44425
294.44382
294.44341
294.443
294.44262
294.44225
294.44191
294.44159
294.4413
294.44102
294.44077
294.44054
294.44033
294.44014
294.43997
294.43981
294.43966
294.43954
294.43942
294.43931
294.43921
294.43912
294.43903
294.43895
294.43887
294.4388
294.43874
294.43869
294.43866
294.43864
294.43862
294.43862
294.43862
294.43862
294.4386
294.4386
294.4386
294.4386
294.43862
294.43865
294.43868
294.4387
294.43872
294.43873
294.43877
294.43882
294.43887
294.43894
294.43907
294.43931
294.43976
294.44069
294.44269
294.44715
294.45764
294.48096
294.52975
294.59348
294.65388
294.70618
294.7501
294.78971
294.82367
294.85438
294.88217
294.90712
294.92701
294.94309
294.9578
294.97216
294.98496
294.99469
295.00066
295.00326
295.00375
295.00353
295.00301
295.00287
295.00289
295.00296
295.00297
295.00296
295.00296
295.00296
295.00297
294.45082
294.45032
294.44957
294.44859
294.4476
294.44678
294.4462
294.4458
294.44544
294.44507
294.44466
294.44424
294.44382
294.44341
294.44301
294.44263
294.44227
294.44193
294.44161
294.44131
294.44104
294.44079
294.44056
294.44035
294.44016
294.43998
294.43982
294.43968
294.43955
294.43943
294.43932
294.43922
294.43913
294.43904
294.43895
294.43888
294.43881
294.43875
294.4387
294.43866
294.43864
294.43863
294.43863
294.43863
294.43862
294.43861
294.4386
294.4386
294.43861
294.43862
294.43865
294.43868
294.4387
294.43872
294.43873
294.43876
294.4388
294.43883
294.43886
294.43891
294.43899
294.43913
294.43938
294.4399
294.441
294.44348
294.44912
294.46268
294.49322
294.54898
294.61326
294.67026
294.72035
294.76164
294.79844
294.83141
294.86182
294.88674
294.90755
294.92632
294.94396
294.95912
294.97031
294.97705
294.97998
294.98058
294.98039
294.97989
294.97975
294.97976
294.97982
294.97983
294.97982
294.97981
294.97982
294.97983
294.45046
294.45004
294.44935
294.44847
294.44756
294.44679
294.44621
294.44579
294.44542
294.44505
294.44465
294.44423
294.44381
294.44341
294.44301
294.44264
294.44228
294.44194
294.44162
294.44133
294.44106
294.44081
294.44057
294.44036
294.44017
294.44
294.43984
294.43969
294.43956
294.43944
294.43933
294.43923
294.43914
294.43905
294.43896
294.43889
294.43881
294.43876
294.43871
294.43867
294.43865
294.43864
294.43863
294.43863
294.43863
294.43861
294.4386
294.43861
294.43861
294.43863
294.43866
294.43869
294.43871
294.43872
294.43873
294.43876
294.4388
294.43882
294.43884
294.43887
294.43891
294.43896
294.43904
294.43918
294.43946
294.44007
294.44142
294.44453
294.45196
294.46963
294.50883
294.56995
294.63311
294.68656
294.73248
294.7725
294.80828
294.83824
294.8642
294.88768
294.90939
294.92759
294.94068
294.94838
294.95174
294.95249
294.95235
294.95189
294.95176
294.95177
294.95182
294.95182
294.95181
294.95181
294.95181
294.95182
294.45014
294.44975
294.44913
294.44834
294.44751
294.44678
294.44621
294.44578
294.44541
294.44503
294.44463
294.44422
294.44381
294.44341
294.44302
294.44265
294.44229
294.44195
294.44164
294.44135
294.44107
294.44082
294.44059
294.44038
294.44019
294.44001
294.43985
294.43971
294.43958
294.43946
294.43935
294.43924
294.43915
294.43906
294.43897
294.43889
294.43882
294.43876
294.43871
294.43868
294.43866
294.43865
294.43864
294.43864
294.43864
294.43862
294.43861
294.43861
294.43862
294.43863
294.43866
294.43869
294.43871
294.43872
294.43874
294.43876
294.4388
294.43883
294.43884
294.43887
294.4389
294.43892
294.43896
294.439
294.43908
294.43923
294.43956
294.44029
294.44197
294.44599
294.45594
294.47907
294.52839
294.59115
294.65065
294.70225
294.74556
294.78188
294.8128
294.84116
294.8674
294.8892
294.9046
294.91345
294.91729
294.91824
294.91817
294.91781
294.91768
294.91769
294.91773
294.91773
294.91771
294.91771
294.91771
294.91772
294.44982
294.44947
294.44891
294.4482
294.44744
294.44676
294.44621
294.44577
294.44539
294.44501
294.44461
294.44421
294.4438
294.44341
294.44302
294.44265
294.4423
294.44197
294.44166
294.44136
294.44109
294.44084
294.44061
294.4404
294.44021
294.44003
294.43987
294.43972
294.43959
294.43947
294.43936
294.43926
294.43916
294.43907
294.43898
294.4389
294.43883
294.43877
294.43872
294.43869
294.43867
294.43865
294.43865
294.43865
294.43864
294.43862
294.43861
294.43862
294.43862
294.43864
294.43867
294.4387
294.43871
294.43873
294.43874
294.43876
294.4388
294.43883
294.43885
294.43887
294.43889
294.43892
294.43894
294.43897
294.439
294.43904
294.43912
294.43929
294.43967
294.44057
294.44275
294.44807
294.46151
294.49178
294.54904
294.6132
294.66874
294.71511
294.7529
294.78695
294.81768
294.84331
294.86118
294.87118
294.87549
294.87668
294.87673
294.87651
294.87642
294.87643
294.87645
294.87644
294.87642
294.87641
294.87642
294.87643
294.44951
294.44918
294.44868
294.44805
294.44736
294.44672
294.44619
294.44575
294.44536
294.44498
294.44459
294.44419
294.44379
294.4434
294.44303
294.44266
294.44231
294.44198
294.44167
294.44138
294.44111
294.44086
294.44063
294.44042
294.44022
294.44005
294.43988
294.43974
294.43961
294.43948
294.43937
294.43927
294.43917
294.43908
294.43899
294.43891
294.43884
294.43878
294.43873
294.43869
294.43867
294.43866
294.43866
294.43865
294.43865
294.43863
294.43862
294.43862
294.43863
294.43864
294.43867
294.4387
294.43872
294.43873
294.43874
294.43877
294.43881
294.43883
294.43885
294.43887
294.4389
294.43892
294.43894
294.43896
294.43898
294.439
294.43903
294.43907
294.43915
294.43935
294.43981
294.44095
294.44382
294.45101
294.4691
294.5104
294.57171
294.63085
294.68022
294.72328
294.76039
294.79023
294.81038
294.82131
294.82601
294.82746
294.8277
294.82764
294.82763
294.82764
294.82764
294.82761
294.82759
294.82758
294.82759
294.82759
294.4492
294.44891
294.44846
294.44789
294.44726
294.44667
294.44615
294.44572
294.44533
294.44495
294.44456
294.44417
294.44378
294.4434
294.44302
294.44266
294.44232
294.44199
294.44168
294.44139
294.44112
294.44087
294.44064
294.44043
294.44024
294.44006
294.4399
294.43975
294.43962
294.43949
294.43938
294.43928
294.43918
294.43909
294.439
294.43892
294.43885
294.43879
294.43874
294.4387
294.43868
294.43867
294.43866
294.43866
294.43865
294.43864
294.43863
294.43863
294.43863
294.43865
294.43868
294.4387
294.43872
294.43874
294.43875
294.43877
294.43881
294.43884
294.43885
294.43888
294.4389
294.43892
294.43894
294.43896
294.43898
294.439
294.43901
294.43902
294.43905
294.43909
294.43918
294.43941
294.43999
294.44148
294.44533
294.45551
294.47963
294.52825
294.58749
294.64433
294.69236
294.72868
294.75213
294.76446
294.76961
294.77131
294.77178
294.77192
294.77198
294.772
294.77198
294.77194
294.77191
294.77191
294.77191
294.77192
294.4489
294.44863
294.44823
294.44772
294.44715
294.4466
294.44611
294.44568
294.44529
294.44492
294.44454
294.44415
294.44377
294.44339
294.44302
294.44267
294.44233
294.442
294.4417
294.44141
294.44114
294.44089
294.44066
294.44044
294.44025
294.44007
294.43991
294.43976
294.43963
294.4395
294.43939
294.43929
294.43919
294.4391
294.43901
294.43893
294.43886
294.4388
294.43875
294.43871
294.43869
294.43867
294.43867
294.43867
294.43866
294.43864
294.43863
294.43863
294.43864
294.43865
294.43868
294.43871
294.43873
294.43874
294.43875
294.43878
294.43881
294.43884
294.43885
294.43888
294.4389
294.43892
294.43895
294.43896
294.43898
294.439
294.43901
294.43902
294.43903
294.43904
294.43906
294.4391
294.4392
294.43948
294.44023
294.44225
294.44743
294.46051
294.48905
294.54621
294.60711
294.65369
294.68293
294.69783
294.70386
294.70595
294.70671
294.70705
294.70719
294.70722
294.70718
294.70713
294.7071
294.70709
294.70709
294.70709
294.44861
294.44836
294.448
294.44754
294.44703
294.44652
294.44605
294.44563
294.44525
294.44488
294.44451
294.44413
294.44375
294.44338
294.44302
294.44267
294.44234
294.44201
294.44171
294.44142
294.44116
294.44091
294.44068
294.44046
294.44027
294.44009
294.43992
294.43977
294.43964
294.43952
294.4394
294.4393
294.4392
294.43911
294.43902
294.43894
294.43887
294.43881
294.43876
294.43872
294.43869
294.43868
294.43867
294.43867
294.43866
294.43865
294.43864
294.43864
294.43864
294.43866
294.43869
294.43871
294.43873
294.43874
294.43876
294.43878
294.43882
294.43884
294.43886
294.43888
294.43891
294.43893
294.43895
294.43897
294.43898
294.439
294.43901
294.43902
294.43903
294.43904
294.43904
294.43904
294.43905
294.4391
294.43922
294.43958
294.44055
294.44309
294.44962
294.46702
294.50964
294.5618
294.59677
294.6146
294.62189
294.62461
294.62576
294.62634
294.62657
294.62661
294.62657
294.6265
294.62646
294.62645
294.62645
294.62645
294.44833
294.4481
294.44778
294.44737
294.4469
294.44643
294.44599
294.44558
294.44521
294.44484
294.44447
294.4441
294.44374
294.44337
294.44302
294.44267
294.44234
294.44202
294.44172
294.44144
294.44117
294.44092
294.44069
294.44048
294.44029
294.4401
294.43994
294.43979
294.43965
294.43953
294.43942
294.43931
294.43921
294.43912
294.43903
294.43895
294.43888
294.43882
294.43877
294.43873
294.4387
294.43869
294.43868
294.43868
294.43867
294.43865
294.43864
294.43864
294.43865
294.43867
294.43869
294.43872
294.43873
294.43875
294.43876
294.43879
294.43882
294.43885
294.43886
294.43889
294.43891
294.43893
294.43895
294.43897
294.43899
294.439
294.43902
294.43902
294.43903
294.43904
294.43903
294.43903
294.43903
294.43903
294.43903
294.43908
294.43923
294.43968
294.44088
294.44428
294.45431
294.47933
294.50363
294.51798
294.52447
294.52725
294.5287
294.52949
294.5298
294.52984
294.52979
294.52972
294.52968
294.52966
294.52966
294.52966
294.44805
294.44784
294.44755
294.44718
294.44677
294.44633
294.44591
294.44552
294.44515
294.44479
294.44443
294.44407
294.44371
294.44336
294.44301
294.44267
294.44235
294.44203
294.44174
294.44145
294.44119
294.44094
294.44072
294.4405
294.44031
294.44013
294.43996
294.43981
294.43967
294.43955
294.43943
294.43932
294.43922
294.43913
294.43904
294.43896
294.43889
294.43883
294.43878
294.43874
294.43872
294.4387
294.43869
294.43868
294.43868
294.43866
294.43865
294.43865
294.43866
294.43867
294.4387
294.43872
294.43874
294.43875
294.43877
294.43879
294.43883
294.43885
294.43886
294.43889
294.43892
294.43893
294.43896
294.43897
294.43899
294.43901
294.43902
294.43903
294.43904
294.43904
294.43904
294.43903
294.43903
294.43902
294.43899
294.43899
294.43901
294.43907
294.43925
294.43984
294.44173
294.44746
294.45419
294.45829
294.46022
294.46132
294.46217
294.46266
294.46285
294.46286
294.4628
294.46275
294.46271
294.4627
294.4627
294.4627
294.44778
294.44759
294.44733
294.447
294.44662
294.44622
294.44582
294.44545
294.44509
294.44474
294.44439
294.44403
294.44368
294.44334
294.443
294.44267
294.44235
294.44204
294.44175
294.44147
294.44121
294.44097
294.44074
294.44053
294.44033
294.44015
294.43999
294.43983
294.43969
294.43956
294.43944
294.43933
294.43923
294.43914
294.43905
294.43897
294.4389
294.43884
294.4388
294.43876
294.43873
294.43871
294.4387
294.43869
294.43868
294.43866
294.43866
294.43866
294.43867
294.43868
294.43871
294.43873
294.43874
294.43876
294.43877
294.4388
294.43883
294.43885
294.43887
294.4389
294.43892
294.43894
294.43896
294.43898
294.43899
294.43901
294.43902
294.43903
294.43904
294.43904
294.43904
294.43904
294.43903
294.43902
294.43899
294.43898
294.43898
294.43897
294.43897
294.43906
294.4395
294.44091
294.44218
294.4427
294.44289
294.44311
294.44359
294.44392
294.44403
294.44402
294.44397
294.44392
294.44389
294.44388
294.44388
294.44388
294.44751
294.44734
294.4471
294.4468
294.44646
294.44609
294.44572
294.44536
294.44502
294.44467
294.44433
294.44399
294.44365
294.44332
294.44298
294.44266
294.44235
294.44205
294.44176
294.44149
294.44123
294.44099
294.44077
294.44055
294.44036
294.44018
294.44001
294.43985
294.43971
294.43958
294.43946
294.43934
294.43924
294.43915
294.43906
294.43898
294.43892
294.43886
294.43881
294.43877
294.43875
294.43872
294.43871
294.43869
294.43868
294.43867
294.43867
294.43867
294.43868
294.43869
294.43871
294.43873
294.43875
294.43876
294.43878
294.43881
294.43884
294.43885
294.43887
294.4389
294.43893
294.43894
294.43897
294.43898
294.439
294.43902
294.43903
294.43903
294.43904
294.43905
294.43905
294.43904
294.43904
294.43903
294.439
294.43898
294.43898
294.43896
294.43892
294.43895
294.43916
294.43972
294.43993
294.43986
294.43972
294.43977
294.44009
294.44043
294.44053
294.44052
294.44047
294.44043
294.4404
294.44039
294.44038
294.44038
294.44724
294.44709
294.44687
294.4466
294.44629
294.44596
294.44562
294.44528
294.44494
294.44461
294.44428
294.44395
294.44362
294.44329
294.44297
294.44266
294.44235
294.44206
294.44178
294.44151
294.44125
294.44101
294.44079
294.44058
294.44038
294.4402
294.44003
294.43987
294.43973
294.43959
294.43947
294.43935
294.43925
294.43916
294.43907
294.439
294.43893
294.43888
294.43883
294.43879
294.43876
294.43874
294.43872
294.4387
294.43869
294.43868
294.43868
294.43868
294.43869
294.4387
294.43872
294.43874
294.43875
294.43877
294.43879
294.43882
294.43884
294.43886
294.43888
294.43891
294.43893
294.43895
294.43897
294.43899
294.439
294.43902
294.43903
294.43904
294.43905
294.43905
294.43905
294.43905
294.43904
294.43903
294.439
294.43899
294.43899
294.43896
294.43892
294.43894
294.43912
294.4395
294.43956
294.43941
294.43921
294.43924
294.43953
294.43987
294.43998
294.43996
294.43992
294.43987
294.43985
294.43983
294.43983
294.43983
294.44699
294.44684
294.44665
294.44641
294.44613
294.44582
294.4455
294.44518
294.44486
294.44454
294.44423
294.44391
294.44359
294.44327
294.44295
294.44265
294.44235
294.44206
294.44178
294.44152
294.44126
294.44103
294.4408
294.4406
294.4404
294.44022
294.44005
294.43989
294.43974
294.43961
294.43948
294.43937
294.43926
294.43917
294.43908
294.43901
294.43894
294.43889
294.43884
294.4388
294.43877
294.43875
294.43873
294.43871
294.4387
294.43869
294.43869
294.43869
294.4387
294.43871
294.43873
294.43874
294.43876
294.43877
294.4388
294.43883
294.43885
294.43886
294.43889
294.43892
294.43894
294.43895
294.43898
294.43899
294.43901
294.43902
294.43903
294.43904
294.43905
294.43906
294.43905
294.43905
294.43905
294.43904
294.43901
294.43899
294.43899
294.43897
294.43893
294.43895
294.43912
294.43948
294.43952
294.43937
294.43917
294.4392
294.4395
294.43983
294.43994
294.43993
294.43989
294.43984
294.43982
294.4398
294.4398
294.4398
294.44674
294.44661
294.44644
294.44622
294.44597
294.44569
294.44539
294.44509
294.44478
294.44448
294.44417
294.44386
294.44355
294.44324
294.44293
294.44263
294.44234
294.44205
294.44178
294.44152
294.44127
294.44103
294.44081
294.44061
294.44041
294.44023
294.44007
294.43991
294.43976
294.43963
294.4395
294.43939
294.43928
294.43919
294.4391
294.43902
294.43896
294.4389
294.43885
294.43881
294.43878
294.43876
294.43874
294.43872
294.43871
294.4387
294.4387
294.4387
294.43871
294.43872
294.43874
294.43875
294.43876
294.43878
294.43881
294.43884
294.43885
294.43887
294.43889
294.43892
294.43894
294.43896
294.43898
294.439
294.43901
294.43903
294.43904
294.43905
294.43906
294.43906
294.43906
294.43905
294.43905
294.43904
294.43901
294.439
294.439
294.43898
294.43894
294.43895
294.43913
294.43948
294.43953
294.43938
294.4392
294.43924
294.43954
294.43988
294.43999
294.43998
294.43993
294.43989
294.43986
294.43985
294.43984
294.43984
294.4465
294.44638
294.44623
294.44603
294.4458
294.44555
294.44527
294.44499
294.4447
294.4444
294.44411
294.44381
294.44351
294.44321
294.44291
294.44261
294.44233
294.44205
294.44178
294.44152
294.44127
294.44104
294.44082
294.44062
294.44043
294.44025
294.44008
294.43993
294.43978
294.43965
294.43953
294.43941
294.4393
294.4392
294.43912
294.43904
294.43897
294.43891
294.43886
294.43882
294.4388
294.43877
294.43875
294.43874
294.43872
294.43871
294.4387
294.43871
294.43872
294.43873
294.43875
294.43876
294.43877
294.43879
294.43881
294.43884
294.43886
294.43888
294.4389
294.43893
294.43895
294.43896
294.43899
294.43901
294.43902
294.43903
294.43905
294.43905
294.43906
294.43906
294.43906
294.43906
294.43905
294.43905
294.43902
294.439
294.439
294.43898
294.43895
294.43896
294.43914
294.43948
294.43954
294.4394
294.43924
294.43928
294.43958
294.43992
294.44003
294.44002
294.43998
294.43994
294.43991
294.43989
294.43989
294.43989
294.44626
294.44615
294.44601
294.44584
294.44563
294.4454
294.44514
294.44488
294.44461
294.44433
294.44404
294.44375
294.44346
294.44317
294.44288
294.4426
294.44231
294.44204
294.44178
294.44152
294.44128
294.44105
294.44084
294.44063
294.44044
294.44026
294.4401
294.43995
294.4398
294.43967
294.43955
294.43943
294.43932
294.43922
294.43914
294.43905
294.43898
294.43892
294.43887
294.43884
294.43881
294.43879
294.43877
294.43875
294.43874
294.43872
294.43871
294.43872
294.43872
294.43874
294.43876
294.43877
294.43879
294.4388
294.43882
294.43885
294.43887
294.43889
294.43891
294.43893
294.43895
294.43897
294.43899
294.43901
294.43902
294.43904
294.43905
294.43906
294.43906
294.43907
294.43907
294.43906
294.43906
294.43905
294.43902
294.43901
294.43901
294.43899
294.43896
294.43897
294.43914
294.43949
294.43955
294.43942
294.43927
294.43931
294.43962
294.43995
294.44006
294.44006
294.44001
294.43997
294.43994
294.43993
294.43992
294.43992
294.44603
294.44593
294.4458
294.44565
294.44546
294.44525
294.44502
294.44477
294.44451
294.44425
294.44398
294.4437
294.44342
294.44314
294.44286
294.44258
294.4423
294.44203
294.44177
294.44152
294.44128
294.44106
294.44084
294.44064
294.44045
294.44028
294.44011
294.43996
294.43982
294.43969
294.43957
294.43946
294.43935
294.43925
294.43916
294.43907
294.439
294.43894
294.43889
294.43885
294.43882
294.4388
294.43878
294.43877
294.43876
294.43874
294.43873
294.43873
294.43873
294.43875
294.43877
294.43878
294.4388
294.43881
294.43882
294.43885
294.43888
294.4389
294.43892
294.43894
294.43896
294.43898
294.439
294.43902
294.43903
294.43905
294.43906
294.43907
294.43907
294.43908
294.43907
294.43907
294.43907
294.43906
294.43903
294.43902
294.43902
294.439
294.43896
294.43898
294.43915
294.43949
294.43955
294.43944
294.4393
294.43934
294.43965
294.43998
294.44009
294.44008
294.44004
294.44
294.43997
294.43996
294.43995
294.43995
294.44579
294.44571
294.44559
294.44545
294.44528
294.44509
294.44488
294.44465
294.44441
294.44416
294.44391
294.44364
294.44337
294.4431
294.44283
294.44256
294.44229
294.44203
294.44177
294.44152
294.44129
294.44106
294.44085
294.44065
294.44046
294.44029
294.44013
294.43998
294.43984
294.43971
294.43959
294.43948
294.43937
294.43927
294.43918
294.43909
294.43902
294.43895
294.4389
294.43886
294.43883
294.43881
294.4388
294.43879
294.43877
294.43875
294.43874
294.43874
294.43874
294.43876
294.43878
294.4388
294.43881
294.43882
294.43884
294.43886
294.43889
294.43891
294.43893
294.43895
294.43897
294.43899
294.43901
294.43903
294.43904
294.43905
294.43907
294.43907
294.43908
294.43908
294.43908
294.43908
294.43907
294.43906
294.43904
294.43903
294.43902
294.43901
294.43897
294.43899
294.43915
294.4395
294.43956
294.43945
294.43932
294.43937
294.43967
294.44
294.44011
294.4401
294.44006
294.44002
294.43999
294.43998
294.43997
294.43997
294.44556
294.44548
294.44537
294.44524
294.44509
294.44491
294.44472
294.44451
294.44428
294.44405
294.44381
294.44356
294.4433
294.44305
294.44279
294.44253
294.44227
294.44202
294.44177
294.44153
294.4413
294.44108
294.44087
294.44067
294.44048
294.44031
294.44015
294.44
294.43986
294.43973
294.4396
294.43949
294.43939
294.43929
294.4392
294.43911
294.43904
294.43898
294.43892
294.43888
294.43885
294.43883
294.43881
294.4388
294.43878
294.43877
294.43875
294.43875
294.43876
294.43877
294.43879
294.43881
294.43882
294.43884
294.43885
294.43887
294.4389
294.43892
294.43894
294.43896
294.43898
294.439
294.43902
294.43903
294.43904
294.43906
294.43907
294.43908
294.43909
294.43909
294.43909
294.43908
294.43908
294.43907
294.43905
294.43903
294.43903
294.43902
294.43899
294.439
294.43916
294.4395
294.43956
294.43946
294.43934
294.43939
294.43969
294.44001
294.44012
294.44011
294.44007
294.44003
294.44
294.43999
294.43998
294.43998
294.44532
294.44525
294.44515
294.44503
294.44489
294.44473
294.44456
294.44436
294.44416
294.44394
294.44371
294.44348
294.44323
294.44299
294.44274
294.44249
294.44225
294.442
294.44176
294.44153
294.44131
294.44109
294.44088
294.44069
294.4405
294.44033
294.44017
294.44001
294.43987
294.43974
294.43962
294.43951
294.4394
294.43931
294.43922
294.43914
294.43906
294.439
294.43895
294.4389
294.43887
294.43884
294.43882
294.43881
294.43879
294.43878
294.43877
294.43877
294.43878
294.43879
294.43881
294.43882
294.43884
294.43885
294.43886
294.43888
294.43891
294.43893
294.43894
294.43897
294.43899
294.43901
294.43903
294.43904
294.43905
294.43907
294.43909
294.43909
294.4391
294.4391
294.4391
294.43909
294.43909
294.43908
294.43906
294.43904
294.43904
294.43903
294.439
294.43901
294.43917
294.4395
294.43957
294.43947
294.43936
294.4394
294.4397
294.44002
294.44012
294.44012
294.44008
294.44004
294.44001
294.44
294.43999
294.43999
294.44509
294.44503
294.44494
294.44483
294.44471
294.44456
294.4444
294.44422
294.44403
294.44383
294.44361
294.44339
294.44316
294.44293
294.44269
294.44246
294.44222
294.44198
294.44175
294.44153
294.44131
294.4411
294.44089
294.4407
294.44052
294.44035
294.44019
294.44003
294.43989
294.43976
294.43964
294.43953
294.43942
294.43933
294.43924
294.43916
294.43909
294.43903
294.43897
294.43893
294.43889
294.43886
294.43884
294.43882
294.43881
294.4388
294.43879
294.43879
294.43879
294.4388
294.43882
294.43884
294.43885
294.43886
294.43887
294.43889
294.43892
294.43894
294.43896
294.43898
294.43901
294.43902
294.43904
294.43905
294.43906
294.43908
294.4391
294.4391
294.4391
294.43911
294.4391
294.4391
294.4391
294.43909
294.43907
294.43906
294.43905
294.43904
294.43901
294.43902
294.43918
294.43951
294.43957
294.43948
294.43937
294.43942
294.43971
294.44002
294.44013
294.44012
294.44009
294.44005
294.44002
294.44
294.44
294.44
294.44487
294.44481
294.44473
294.44463
294.44452
294.44439
294.44424
294.44408
294.4439
294.44371
294.44351
294.4433
294.44309
294.44286
294.44264
294.44241
294.44218
294.44196
294.44173
294.44152
294.4413
294.4411
294.4409
294.44071
294.44053
294.44036
294.4402
294.44005
294.43991
294.43978
294.43966
294.43955
294.43944
294.43935
294.43926
294.43918
294.43911
294.43904
294.43899
294.43895
294.43891
294.43888
294.43886
294.43884
294.43882
294.43881
294.4388
294.43881
294.43881
294.43882
294.43884
294.43885
294.43887
294.43888
294.43889
294.43891
294.43893
294.43895
294.43897
294.43899
294.43902
294.43903
294.43905
294.43906
294.43907
294.43909
294.43911
294.43911
294.43911
294.43911
294.43911
294.43911
294.43911
294.4391
294.43908
294.43907
294.43906
294.43905
294.43902
294.43904
294.43919
294.43951
294.43957
294.43949
294.43939
294.43944
294.43972
294.44002
294.44013
294.44012
294.44009
294.44005
294.44002
294.44001
294.44
294.44
294.44465
294.4446
294.44452
294.44444
294.44433
294.44421
294.44408
294.44393
294.44376
294.44359
294.4434
294.44321
294.443
294.44279
294.44258
294.44236
294.44215
294.44193
294.44171
294.4415
294.4413
294.4411
294.4409
294.44072
294.44054
294.44038
294.44022
294.44007
294.43993
294.4398
294.43968
294.43957
294.43947
294.43937
294.43928
294.4392
294.43913
294.43906
294.43901
294.43897
294.43893
294.4389
294.43888
294.43886
294.43885
294.43883
294.43882
294.43882
294.43883
294.43884
294.43885
294.43887
294.43888
294.43889
294.4389
294.43892
294.43895
294.43897
294.43899
294.43901
294.43903
294.43905
294.43906
294.43907
294.43909
294.43911
294.43912
294.43912
294.43912
294.43912
294.43912
294.43912
294.43912
294.43911
294.43909
294.43908
294.43908
294.43906
294.43903
294.43905
294.43919
294.43951
294.43958
294.4395
294.4394
294.43945
294.43973
294.44002
294.44013
294.44012
294.44009
294.44005
294.44003
294.44001
294.44
294.44
294.44443
294.44438
294.44432
294.44424
294.44414
294.44403
294.44391
294.44377
294.44362
294.44346
294.44329
294.44311
294.44292
294.44272
294.44252
294.44231
294.4421
294.4419
294.44169
294.44149
294.44129
294.44109
294.4409
294.44072
294.44055
294.44039
294.44023
294.44009
294.43995
294.43982
294.4397
294.43959
294.43949
294.43939
294.4393
294.43922
294.43915
294.43909
294.43903
294.43899
294.43895
294.43892
294.4389
294.43889
294.43887
294.43886
294.43884
294.43884
294.43885
294.43885
294.43887
294.43888
294.4389
294.43891
294.43892
294.43894
294.43896
294.43898
294.439
294.43902
294.43904
294.43906
294.43907
294.43908
294.4391
294.43912
294.43913
294.43913
294.43913
294.43914
294.43914
294.43913
294.43913
294.43912
294.4391
294.43909
294.43909
294.43907
294.43905
294.43907
294.43921
294.43952
294.43958
294.43951
294.43942
294.43946
294.43974
294.44002
294.44012
294.44012
294.44009
294.44005
294.44003
294.44001
294.44
294.44
294.44422
294.44417
294.44411
294.44404
294.44395
294.44386
294.44374
294.44362
294.44348
294.44333
294.44317
294.443
294.44282
294.44264
294.44245
294.44225
294.44206
294.44186
294.44166
294.44147
294.44127
294.44109
294.4409
294.44073
294.44056
294.4404
294.44025
294.44011
294.43997
294.43984
294.43972
294.43961
294.43951
294.43941
294.43932
294.43924
294.43917
294.43911
294.43905
294.43901
294.43898
294.43895
294.43893
294.43891
294.43889
294.43888
294.43887
294.43886
294.43887
294.43887
294.43889
294.4389
294.43892
294.43893
294.43894
294.43896
294.43898
294.439
294.43902
294.43904
294.43905
294.43907
294.43909
294.4391
294.43912
294.43913
294.43914
294.43914
294.43915
294.43915
294.43915
294.43915
294.43914
294.43913
294.43911
294.43911
294.4391
294.43909
294.43907
294.43908
294.43922
294.43952
294.43959
294.43952
294.43943
294.43948
294.43974
294.44002
294.44012
294.44012
294.44009
294.44005
294.44003
294.44001
294.44
294.44
294.44401
294.44396
294.44391
294.44384
294.44376
294.44367
294.44357
294.44345
294.44333
294.44319
294.44304
294.44288
294.44272
294.44255
294.44237
294.44219
294.442
294.44182
294.44163
294.44144
294.44126
294.44108
294.4409
294.44073
294.44057
294.44041
294.44027
294.44012
294.43999
294.43987
294.43975
294.43963
294.43953
294.43943
294.43934
294.43926
294.43919
294.43913
294.43908
294.43904
294.439
294.43898
294.43895
294.43893
294.43891
294.4389
294.43889
294.43889
294.43889
294.4389
294.43891
294.43892
294.43893
294.43894
294.43896
294.43898
294.439
294.43902
294.43903
294.43905
294.43907
294.43909
294.4391
294.43912
294.43913
294.43914
294.43915
294.43916
294.43916
294.43917
294.43917
294.43916
294.43915
294.43914
294.43913
294.43912
294.43912
294.4391
294.43908
294.4391
294.43923
294.43952
294.43959
294.43953
294.43945
294.43949
294.43975
294.44002
294.44012
294.44011
294.44009
294.44005
294.44003
294.44001
294.44
294.44
294.44378
294.44374
294.44369
294.44363
294.44356
294.44348
294.44339
294.44328
294.44317
294.44304
294.44291
294.44277
294.44261
294.44245
294.44229
294.44212
294.44195
294.44177
294.4416
294.44142
294.44125
294.44107
294.4409
294.44074
294.44058
294.44043
294.44028
294.44014
294.44001
294.43988
294.43976
294.43965
294.43955
294.43945
294.43937
294.43929
294.43922
294.43916
294.43911
294.43907
294.43903
294.439
294.43898
294.43895
294.43893
294.43892
294.43891
294.43891
294.43892
294.43893
294.43893
294.43894
294.43895
294.43896
294.43898
294.439
294.43902
294.43903
294.43905
294.43907
294.43909
294.4391
294.43912
294.43914
294.43915
294.43916
294.43917
294.43917
294.43918
294.43918
294.43918
294.43918
294.43917
294.43916
294.43915
294.43914
294.43914
294.43912
294.4391
294.43912
294.43925
294.43953
294.4396
294.43954
294.43947
294.43951
294.43976
294.44002
294.44011
294.44011
294.44008
294.44005
294.44002
294.44001
294.44
294.44
294.44357
294.44354
294.44349
294.44344
294.44337
294.4433
294.44321
294.44312
294.44302
294.4429
294.44278
294.44265
294.44251
294.44236
294.44221
294.44205
294.44189
294.44172
294.44156
294.44139
294.44122
294.44106
294.4409
294.44074
294.44058
294.44043
294.44029
294.44015
294.44002
294.43989
294.43978
294.43967
294.43957
294.43948
294.43939
294.43932
294.43925
294.43919
294.43914
294.4391
294.43906
294.43903
294.439
294.43898
294.43896
294.43894
294.43894
294.43894
294.43895
294.43895
294.43896
294.43897
294.43897
294.43899
294.43901
294.43903
294.43904
294.43906
294.43907
294.43909
294.43911
294.43912
294.43914
294.43915
294.43917
294.43918
294.43918
294.43919
294.4392
294.4392
294.4392
294.43919
294.43919
294.43918
294.43916
294.43916
294.43915
294.43914
294.43912
294.43914
294.43926
294.43954
294.4396
294.43955
294.43948
294.43952
294.43976
294.44002
294.44011
294.44011
294.44008
294.44005
294.44002
294.44001
294.44
294.44
294.44337
294.44333
294.44329
294.44324
294.44318
294.44312
294.44304
294.44296
294.44286
294.44276
294.44265
294.44253
294.4424
294.44226
294.44212
294.44198
294.44182
294.44167
294.44151
294.44135
294.4412
294.44104
294.44088
294.44073
294.44058
294.44044
294.44029
294.44016
294.44003
294.43991
294.4398
294.43969
294.43959
294.4395
294.43942
294.43935
294.43928
294.43923
294.43918
294.43913
294.43909
294.43906
294.43903
294.439
294.43899
294.43897
294.43897
294.43897
294.43897
294.43898
294.43898
294.43899
294.439
294.43901
294.43903
294.43905
294.43906
294.43908
294.4391
294.43911
294.43913
294.43915
294.43916
294.43917
294.43919
294.4392
294.4392
294.43921
294.43921
294.43922
294.43922
294.43921
294.4392
294.4392
294.43918
294.43918
294.43917
294.43916
294.43915
294.43916
294.43928
294.43954
294.43961
294.43956
294.4395
294.43954
294.43977
294.44002
294.4401
294.4401
294.44008
294.44005
294.44002
294.44001
294.44
294.44
294.44316
294.44313
294.44309
294.44305
294.443
294.44294
294.44287
294.44279
294.44271
294.44261
294.44251
294.4424
294.44229
294.44216
294.44203
294.4419
294.44176
294.44161
294.44146
294.44132
294.44116
294.44102
294.44087
294.44072
294.44058
294.44044
294.4403
294.44017
294.44004
294.43993
294.43981
294.43971
294.43961
294.43953
294.43945
294.43938
294.43931
294.43926
294.43921
294.43916
294.43912
294.43909
294.43906
294.43903
294.43902
294.439
294.439
294.439
294.439
294.43901
294.43901
294.43902
294.43903
294.43904
294.43906
294.43907
294.43909
294.43911
294.43912
294.43913
294.43915
294.43917
294.43919
294.4392
294.43921
294.43922
294.43922
294.43923
294.43923
294.43924
294.43924
294.43923
294.43922
294.43922
294.4392
294.4392
294.4392
294.43918
294.43917
294.43918
294.4393
294.43955
294.43962
294.43957
294.43952
294.43956
294.43978
294.44002
294.4401
294.4401
294.44008
294.44004
294.44002
294.44001
294.44
294.44
294.44296
294.44293
294.4429
294.44286
294.44281
294.44276
294.4427
294.44263
294.44255
294.44247
294.44238
294.44228
294.44217
294.44206
294.44194
294.44181
294.44168
294.44155
294.44141
294.44127
294.44113
294.44099
294.44084
294.44071
294.44057
294.44043
294.4403
294.44018
294.44006
294.43994
294.43983
294.43973
294.43964
294.43955
294.43947
294.4394
294.43934
294.43929
294.43924
294.4392
294.43916
294.43912
294.43909
294.43907
294.43905
294.43904
294.43903
294.43903
294.43904
294.43904
294.43905
294.43905
294.43906
294.43907
294.43908
294.4391
294.43912
294.43913
294.43915
294.43916
294.43917
294.4392
294.43921
294.43922
294.43923
294.43924
294.43925
294.43925
294.43926
294.43926
294.43926
294.43925
294.43925
294.43924
294.43923
294.43922
294.43922
294.43921
294.43919
294.43921
294.43932
294.43956
294.43963
294.43959
294.43954
294.43958
294.43979
294.44001
294.4401
294.4401
294.44007
294.44004
294.44002
294.44001
294.44
294.44
294.44276
294.44274
294.44271
294.44267
294.44263
294.44258
294.44252
294.44246
294.44239
294.44232
294.44223
294.44214
294.44205
294.44194
294.44183
294.44172
294.4416
294.44147
294.44135
294.44122
294.44108
294.44095
294.44082
294.44069
294.44056
294.44043
294.4403
294.44018
294.44007
294.43996
294.43985
294.43975
294.43966
294.43958
294.4395
294.43943
294.43937
294.43932
294.43927
294.43923
294.43919
294.43916
294.43913
294.4391
294.43909
294.43907
294.43907
294.43907
294.43907
294.43908
294.43908
294.43909
294.43909
294.4391
294.43911
294.43913
294.43915
294.43916
294.43918
294.43919
294.4392
294.43922
294.43924
294.43925
294.43925
294.43926
294.43927
294.43928
294.43928
294.43928
294.43928
294.43928
294.43927
294.43926
294.43925
294.43925
294.43924
294.43923
294.43922
294.43924
294.43934
294.43957
294.43964
294.4396
294.43956
294.4396
294.4398
294.44001
294.44009
294.44009
294.44007
294.44004
294.44002
294.44001
294.44
294.44
294.44257
294.44255
294.44252
294.44249
294.44245
294.4424
294.44235
294.4423
294.44223
294.44217
294.44209
294.44201
294.44192
294.44183
294.44173
294.44162
294.44151
294.4414
294.44128
294.44116
294.44104
294.44091
294.44079
294.44066
294.44054
294.44042
294.4403
294.44019
294.44008
294.43997
294.43987
294.43978
294.43969
294.43961
294.43953
294.43947
294.43941
294.43935
294.43931
294.43927
294.43923
294.4392
294.43917
294.43914
294.43913
294.43911
294.4391
294.43911
294.43911
294.43911
294.43911
294.43912
294.43913
294.43914
294.43915
294.43916
294.43918
294.43919
294.43921
294.43922
294.43923
294.43925
294.43926
294.43927
294.43928
294.43929
294.4393
294.4393
294.43931
294.43931
294.43931
294.4393
294.4393
294.43929
294.43928
294.43928
294.43927
294.43926
294.43925
294.43927
294.43936
294.43959
294.43965
294.43962
294.43958
294.43962
294.43981
294.44001
294.44009
294.44009
294.44007
294.44004
294.44002
294.44001
294.44
294.44
294.44238
294.44236
294.44233
294.4423
294.44227
294.44223
294.44218
294.44213
294.44208
294.44201
294.44195
294.44187
294.44179
294.44171
294.44162
294.44152
294.44142
294.44132
294.44121
294.4411
294.44098
294.44087
294.44075
294.44064
294.44052
294.44041
294.4403
294.44019
294.44008
294.43998
294.43989
294.4398
294.43971
294.43964
294.43956
294.4395
294.43944
294.43939
294.43934
294.4393
294.43927
294.43924
294.43921
294.43919
294.43917
294.43916
294.43915
294.43915
294.43915
294.43915
294.43915
294.43916
294.43916
294.43917
294.43919
294.4392
294.43921
294.43923
294.43924
294.43925
294.43927
294.43928
294.43929
294.4393
294.43931
294.43932
294.43933
294.43933
294.43933
294.43934
294.43934
294.43933
294.43933
294.43932
294.43931
294.43931
294.4393
294.43929
294.43928
294.4393
294.43939
294.4396
294.43966
294.43964
294.4396
294.43964
294.43982
294.44001
294.44008
294.44008
294.44006
294.44004
294.44002
294.44001
294.44
294.44
294.44219
294.44217
294.44215
294.44212
294.44209
294.44205
294.44201
294.44197
294.44192
294.44186
294.4418
294.44174
294.44166
294.44159
294.4415
294.44142
294.44133
294.44123
294.44113
294.44103
294.44093
294.44082
294.44071
294.44061
294.4405
294.44039
294.44029
294.44019
294.44009
294.43999
294.4399
294.43982
294.43974
294.43966
294.43959
294.43953
294.43948
294.43943
294.43938
294.43934
294.43931
294.43928
294.43925
294.43923
294.43921
294.4392
294.43919
294.43919
294.43919
294.43919
294.43919
294.4392
294.43921
294.43922
294.43923
294.43924
294.43925
294.43927
294.43928
294.43929
294.4393
294.43931
294.43932
294.43934
294.43935
294.43935
294.43936
294.43936
294.43937
294.43937
294.43937
294.43936
294.43936
294.43935
294.43934
294.43934
294.43934
294.43933
294.43932
294.43933
294.43942
294.43962
294.43968
294.43966
294.43963
294.43966
294.43983
294.44001
294.44008
294.44008
294.44006
294.44004
294.44002
294.44001
294.44
294.44
294.442
294.44198
294.44196
294.44194
294.44191
294.44188
294.44185
294.44181
294.44176
294.44171
294.44166
294.4416
294.44153
294.44146
294.44139
294.44131
294.44123
294.44114
294.44105
294.44096
294.44086
294.44077
294.44067
294.44057
294.44047
294.44037
294.44028
294.44018
294.44009
294.44001
294.43992
294.43984
294.43977
294.43969
294.43963
294.43957
294.43951
294.43946
294.43942
294.43938
294.43935
294.43932
294.4393
294.43928
294.43926
294.43925
294.43924
294.43924
294.43924
294.43924
294.43924
294.43925
294.43925
294.43926
294.43927
294.43928
294.43929
294.43931
294.43932
294.43933
294.43934
294.43935
294.43936
294.43937
294.43938
294.43939
294.4394
294.4394
294.4394
294.4394
294.4394
294.4394
294.43939
294.43939
294.43938
294.43938
294.43937
294.43936
294.43936
294.43937
294.43945
294.43964
294.43969
294.43968
294.43965
294.43968
294.43984
294.44001
294.44007
294.44007
294.44006
294.44003
294.44002
294.44001
294.44
294.44
294.44181
294.4418
294.44178
294.44176
294.44173
294.44171
294.44168
294.44164
294.4416
294.44156
294.44151
294.44146
294.4414
294.44134
294.44127
294.4412
294.44113
294.44105
294.44097
294.44089
294.4408
294.44071
294.44062
294.44053
294.44044
294.44035
294.44027
294.44018
294.4401
294.44001
294.43994
294.43986
294.43979
294.43972
294.43966
294.4396
294.43955
294.4395
294.43946
294.43943
294.4394
294.43937
294.43935
294.43933
294.43931
294.4393
294.43929
294.43929
294.43929
294.43929
294.43929
294.4393
294.4393
294.43931
294.43932
294.43933
294.43934
294.43935
294.43936
294.43937
294.43938
294.43939
294.4394
294.43941
294.43942
294.43943
294.43943
294.43944
294.43944
294.43944
294.43944
294.43944
294.43943
294.43943
294.43942
294.43942
294.43941
294.4394
294.4394
294.43941
294.43948
294.43966
294.43971
294.4397
294.43968
294.43971
294.43985
294.44001
294.44007
294.44007
294.44005
294.44003
294.44002
294.44001
294.44
294.44
294.44163
294.44161
294.4416
294.44158
294.44156
294.44153
294.44151
294.44148
294.44144
294.4414
294.44136
294.44132
294.44127
294.44121
294.44115
294.44109
294.44103
294.44096
294.44088
294.44081
294.44073
294.44065
294.44057
294.44049
294.44041
294.44033
294.44025
294.44017
294.44009
294.44002
294.43995
294.43988
294.43981
294.43975
294.43969
294.43964
294.43959
294.43955
294.43951
294.43947
294.43945
294.43942
294.4394
294.43938
294.43937
294.43935
294.43935
294.43934
294.43934
294.43934
294.43934
294.43935
294.43936
294.43936
294.43937
294.43938
294.43939
294.4394
294.43941
294.43942
294.43943
294.43944
294.43945
294.43946
294.43946
294.43947
294.43947
294.43948
294.43948
294.43948
294.43948
294.43948
294.43947
294.43947
294.43946
294.43946
294.43946
294.43945
294.43944
294.43945
294.43952
294.43968
294.43973
294.43972
294.43971
294.43973
294.43987
294.44001
294.44006
294.44006
294.44005
294.44003
294.44002
294.44
294.44
294.44
294.44144
294.44143
294.44142
294.4414
294.44138
294.44136
294.44134
294.44131
294.44128
294.44125
294.44121
294.44117
294.44113
294.44108
294.44103
294.44098
294.44092
294.44086
294.44079
294.44073
294.44066
294.44059
294.44052
294.44045
294.44037
294.4403
294.44023
294.44016
294.44009
294.44002
294.43996
294.43989
294.43983
294.43978
294.43972
294.43967
294.43963
294.43959
294.43956
294.43952
294.4395
294.43948
294.43946
294.43944
294.43942
294.43941
294.4394
294.4394
294.4394
294.4394
294.4394
294.43941
294.43941
294.43942
294.43943
294.43943
294.43944
294.43945
294.43946
294.43947
294.43948
294.43949
294.4395
294.4395
294.43951
294.43951
294.43952
294.43952
294.43952
294.43952
294.43952
294.43952
294.43952
294.43951
294.43951
294.4395
294.4395
294.43949
294.43949
294.4395
294.43956
294.43971
294.43976
294.43975
294.43973
294.43976
294.43988
294.44001
294.44005
294.44006
294.44004
294.44003
294.44001
294.44
294.44
294.44
294.44125
294.44124
294.44123
294.44122
294.4412
294.44119
294.44117
294.44114
294.44112
294.44109
294.44106
294.44102
294.44099
294.44095
294.4409
294.44086
294.44081
294.44076
294.4407
294.44064
294.44058
294.44052
294.44046
294.4404
294.44033
294.44027
294.44021
294.44014
294.44008
294.44002
294.43997
294.43991
294.43986
294.43981
294.43976
294.43971
294.43967
294.43964
294.43961
294.43958
294.43955
294.43953
294.43951
294.4395
294.43949
294.43947
294.43947
294.43946
294.43946
294.43946
294.43947
294.43947
294.43947
294.43948
294.43949
294.43949
294.4395
294.43951
294.43952
294.43952
294.43953
294.43954
294.43955
294.43955
294.43956
294.43956
294.43957
294.43957
294.43957
294.43957
294.43957
294.43957
294.43957
294.43956
294.43956
294.43956
294.43955
294.43955
294.43954
294.43955
294.4396
294.43974
294.43978
294.43977
294.43976
294.43979
294.43989
294.44
294.44005
294.44005
294.44004
294.44003
294.44001
294.44
294.44
294.44
294.44107
294.44106
294.44105
294.44104
294.44103
294.44101
294.44099
294.44097
294.44095
294.44093
294.4409
294.44088
294.44084
294.44081
294.44077
294.44074
294.44069
294.44065
294.4406
294.44056
294.44051
294.44045
294.4404
294.44035
294.44029
294.44024
294.44018
294.44013
294.44008
294.44002
294.43997
294.43992
294.43988
294.43983
294.43979
294.43975
294.43972
294.43969
294.43966
294.43963
294.43961
294.43959
294.43958
294.43956
294.43955
294.43954
294.43954
294.43953
294.43953
294.43953
294.43953
294.43954
294.43954
294.43954
294.43955
294.43955
294.43956
294.43957
294.43958
294.43958
294.43959
294.4396
294.4396
294.43961
294.43961
294.43962
294.43962
294.43962
294.43962
294.43963
294.43962
294.43962
294.43962
294.43961
294.43961
294.43961
294.43961
294.4396
294.4396
294.43961
294.43965
294.43977
294.43981
294.4398
294.4398
294.43982
294.43991
294.44
294.44004
294.44004
294.44004
294.44002
294.44001
294.44
294.44
294.44
294.44088
294.44087
294.44087
294.44086
294.44085
294.44083
294.44082
294.44081
294.44079
294.44077
294.44075
294.44073
294.4407
294.44067
294.44064
294.44061
294.44058
294.44054
294.4405
294.44046
294.44042
294.44038
294.44034
294.44029
294.44025
294.4402
294.44016
294.44011
294.44007
294.44002
294.43998
294.43994
294.4399
294.43986
294.43983
294.43979
294.43976
294.43974
294.43971
294.43969
294.43967
294.43966
294.43964
294.43963
294.43962
294.43961
294.43961
294.4396
294.4396
294.4396
294.43961
294.43961
294.43961
294.43961
294.43962
294.43962
294.43963
294.43963
294.43964
294.43965
294.43965
294.43966
294.43966
294.43967
294.43967
294.43968
294.43968
294.43968
294.43968
294.43968
294.43968
294.43968
294.43968
294.43967
294.43967
294.43967
294.43967
294.43966
294.43966
294.43967
294.4397
294.4398
294.43984
294.43983
294.43983
294.43985
294.43992
294.44
294.44003
294.44004
294.44003
294.44002
294.44001
294.44
294.44
294.44
294.44069
294.44069
294.44068
294.44067
294.44067
294.44066
294.44065
294.44063
294.44062
294.44061
294.44059
294.44057
294.44055
294.44053
294.44051
294.44048
294.44046
294.44043
294.4404
294.44037
294.44034
294.4403
294.44027
294.44023
294.4402
294.44016
294.44012
294.44009
294.44005
294.44002
294.43999
294.43995
294.43992
294.43989
294.43986
294.43984
294.43981
294.43979
294.43977
294.43975
294.43974
294.43973
294.43971
294.4397
294.4397
294.43969
294.43968
294.43968
294.43968
294.43968
294.43968
294.43968
294.43969
294.43969
294.43969
294.4397
294.4397
294.43971
294.43971
294.43972
294.43972
294.43972
294.43973
294.43973
294.43974
294.43974
294.43974
294.43974
294.43974
294.43974
294.43974
294.43974
294.43974
294.43973
294.43973
294.43973
294.43973
294.43973
294.43972
294.43973
294.43976
294.43984
294.43987
294.43987
294.43986
294.43988
294.43994
294.44
294.44003
294.44003
294.44002
294.44002
294.44001
294.44
294.44
294.44
294.4405
294.4405
294.44049
294.44049
294.44048
294.44048
294.44047
294.44046
294.44045
294.44044
294.44043
294.44041
294.4404
294.44039
294.44037
294.44035
294.44033
294.44031
294.44029
294.44027
294.44024
294.44022
294.4402
294.44017
294.44014
294.44012
294.44009
294.44007
294.44004
294.44001
294.43999
294.43997
294.43994
294.43992
294.4399
294.43988
294.43986
294.43985
294.43983
294.43982
294.43981
294.4398
294.43979
294.43978
294.43978
294.43977
294.43977
294.43977
294.43976
294.43976
294.43977
294.43977
294.43977
294.43977
294.43977
294.43977
294.43978
294.43978
294.43979
294.43979
294.43979
294.43979
294.4398
294.4398
294.4398
294.43981
294.43981
294.43981
294.43981
294.43981
294.43981
294.43981
294.4398
294.4398
294.4398
294.4398
294.4398
294.43979
294.43979
294.4398
294.43982
294.43988
294.4399
294.4399
294.4399
294.43991
294.43995
294.44
294.44002
294.44002
294.44002
294.44001
294.44001
294.44
294.44
294.44
294.44031
294.4403
294.4403
294.4403
294.44029
294.44029
294.44029
294.44028
294.44027
294.44027
294.44026
294.44025
294.44024
294.44023
294.44022
294.44021
294.4402
294.44019
294.44018
294.44016
294.44015
294.44013
294.44012
294.4401
294.44009
294.44007
294.44006
294.44004
294.44002
294.44001
294.43999
294.43998
294.43996
294.43995
294.43994
294.43993
294.43991
294.4399
294.43989
294.43989
294.43988
294.43987
294.43987
294.43986
294.43986
294.43986
294.43985
294.43985
294.43985
294.43985
294.43985
294.43985
294.43986
294.43986
294.43986
294.43986
294.43986
294.43986
294.43986
294.43987
294.43987
294.43987
294.43987
294.43987
294.43987
294.43988
294.43988
294.43988
294.43988
294.43988
294.43988
294.43988
294.43987
294.43987
294.43987
294.43987
294.43987
294.43987
294.43987
294.43987
294.43988
294.43992
294.43994
294.43994
294.43994
294.43994
294.43997
294.44
294.44001
294.44001
294.44001
294.44001
294.44
294.44
294.44
294.44
294.44011
294.44011
294.4401
294.4401
294.4401
294.4401
294.4401
294.4401
294.4401
294.44009
294.44009
294.44009
294.44009
294.44008
294.44008
294.44008
294.44007
294.44007
294.44006
294.44006
294.44005
294.44005
294.44004
294.44004
294.44003
294.44003
294.44002
294.44002
294.44001
294.44001
294.44
294.44
294.43999
294.43999
294.43998
294.43998
294.43997
294.43997
294.43997
294.43996
294.43996
294.43996
294.43996
294.43995
294.43995
294.43995
294.43995
294.43995
294.43995
294.43995
294.43995
294.43995
294.43995
294.43995
294.43995
294.43995
294.43995
294.43995
294.43995
294.43995
294.43995
294.43995
294.43995
294.43995
294.43995
294.43995
294.43995
294.43995
294.43995
294.43995
294.43995
294.43995
294.43995
294.43995
294.43995
294.43995
294.43995
294.43994
294.43994
294.43994
294.43995
294.43996
294.43997
294.43997
294.43997
294.43997
294.43998
294.43999
294.44
294.44
294.44
294.44
294.44
294.44
294.44
294.44
)
;

boundaryField
{
    inlet
    {
        type            fixedValue;
        value           uniform 294.44;
    }
    outlet
    {
        type            zeroGradient;
    }
    top
    {
        type            inletOutlet;
        inletValue      uniform 294.44;
        value           nonuniform List<scalar> 
110
(
294.44
294.44002
294.44004
294.44006
294.44008
294.4401
294.4401
294.44011
294.44011
294.44011
294.44011
294.44011
294.44011
294.44011
294.44011
294.44011
294.4401
294.4401
294.4401
294.4401
294.4401
294.4401
294.4401
294.44009
294.44009
294.44009
294.44009
294.44008
294.44008
294.44008
294.44007
294.44007
294.44006
294.44006
294.44005
294.44005
294.44004
294.44004
294.44003
294.44003
294.44002
294.44002
294.44001
294.44001
294.44
294.44
294.43999
294.43999
294.43998
294.43998
294.43997
294.43997
294.43997
294.43996
294.43996
294.43996
294.43996
294.43995
294.43995
294.43995
294.43995
294.43995
294.43995
294.43995
294.43995
294.43995
294.43995
294.43995
294.43995
294.43995
294.43995
294.43995
294.43995
294.43995
294.43995
294.43995
294.43995
294.43995
294.43995
294.43995
294.43995
294.43995
294.43995
294.43995
294.43995
294.43995
294.43995
294.43995
294.43995
294.43995
294.43995
294.43994
294.43994
294.43994
294.43995
294.43996
294.43997
294.43997
294.43997
294.43997
294.43998
294.43999
294.44
294.44
294.44
294.44
294.44
294.44
294.44
294.44
)
;
    }
    upstreamWall
    {
        type            symmetryPlane;
    }
    plate
    {
        type            zeroGradient;
    }
    frontAndBack
    {
        type            empty;
    }
}


// ************************************************************************* //
