/*--------------------------------*- C++ -*----------------------------------*\
| =========                 |                                                 |
| \\      /  F ield         | OpenFOAM: The Open Source CFD Toolbox           |
|  \\    /   O peration     | Version:  2512                                  |
|   \\  /    A nd           | Website:  www.openfoam.com                      |
|    \\/     M anipulation  |                                                 |
\*---------------------------------------------------------------------------*/
FoamFile
{
    version     2.0;
    format      ascii;
    arch        "LSB;label=32;scalar=64";
    class       volVectorField;
    location    "0.0499878";
    object      wallShearStress;
}
// * * * * * * * * * * * * * * * * * * * * * * * * * * * * * * * * * * * * * //

dimensions      [1 -1 -2 0 0 0 0];

internalField   uniform (0 0 0);

boundaryField
{
    inlet
    {
        type            calculated;
        value           uniform (0 0 0);
    }
    outlet
    {
        type            calculated;
        value           uniform (0 0 0);
    }
    top
    {
        type            calculated;
        value           uniform (0 0 0);
    }
    upstreamWall
    {
        type            symmetryPlane;
    }
    plate
    {
        type            calculated;
        value           nonuniform List<vector> 
96
(
(-10.941097 -0.061361057 0)
(-15.751763 -0.14487373 0)
(-15.993225 -0.16043872 0)
(-13.994882 -0.10640311 0)
(-12.289407 -0.042890636 0)
(-11.398769 0.00093396006 0)
(-11.360311 0.017699248 0)
(-11.53013 0.015799712 0)
(-11.721913 0.0092012039 0)
(-11.743329 0.0027555612 0)
(-11.659948 -0.00096637549 0)
(-11.516389 -0.0024992692 0)
(-11.346552 -0.0030215696 0)
(-11.168708 -0.0032114585 0)
(-10.985688 -0.003270533 0)
(-10.800477 -0.0032055644 0)
(-10.620144 -0.0030317834 0)
(-10.446523 -0.0028228357 0)
(-10.279206 -0.0026207401 0)
(-10.118622 -0.0024248987 0)
(-9.9650627 -0.0022375776 0)
(-9.8182748 -0.0020492747 0)
(-9.6798147 -0.0018639524 0)
(-9.548533 -0.0017030682 0)
(-9.4229332 -0.0015664087 0)
(-9.3024292 -0.0014457107 0)
(-9.1867656 -0.0013321107 0)
(-9.0761946 -0.001221957 0)
(-8.9708668 -0.0011227686 0)
(-8.8695611 -0.0010371635 0)
(-8.7719246 -0.00096186132 0)
(-8.677487 -0.00089093777 0)
(-8.5867795 -0.00082382078 0)
(-8.4992499 -0.0007634237 0)
(-8.4146809 -0.0007096421 0)
(-8.3325604 -0.00066101337 0)
(-8.252988 -0.00061464014 0)
(-8.175995 -0.00057228633 0)
(-8.1011017 -0.00053423124 0)
(-8.0282424 -0.0004989192 0)
(-7.9573732 -0.00046575473 0)
(-7.8884561 -0.00043562823 0)
(-7.8211194 -0.00040835183 0)
(-7.7553619 -0.00038248849 0)
(-7.6912459 -0.00035820112 0)
(-7.62861 -0.00033616402 0)
(-7.5672563 -0.00031574836 0)
(-7.5072521 -0.00029638583 0)
(-7.4485408 -0.00027849924 0)
(-7.3909771 -0.00026198271 0)
(-7.3345329 -0.0002465133 0)
(-7.2791689 -0.00023208537 0)
(-7.2248061 -0.00021857786 0)
(-7.1714542 -0.000205994 0)
(-7.1189789 -0.0001942812 0)
(-7.0674169 -0.0001831332 0)
(-7.0167401 -0.00017286237 0)
(-6.9668111 -0.00016321868 0)
(-6.9177072 -0.0001540846 0)
(-6.8693494 -0.00014554728 0)
(-6.8217179 -0.0001375282 0)
(-6.7747934 -0.00013003604 0)
(-6.7284995 -0.00012291449 0)
(-6.6829293 -0.00011620802 0)
(-6.6379472 -0.00010997064 0)
(-6.5935726 -0.00010402033 0)
(-6.5498388 -9.8310703e-05 0)
(-6.5067383 -9.3130024e-05 0)
(-6.4640713 -8.8200577e-05 0)
(-6.4220392 -8.3193539e-05 0)
(-6.3807678 -7.8645831e-05 0)
(-6.3399205 -7.4592916e-05 0)
(-6.2995295 -7.0160512e-05 0)
(-6.2602271 -6.5296925e-05 0)
(-6.2221751 -6.0955003e-05 0)
(-6.184906 -5.6815034e-05 0)
(-6.1488625 -5.0916467e-05 0)
(-6.1161872 -4.2642563e-05 0)
(-6.0886789 -3.3826786e-05 0)
(-6.0661837 -2.6337373e-05 0)
(-6.047499 -2.0587997e-05 0)
(-6.0323928 -1.4419106e-05 0)
(-6.0226071 -6.9107214e-06 0)
(-6.0196311 -1.997809e-07 0)
(-6.0216402 3.2583204e-06 0)
(-6.0252732 3.405354e-06 0)
(-6.0278791 1.8836259e-06 0)
(-6.028674 5.2288555e-07 0)
(-6.0285326 3.0516761e-08 0)
(-6.0282914 5.150133e-08 0)
(-6.0282189 1.4821175e-07 0)
(-6.0282424 1.7229468e-07 0)
(-6.0282683 1.5530473e-07 0)
(-6.0282741 1.4189075e-07 0)
(-6.0282735 1.3563659e-07 0)
(-6.0282586 1.3672237e-07 0)
)
;
    }
    frontAndBack
    {
        type            empty;
    }
}


// ************************************************************************* //
