/*--------------------------------*- C++ -*----------------------------------*\
| =========                 |                                                 |
| \\      /  F ield         | OpenFOAM: The Open Source CFD Toolbox           |
|  \\    /   O peration     | Version:  2512                                  |
|   \\  /    A nd           | Website:  www.openfoam.com                      |
|    \\/     M anipulation  |                                                 |
\*---------------------------------------------------------------------------*/
FoamFile
{
    version     2.0;
    format      ascii;
    arch        "LSB;label=32;scalar=64";
    class       surfaceScalarField;
    location    "0.0449697";
    object      phi;
}
// * * * * * * * * * * * * * * * * * * * * * * * * * * * * * * * * * * * * * //

dimensions      [1 0 -1 0 0 0 0];

oriented        oriented;

internalField   nonuniform List<scalar> 
3514
(
1.07551e-06
8.91825e-11
1.07534e-06
1.70058e-10
1.07506e-06
2.78773e-10
1.07465e-06
4.12368e-10
1.07405e-06
5.94735e-10
1.07317e-06
8.78461e-10
1.07182e-06
1.3549e-09
1.06882e-06
3.00013e-09
1.06421e-06
4.61224e-09
4.00039e-07
6.64168e-07
1.2027e-06
1.88899e-10
1.20251e-06
3.60234e-10
1.20219e-06
5.90506e-10
1.20173e-06
8.73487e-10
1.20107e-06
1.25978e-09
1.20009e-06
1.86072e-09
1.19857e-06
2.86998e-09
1.19522e-06
6.34598e-09
1.19014e-06
9.69532e-09
6.71437e-07
9.18744e-07
1.34492e-06
2.99945e-10
1.34471e-06
5.73267e-10
1.34436e-06
9.38928e-10
1.34385e-06
1.38879e-09
1.34311e-06
2.00293e-09
1.34201e-06
2.95752e-09
1.34032e-06
4.56322e-09
1.33665e-06
1.00117e-08
1.33081e-06
1.55378e-08
8.51792e-07
1.15045e-06
1.50397e-06
4.23548e-10
1.50373e-06
8.11942e-10
1.50335e-06
1.32833e-09
1.50277e-06
1.96459e-09
1.50194e-06
2.83328e-09
1.50072e-06
4.18193e-09
1.49882e-06
6.45531e-09
1.49482e-06
1.40129e-08
1.4881e-06
2.22547e-08
9.67896e-07
1.372e-06
1.68183e-06
5.61072e-10
1.68156e-06
1.07938e-09
1.68113e-06
1.7635e-09
1.68049e-06
2.60794e-09
1.67956e-06
3.76096e-09
1.67819e-06
5.5485e-09
1.67608e-06
8.56923e-09
1.67172e-06
1.83677e-08
1.66401e-06
2.99712e-08
1.03897e-06
1.59293e-06
1.88072e-06
7.14031e-10
1.88042e-06
1.37907e-09
1.87994e-06
2.24979e-09
1.87922e-06
3.32668e-09
1.87818e-06
4.79727e-09
1.87666e-06
7.07341e-09
1.87429e-06
1.09304e-08
1.86956e-06
2.3098e-08
1.86072e-06
3.88162e-08
1.07899e-06
1.8207e-06
2.10313e-06
8.84122e-10
2.1028e-06
1.7149e-09
2.10225e-06
2.79318e-09
2.10145e-06
4.12958e-09
2.10029e-06
5.95479e-09
2.09859e-06
8.77469e-09
2.09596e-06
1.35668e-08
2.09082e-06
2.82306e-08
2.08072e-06
4.89157e-08
1.09812e-06
2.0616e-06
2.35185e-06
1.07325e-09
2.35147e-06
2.09121e-09
2.35086e-06
3.40033e-09
2.34997e-06
5.02642e-09
2.34867e-06
7.24757e-09
2.34678e-06
1.06724e-08
2.34383e-06
1.65093e-08
2.33827e-06
3.37985e-08
2.32679e-06
6.03861e-08
1.10357e-06
2.32134e-06
2.62997e-06
1.28355e-09
2.62955e-06
2.51282e-09
2.62887e-06
4.0787e-09
2.62787e-06
6.02811e-09
2.62643e-06
8.69125e-09
2.62431e-06
1.2789e-08
2.62103e-06
1.97917e-08
2.61498e-06
3.98423e-08
2.60204e-06
7.33276e-08
1.1003e-06
2.60531e-06
2.94099e-06
1.51744e-09
2.94052e-06
2.98507e-09
2.93976e-06
4.83661e-09
2.93864e-06
7.14682e-09
2.93703e-06
1.03032e-08
2.93467e-06
1.51492e-08
2.93101e-06
2.34507e-08
2.92444e-06
4.64104e-08
2.90995e-06
8.78161e-08
1.0915e-06
2.91876e-06
3.28879e-06
1.77765e-09
3.28826e-06
3.51389e-09
3.28741e-06
5.68332e-09
3.28616e-06
8.39609e-09
3.28436e-06
1.21029e-08
3.28173e-06
1.77808e-08
3.27765e-06
2.75266e-08
3.2705e-06
5.35592e-08
3.25442e-06
1.03897e-07
1.07909e-06
3.26683e-06
3.67771e-06
2.06726e-09
3.67712e-06
4.10583e-09
3.67617e-06
6.62917e-09
3.67478e-06
9.79098e-09
3.67277e-06
1.41116e-08
3.66984e-06
2.07142e-08
3.6653e-06
3.20629e-08
3.65751e-06
6.13525e-08
3.63983e-06
1.21578e-07
1.06416e-06
3.65475e-06
4.11263e-06
2.38972e-09
4.11197e-06
4.76814e-09
4.11091e-06
7.68564e-09
4.10936e-06
1.13482e-08
4.10711e-06
1.63532e-08
4.10385e-06
2.39832e-08
4.0988e-06
3.71065e-08
4.09029e-06
6.986e-08
4.07105e-06
1.40822e-07
1.04729e-06
4.08792e-06
4.59898e-06
2.74891e-09
4.59824e-06
5.50884e-09
4.59706e-06
8.86548e-09
4.59533e-06
1.30863e-08
4.59283e-06
1.88539e-08
4.58918e-06
2.76245e-08
4.58358e-06
4.27074e-08
4.57429e-06
7.91547e-08
4.55356e-06
1.61546e-07
1.02878e-06
4.57207e-06
5.14285e-06
3.14916e-09
5.14202e-06
6.33675e-09
5.14071e-06
1.01828e-08
5.13877e-06
1.50256e-08
5.13598e-06
2.16424e-08
5.13193e-06
3.16784e-08
5.12571e-06
4.89186e-08
5.11556e-06
8.93103e-08
5.09349e-06
1.83613e-07
1.00883e-06
5.11345e-06
5.75104e-06
3.59531e-09
5.75011e-06
7.2616e-09
5.74864e-06
1.1653e-08
5.74648e-06
1.71885e-08
5.74337e-06
2.475e-08
5.73886e-06
3.61878e-08
5.73199e-06
5.57951e-08
5.7209e-06
1.00396e-07
5.69768e-06
2.06835e-07
9.87571e-07
5.71893e-06
6.43114e-06
4.09269e-09
6.43011e-06
8.29408e-09
6.42847e-06
1.32934e-08
6.42606e-06
1.95997e-08
6.4226e-06
2.82109e-08
6.41759e-06
4.1199e-08
6.40999e-06
6.33926e-08
6.39791e-06
1.12472e-07
6.37378e-06
2.30972e-07
9.65184e-07
6.39617e-06
7.19168e-06
4.64718e-09
7.19053e-06
9.44587e-09
7.1887e-06
1.51223e-08
7.18601e-06
2.22856e-08
7.18216e-06
3.20616e-08
7.1766e-06
4.67602e-08
7.16823e-06
7.17667e-08
7.15512e-06
1.25585e-07
7.13035e-06
2.55733e-07
9.4185e-07
7.15369e-06
8.04216e-06
5.26524e-09
8.04087e-06
1.07297e-08
8.03883e-06
1.71601e-08
8.03584e-06
2.52749e-08
8.03157e-06
3.63408e-08
8.0254e-06
5.29214e-08
8.0162e-06
8.09698e-08
8.00203e-06
1.39757e-07
7.97698e-06
2.80785e-07
9.17776e-07
8.00105e-06
8.99321e-06
5.95387e-09
8.99178e-06
1.21593e-08
8.98951e-06
1.94282e-08
8.98619e-06
2.85981e-08
8.98144e-06
4.10892e-08
8.97463e-06
5.97326e-08
8.96455e-06
9.10484e-08
8.94932e-06
1.54984e-07
8.92434e-06
3.05763e-07
8.93189e-07
8.94893e-06
1.00567e-05
6.72061e-09
1.00551e-05
1.37494e-08
1.00526e-05
2.19498e-08
1.00489e-05
3.22871e-08
1.00437e-05
4.63483e-08
1.00362e-05
6.72423e-08
1.00252e-05
1.02039e-07
1.00089e-05
1.71223e-07
9.98441e-06
3.30279e-07
8.68325e-07
1.00093e-05
1.1246e-05
7.5735e-09
1.12443e-05
1.55155e-08
1.12415e-05
2.47485e-08
1.12374e-05
3.63745e-08
1.12316e-05
5.21592e-08
1.12233e-05
7.54947e-08
1.12114e-05
1.13964e-07
1.11942e-05
1.88393e-07
1.11705e-05
3.53941e-07
8.43416e-07
1.11955e-05
1.2576e-05
8.52095e-09
1.2574e-05
1.74739e-08
1.25709e-05
2.78488e-08
1.25664e-05
4.08929e-08
1.256e-05
5.85612e-08
1.25509e-05
8.45269e-08
1.25381e-05
1.26824e-07
1.25201e-05
2.06362e-07
1.24977e-05
3.76366e-07
8.18687e-07
1.25224e-05
1.40632e-05
9.57163e-09
1.4061e-05
1.96409e-08
1.40576e-05
3.12746e-08
1.40526e-05
4.58733e-08
1.40456e-05
6.55887e-08
1.40357e-05
9.43641e-08
1.4022e-05
1.40596e-07
1.40034e-05
2.24951e-07
1.39825e-05
3.97209e-07
7.94343e-07
1.40069e-05
1.57263e-05
1.07342e-08
1.57239e-05
2.20326e-08
1.57201e-05
3.50483e-08
1.57146e-05
5.13429e-08
1.57069e-05
7.32684e-08
1.56963e-05
1.05015e-07
1.56817e-05
1.55221e-07
1.56627e-05
2.43936e-07
1.56437e-05
4.16173e-07
7.70565e-07
1.56675e-05
1.7586e-05
1.20171e-08
1.75834e-05
2.46637e-08
1.75793e-05
3.91889e-08
1.75733e-05
5.73223e-08
1.75649e-05
8.16148e-08
1.75535e-05
1.16464e-07
1.75381e-05
1.70602e-07
1.7519e-05
2.63049e-07
1.75021e-05
4.33032e-07
7.47508e-07
1.75252e-05
1.96657e-05
1.34279e-08
1.96629e-05
2.75465e-08
1.96583e-05
4.37098e-08
1.96518e-05
6.3822e-08
1.96428e-05
9.06248e-08
1.96306e-05
1.2867e-07
1.96146e-05
1.86601e-07
1.95957e-05
2.81997e-07
1.95811e-05
4.47647e-07
7.25309e-07
1.96033e-05
2.19914e-05
1.4973e-08
2.19883e-05
3.06895e-08
2.19833e-05
4.86153e-08
2.19763e-05
7.08373e-08
2.19667e-05
1.00271e-07
2.19538e-05
1.4155e-07
2.19374e-05
2.03035e-07
2.19189e-05
3.00471e-07
2.19066e-05
4.59971e-07
7.04095e-07
2.19278e-05
2.45921e-05
1.66572e-08
2.45887e-05
3.40945e-08
2.45834e-05
5.38968e-08
2.45759e-05
7.8342e-08
2.45657e-05
1.10496e-07
2.45522e-05
1.54984e-07
2.45356e-05
2.19678e-07
2.45179e-05
3.18173e-07
2.45078e-05
4.70059e-07
6.83997e-07
2.45279e-05
2.75003e-05
1.84832e-08
2.74967e-05
3.77551e-08
2.7491e-05
5.95264e-08
2.74831e-05
8.62811e-08
2.74724e-05
1.21199e-07
2.74586e-05
1.68802e-07
2.7442e-05
2.36271e-07
2.74253e-05
3.34841e-07
2.74173e-05
4.7808e-07
6.65192e-07
2.74361e-05
3.07525e-05
2.04525e-08
3.07486e-05
4.16522e-08
3.07427e-05
6.54504e-08
3.07344e-05
9.45613e-08
3.07234e-05
1.32232e-07
3.07094e-05
1.8277e-07
3.06932e-05
2.52502e-07
3.06778e-05
3.50215e-07
3.06717e-05
4.84219e-07
6.47782e-07
3.06891e-05
3.43893e-05
2.25682e-08
3.43852e-05
4.57507e-08
3.43791e-05
7.15808e-08
3.43706e-05
1.0306e-07
3.43594e-05
1.43445e-07
3.43454e-05
1.96727e-07
3.43297e-05
2.68259e-07
3.43154e-05
3.64432e-07
3.43105e-05
4.89206e-07
6.32535e-07
3.43257e-05
3.84562e-05
2.48448e-08
3.8452e-05
4.99818e-08
3.84458e-05
7.76866e-08
3.84376e-05
1.11332e-07
3.84269e-05
1.54122e-07
3.8414e-05
2.09669e-07
3.83999e-05
2.82309e-07
3.83881e-05
3.76219e-07
3.83854e-05
4.91924e-07
6.17753e-07
3.84002e-05
4.30039e-05
2.73848e-08
4.29992e-05
5.46643e-08
4.29924e-05
8.45087e-08
4.29831e-05
1.20641e-07
4.29711e-05
1.66107e-07
4.29566e-05
2.24131e-07
4.29408e-05
2.98093e-07
4.29268e-05
3.90281e-07
4.292e-05
4.98729e-07
6.11328e-07
4.29264e-05
4.80908e-05
2.87739e-08
4.80889e-05
5.65905e-08
4.80862e-05
8.71809e-08
4.80825e-05
1.24415e-07
4.80776e-05
1.70933e-07
4.80722e-05
2.29594e-07
4.80673e-05
3.02934e-07
4.80658e-05
3.91773e-07
4.80721e-05
4.92488e-07
5.93188e-07
4.80902e-05
5.37682e-05
5.37583e-05
5.37447e-05
5.37274e-05
5.3706e-05
5.36798e-05
5.36494e-05
5.36171e-05
5.35878e-05
5.3568e-05
1.93082e-07
4.71086e-07
1.0272e-07
9.03628e-08
7.75818e-08
2.51378e-08
6.50043e-08
1.25775e-08
5.71803e-08
7.82393e-09
5.16743e-08
5.50604e-09
4.75042e-08
4.17011e-09
4.42055e-08
3.29865e-09
4.15168e-08
2.68865e-09
3.92727e-08
2.24413e-09
3.73627e-08
1.91001e-09
3.5711e-08
1.65168e-09
3.4264e-08
1.44701e-09
3.29825e-08
1.28151e-09
3.1837e-08
1.14548e-09
3.0805e-08
1.03204e-09
2.98688e-08
9.36314e-10
2.90142e-08
8.54604e-10
2.82301e-08
7.8425e-10
2.75071e-08
7.23063e-10
2.68377e-08
6.69538e-10
2.62155e-08
6.22275e-10
2.56352e-08
5.80408e-10
2.50924e-08
5.42957e-10
2.45831e-08
5.09461e-10
2.41042e-08
4.79103e-10
2.36527e-08
4.51739e-10
2.32262e-08
4.26645e-10
2.28227e-08
4.03864e-10
2.24402e-08
3.82697e-10
2.20772e-08
3.63334e-10
2.17324e-08
3.4506e-10
2.14048e-08
3.28125e-10
2.10934e-08
3.11719e-10
2.07977e-08
2.96174e-10
2.05172e-08
2.80982e-10
2.02576e-08
2.60146e-10
2.00504e-08
2.07858e-10
1.96761e-08
3.74588e-10
5.39221e-10
5.25892e-07
8.63937e-07
3.48603e-07
2.67653e-07
2.69472e-07
1.04269e-07
2.26499e-07
5.55505e-08
1.99325e-07
3.49976e-08
1.80159e-07
2.46724e-08
1.65646e-07
1.86827e-08
1.54161e-07
1.47835e-08
1.44793e-07
1.20572e-08
1.36968e-07
1.00686e-08
1.30306e-07
8.57172e-09
1.24545e-07
7.41334e-09
1.19497e-07
6.49509e-09
1.15026e-07
5.75245e-09
1.11029e-07
5.14184e-09
1.07429e-07
4.63262e-09
1.04162e-07
4.20279e-09
1.01181e-07
3.83594e-09
9.84453e-08
3.51994e-09
9.59231e-08
3.24525e-09
9.35878e-08
3.00482e-09
9.14174e-08
2.79268e-09
8.93933e-08
2.60457e-09
8.74997e-08
2.43652e-09
8.57233e-08
2.28592e-09
8.40526e-08
2.14981e-09
8.24776e-08
2.02673e-09
8.09899e-08
1.91433e-09
7.95821e-08
1.81179e-09
7.82476e-08
1.71713e-09
7.69811e-08
1.62993e-09
7.57777e-08
1.54839e-09
7.46337e-08
1.47212e-09
7.35463e-08
1.39919e-09
7.2513e-08
1.32942e-09
7.15324e-08
1.26161e-09
7.06232e-08
1.16925e-09
6.98663e-08
9.64858e-10
6.85746e-08
1.66576e-09
1.98039e-09
8.45434e-07
1.16896e-06
6.40506e-07
4.72581e-07
5.17367e-07
2.27407e-07
4.40708e-07
1.3221e-07
3.89637e-07
8.60683e-08
3.5292e-07
6.13889e-08
3.24896e-07
4.67074e-08
3.02613e-07
3.70662e-08
2.84374e-07
3.02959e-08
2.69105e-07
2.53384e-08
2.56082e-07
2.15943e-08
2.44806e-07
1.86898e-08
2.34917e-07
1.63837e-08
2.26153e-07
1.45164e-08
2.18315e-07
1.29796e-08
2.11251e-07
1.16971e-08
2.0484e-07
1.06139e-08
1.98987e-07
9.68895e-09
1.93615e-07
8.89188e-09
1.88661e-07
8.19888e-09
1.84074e-07
7.59205e-09
1.7981e-07
7.05666e-09
1.75833e-07
6.58171e-09
1.72112e-07
6.15749e-09
1.68621e-07
5.7771e-09
1.65337e-07
5.43357e-09
1.62241e-07
5.12262e-09
1.59317e-07
4.83899e-09
1.56549e-07
4.57995e-09
1.53925e-07
4.34124e-09
1.51434e-07
4.12105e-09
1.49066e-07
3.91562e-09
1.46815e-07
3.7233e-09
1.44675e-07
3.54006e-09
1.42639e-07
3.3647e-09
1.40707e-07
3.1936e-09
1.38911e-07
2.9655e-09
1.37357e-07
2.51933e-09
1.34931e-07
4.09098e-09
4.34176e-09
1.15042e-06
1.39054e-06
9.57344e-07
6.65657e-07
8.13259e-07
3.71492e-07
7.09384e-07
2.36086e-07
6.34136e-07
1.61316e-07
5.77663e-07
1.17862e-07
5.33584e-07
9.07863e-08
4.9807e-07
7.25802e-08
4.68744e-07
5.96222e-08
4.44039e-07
5.00436e-08
4.22875e-07
4.27574e-08
4.0449e-07
3.70752e-08
3.88327e-07
3.25462e-08
3.73975e-07
2.88684e-08
3.6112e-07
2.58347e-08
3.49519e-07
2.32983e-08
3.3898e-07
2.11528e-08
3.2935e-07
1.93186e-08
3.20506e-07
1.77363e-08
3.12345e-07
1.63596e-08
3.04784e-07
1.5153e-08
2.97753e-07
1.40881e-08
2.91192e-07
1.31427e-08
2.85051e-07
1.22981e-08
2.79288e-07
1.15403e-08
2.73865e-07
1.0856e-08
2.68752e-07
1.02362e-08
2.63919e-07
9.67111e-09
2.59345e-07
9.15461e-09
2.55007e-07
8.67911e-09
2.50888e-07
8.24016e-09
2.46972e-07
7.83129e-09
2.43247e-07
7.4483e-09
2.39702e-07
7.08446e-09
2.3633e-07
6.73624e-09
2.33128e-07
6.39521e-09
2.30141e-07
5.95236e-09
2.27461e-07
5.19956e-09
2.23704e-07
7.84691e-09
7.6849e-09
1.44257e-06
1.54089e-06
1.28219e-06
8.26042e-07
1.14107e-06
5.12605e-07
1.02478e-06
3.52386e-07
9.31963e-07
2.54128e-07
8.57751e-07
1.92074e-07
7.97475e-07
1.51062e-07
7.47647e-07
1.22409e-07
7.05771e-07
1.01498e-07
6.7005e-07
8.57644e-08
6.3917e-07
7.3638e-08
6.12157e-07
6.40877e-08
5.88285e-07
5.64186e-08
5.66998e-07
5.01553e-08
5.47867e-07
4.49655e-08
5.30555e-07
4.06104e-08
5.14793e-07
3.69152e-08
5.00363e-07
3.37485e-08
4.87088e-07
3.10108e-08
4.74823e-07
2.86247e-08
4.63446e-07
2.65303e-08
4.52854e-07
2.46795e-08
4.42962e-07
2.30345e-08
4.33697e-07
2.15637e-08
4.24994e-07
2.02427e-08
4.16801e-07
1.90493e-08
4.0907e-07
1.79675e-08
4.0176e-07
1.6981e-08
3.94835e-07
1.60787e-08
3.88266e-07
1.52483e-08
3.82025e-07
1.44813e-08
3.76089e-07
1.37673e-08
3.70438e-07
1.30986e-08
3.65058e-07
1.24645e-08
3.59936e-07
1.18579e-08
3.55069e-07
1.12614e-08
3.50511e-07
1.05102e-08
3.46296e-07
9.41386e-09
3.40975e-07
1.31675e-08
1.20735e-08
1.72681e-06
1.63478e-06
1.60578e-06
9.47077e-07
1.48441e-06
6.33967e-07
1.37219e-06
4.6461e-07
1.27375e-06
3.52572e-07
1.18908e-06
2.7674e-07
1.11653e-06
2.23609e-07
1.05419e-06
1.84751e-07
1.00029e-06
1.55394e-07
9.53341e-07
1.32717e-07
9.12099e-07
1.1488e-07
8.75578e-07
1.00609e-07
8.4299e-07
8.90066e-08
8.13707e-07
7.94383e-08
7.87225e-07
7.14473e-08
7.63137e-07
6.46983e-08
7.41111e-07
5.89413e-08
7.20874e-07
5.39856e-08
7.022e-07
4.96851e-08
6.849e-07
4.59248e-08
6.68815e-07
4.26151e-08
6.53811e-07
3.96833e-08
6.39773e-07
3.70721e-08
6.26604e-07
3.47334e-08
6.14217e-07
3.26293e-08
6.0254e-07
3.07262e-08
5.91509e-07
2.89985e-08
5.81068e-07
2.7422e-08
5.71168e-07
2.59784e-08
5.61767e-07
2.46491e-08
5.52828e-07
2.34206e-08
5.44318e-07
2.22771e-08
5.3621e-07
2.12061e-08
5.28483e-07
2.01917e-08
5.21119e-07
1.92215e-08
5.14116e-07
1.82644e-08
5.07528e-07
1.70977e-08
5.013e-07
1.56416e-08
4.94125e-07
2.03414e-08
1.75976e-08
2.0099e-06
1.68648e-06
1.92604e-06
1.03094e-06
1.83219e-06
7.27814e-07
1.73635e-06
5.60449e-07
1.64476e-06
4.44165e-07
1.56005e-06
3.61442e-07
1.48302e-06
3.00647e-07
1.41357e-06
2.54194e-07
1.35122e-06
2.17749e-07
1.29524e-06
1.88693e-07
1.24489e-06
1.65232e-07
1.19945e-06
1.46053e-07
1.15827e-06
1.30185e-07
1.1208e-06
1.16907e-07
1.08656e-06
1.05685e-07
1.05515e-06
9.6111e-08
1.02622e-06
8.78752e-08
9.99467e-07
8.07348e-08
9.74652e-07
7.45001e-08
9.51557e-07
6.90198e-08
9.29998e-07
6.4174e-08
9.09817e-07
5.98644e-08
8.90876e-07
5.60124e-08
8.73058e-07
5.25519e-08
8.56257e-07
4.94297e-08
8.40384e-07
4.65994e-08
8.25358e-07
4.40241e-08
8.1111e-07
4.167e-08
7.97578e-07
3.95106e-08
7.84707e-07
3.75199e-08
7.7245e-07
3.56775e-08
7.60765e-07
3.39617e-08
7.49617e-07
3.23537e-08
7.38977e-07
3.08312e-08
7.28824e-07
2.93749e-08
7.19153e-07
2.79341e-08
7.10015e-07
2.62358e-08
7.01249e-07
2.44076e-08
6.91873e-07
2.97158e-08
2.4389e-08
2.29953e-06
1.70829e-06
2.24619e-06
1.08428e-06
2.18032e-06
7.93683e-07
2.10675e-06
6.34015e-07
2.03086e-06
5.20058e-07
1.95578e-06
4.36522e-07
1.88332e-06
3.73108e-07
1.81456e-06
3.22948e-07
1.75007e-06
2.8224e-07
1.69001e-06
2.48755e-07
1.63429e-06
2.2095e-07
1.58269e-06
1.97654e-07
1.53491e-06
1.77962e-07
1.49064e-06
1.61178e-07
1.44956e-06
1.46765e-07
1.41138e-06
1.34299e-07
1.37581e-06
1.23446e-07
1.3426e-06
1.13939e-07
1.31154e-06
1.05563e-07
1.28241e-06
9.81427e-08
1.25505e-06
9.15353e-08
1.22929e-06
8.56232e-08
1.205e-06
8.03099e-08
1.18203e-06
7.55137e-08
1.1603e-06
7.11675e-08
1.13968e-06
6.72125e-08
1.12011e-06
6.36013e-08
1.10149e-06
6.02903e-08
1.08375e-06
5.72444e-08
1.06684e-06
5.44299e-08
1.0507e-06
5.18194e-08
1.03528e-06
4.93843e-08
1.02053e-06
4.70988e-08
1.00643e-06
4.49338e-08
9.92944e-07
4.28604e-08
9.80073e-07
4.08046e-08
9.67851e-07
3.84577e-08
9.56028e-07
3.62309e-08
9.44076e-07
4.16668e-08
3.26108e-08
2.60367e-06
1.70994e-06
2.57282e-06
1.11513e-06
2.53089e-06
8.3562e-07
2.47978e-06
6.8512e-07
2.42325e-06
5.76591e-07
2.36378e-06
4.95988e-07
2.30308e-06
4.33809e-07
2.24249e-06
3.83541e-07
2.18302e-06
3.41712e-07
2.12536e-06
3.06411e-07
2.06995e-06
2.76358e-07
2.01703e-06
2.50577e-07
1.96669e-06
2.28301e-07
1.91894e-06
2.08931e-07
1.87371e-06
1.91991e-07
1.83091e-06
1.77099e-07
1.79042e-06
1.63942e-07
1.75209e-06
1.52265e-07
1.7158e-06
1.41855e-07
1.68141e-06
1.32534e-07
1.64879e-06
1.24156e-07
1.61781e-06
1.16596e-07
1.58837e-06
1.09749e-07
1.56036e-06
1.03526e-07
1.53368e-06
9.78514e-08
1.50823e-06
9.26583e-08
1.48394e-06
8.78919e-08
1.46073e-06
8.35016e-08
1.43853e-06
7.94455e-08
1.41727e-06
7.56834e-08
1.39691e-06
7.21818e-08
1.37739e-06
6.89057e-08
1.35867e-06
6.58229e-08
1.3407e-06
6.28968e-08
1.32347e-06
6.00882e-08
1.30698e-06
5.72965e-08
1.29124e-06
5.41999e-08
1.27595e-06
5.15254e-08
1.2611e-06
5.65131e-08
4.24091e-08
2.93023e-06
1.69846e-06
2.9144e-06
1.13096e-06
2.89044e-06
8.59584e-07
2.85829e-06
7.17271e-07
2.82026e-06
6.14614e-07
2.77797e-06
5.38281e-07
2.7325e-06
4.79284e-07
2.68485e-06
4.31187e-07
2.63595e-06
3.9061e-07
2.58657e-06
3.55791e-07
2.53732e-06
3.25607e-07
2.48868e-06
2.99225e-07
2.44098e-06
2.76e-07
2.39447e-06
2.55433e-07
2.34934e-06
2.37128e-07
2.30567e-06
2.20767e-07
2.26353e-06
2.06086e-07
2.22292e-06
1.92866e-07
2.18386e-06
1.8092e-07
2.1463e-06
1.70092e-07
2.11021e-06
1.60247e-07
2.07554e-06
1.51269e-07
2.04223e-06
1.43059e-07
2.01023e-06
1.3553e-07
1.97947e-06
1.28607e-07
1.9499e-06
1.22225e-07
1.92147e-06
1.16325e-07
1.89411e-06
1.10857e-07
1.86779e-06
1.05774e-07
1.84243e-06
1.01035e-07
1.81802e-06
9.66005e-08
1.79449e-06
9.24332e-08
1.77181e-06
8.84955e-08
1.74997e-06
8.47443e-08
1.72893e-06
8.11295e-08
1.7087e-06
7.75248e-08
1.68928e-06
7.36188e-08
1.67037e-06
7.04352e-08
1.65252e-06
7.4363e-08
5.38331e-08
3.28678e-06
1.67852e-06
3.28002e-06
1.13771e-06
3.26808e-06
8.71529e-07
3.24983e-06
7.35516e-07
3.2267e-06
6.3775e-07
3.19963e-06
5.65346e-07
3.16911e-06
5.09801e-07
3.13565e-06
4.64649e-07
3.09981e-06
4.26454e-07
3.06213e-06
3.93465e-07
3.02313e-06
3.64608e-07
2.98325e-06
3.39105e-07
2.94288e-06
3.16373e-07
2.90234e-06
2.95971e-07
2.86191e-06
2.7756e-07
2.8218e-06
2.60872e-07
2.7822e-06
2.4569e-07
2.74323e-06
2.31832e-07
2.70501e-06
2.19146e-07
2.6676e-06
2.07501e-07
2.63106e-06
1.96785e-07
2.59543e-06
1.86902e-07
2.56072e-06
1.77765e-07
2.52695e-06
1.69301e-07
2.49411e-06
1.61445e-07
2.4622e-06
1.54135e-07
2.43121e-06
1.47321e-07
2.40111e-06
1.40954e-07
2.37189e-06
1.34992e-07
2.34353e-06
1.29393e-07
2.31601e-06
1.24121e-07
2.28931e-06
1.19134e-07
2.26341e-06
1.14395e-07
2.2383e-06
1.09855e-07
2.21398e-06
1.05454e-07
2.19046e-06
1.01045e-07
2.16773e-06
9.63463e-08
2.14556e-06
9.26104e-08
2.12501e-06
9.49068e-08
6.67349e-08
3.68039e-06
1.65288e-06
3.67863e-06
1.13947e-06
3.67387e-06
8.76289e-07
3.66461e-06
7.44774e-07
3.65181e-06
6.50546e-07
3.63618e-06
5.8098e-07
3.61781e-06
5.28167e-07
3.59682e-06
4.85637e-07
3.57342e-06
4.49855e-07
3.54787e-06
4.19022e-07
3.52043e-06
3.92044e-07
3.49139e-06
3.68142e-07
3.46103e-06
3.46736e-07
3.4296e-06
3.274e-07
3.39735e-06
3.09814e-07
3.36448e-06
2.93733e-07
3.33121e-06
2.78961e-07
3.2977e-06
2.65341e-07
3.26411e-06
2.52742e-07
3.23056e-06
2.41054e-07
3.19716e-06
2.30186e-07
3.164e-06
2.20056e-07
3.13117e-06
2.10597e-07
3.09873e-06
2.01745e-07
3.06672e-06
1.93448e-07
3.0352e-06
1.85657e-07
3.00419e-06
1.78327e-07
2.97373e-06
1.71419e-07
2.94383e-06
1.64895e-07
2.9145e-06
1.58718e-07
2.88577e-06
1.52856e-07
2.85763e-06
1.4727e-07
2.83011e-06
1.41921e-07
2.8032e-06
1.36761e-07
2.77694e-06
1.31719e-07
2.75135e-06
1.26632e-07
2.72643e-06
1.21264e-07
2.70205e-06
1.16988e-07
2.67974e-06
1.17215e-07
8.06793e-08
4.11775e-06
1.62305e-06
4.11855e-06
1.13868e-06
4.11764e-06
8.77201e-07
4.11354e-06
7.48873e-07
4.107e-06
6.5709e-07
4.09874e-06
5.89237e-07
4.08876e-06
5.38147e-07
4.07697e-06
4.97426e-07
4.06336e-06
4.63466e-07
4.04797e-06
4.34414e-07
4.03087e-06
4.09141e-07
4.01217e-06
3.86844e-07
3.99198e-06
3.66925e-07
3.97043e-06
3.48944e-07
3.94767e-06
3.32575e-07
3.92384e-06
3.17569e-07
3.89906e-06
3.03734e-07
3.87349e-06
2.90916e-07
3.84724e-06
2.78992e-07
3.82044e-06
2.67858e-07
3.79319e-06
2.57431e-07
3.76561e-06
2.47641e-07
3.73777e-06
2.38427e-07
3.70978e-06
2.29736e-07
3.68171e-06
2.21524e-07
3.65362e-06
2.13748e-07
3.62557e-06
2.06373e-07
3.59762e-06
1.99365e-07
3.56983e-06
1.92693e-07
3.54222e-06
1.86324e-07
3.51485e-06
1.80231e-07
3.48774e-06
1.74377e-07
3.46093e-06
1.68727e-07
3.43446e-06
1.63229e-07
3.40838e-06
1.57807e-07
3.38272e-06
1.52286e-07
3.35751e-06
1.46474e-07
3.33275e-06
1.41751e-07
3.31028e-06
1.3969e-07
9.49294e-08
4.60541e-06
1.58972e-06
4.60754e-06
1.13655e-06
4.60848e-06
8.7626e-07
4.60704e-06
7.50309e-07
4.6038e-06
6.60336e-07
4.59964e-06
5.93396e-07
4.59461e-06
5.43177e-07
4.58858e-06
5.03457e-07
4.58146e-06
4.70587e-07
4.57319e-06
4.42679e-07
4.56375e-06
4.18584e-07
4.55311e-06
3.9748e-07
4.54129e-06
3.78748e-07
4.5283e-06
3.61932e-07
4.51419e-06
3.46691e-07
4.49899e-06
3.32765e-07
4.48277e-06
3.19952e-07
4.4656e-06
3.0809e-07
4.44754e-06
2.97053e-07
4.42866e-06
2.86735e-07
4.40904e-06
2.77052e-07
4.38875e-06
2.67933e-07
4.36786e-06
2.59318e-07
4.34644e-06
2.51158e-07
4.32455e-06
2.4341e-07
4.30226e-06
2.36034e-07
4.27964e-06
2.28999e-07
4.25673e-06
2.22272e-07
4.2336e-06
2.15827e-07
4.21029e-06
2.09635e-07
4.18685e-06
2.03668e-07
4.16333e-06
1.97894e-07
4.13978e-06
1.92275e-07
4.11625e-06
1.86761e-07
4.09279e-06
1.81268e-07
4.06946e-06
1.75612e-07
4.0463e-06
1.69641e-07
4.02343e-06
1.6462e-07
4.0028e-06
1.60321e-07
1.08563e-07
5.14999e-06
1.55318e-06
5.153e-06
1.13353e-06
5.15475e-06
8.7451e-07
5.1546e-06
7.5046e-07
5.15287e-06
6.62059e-07
5.15066e-06
5.95606e-07
5.14812e-06
5.45717e-07
5.14516e-06
5.06424e-07
5.14168e-06
4.74067e-07
5.13762e-06
4.46736e-07
5.13292e-06
4.23279e-07
5.12754e-06
4.02864e-07
5.12142e-06
3.84866e-07
5.11454e-06
3.68817e-07
5.10687e-06
3.54363e-07
5.09839e-06
3.41236e-07
5.08912e-06
3.29223e-07
5.07906e-06
3.18156e-07
5.06821e-06
3.079e-07
5.0566e-06
2.98344e-07
5.04425e-06
2.89398e-07
5.0312e-06
2.80987e-07
5.01747e-06
2.73048e-07
5.0031e-06
2.65529e-07
4.98812e-06
2.58384e-07
4.97258e-06
2.51574e-07
4.95652e-06
2.45065e-07
4.93997e-06
2.38825e-07
4.92297e-06
2.32827e-07
4.90556e-06
2.27042e-07
4.88779e-06
2.21441e-07
4.86969e-06
2.15992e-07
4.8513e-06
2.10657e-07
4.83268e-06
2.05381e-07
4.81388e-06
2.00073e-07
4.79494e-06
1.94546e-07
4.77592e-06
1.88666e-07
4.75703e-06
1.83504e-07
4.74011e-06
1.77248e-07
1.20726e-07
5.75853e-06
1.51358e-06
5.7624e-06
1.12967e-06
5.76448e-06
8.72434e-07
5.76496e-06
7.49977e-07
5.76387e-06
6.6315e-07
5.76244e-06
5.97038e-07
5.76095e-06
5.47206e-07
5.75935e-06
5.08024e-07
5.75759e-06
4.75831e-07
5.75561e-06
4.4871e-07
5.75338e-06
4.25506e-07
5.75086e-06
4.05393e-07
5.74798e-06
3.87741e-07
5.74472e-06
3.7208e-07
5.74103e-06
3.58051e-07
5.73689e-06
3.45381e-07
5.73226e-06
3.33852e-07
5.72712e-06
3.23291e-07
5.72146e-06
3.13557e-07
5.71527e-06
3.04535e-07
5.70854e-06
2.9613e-07
5.70127e-06
2.88262e-07
5.69345e-06
2.80866e-07
5.68509e-06
2.73885e-07
5.67621e-06
2.67271e-07
5.6668e-06
2.60981e-07
5.65688e-06
2.54979e-07
5.64648e-06
2.49231e-07
5.6356e-06
2.43707e-07
5.62426e-06
2.38376e-07
5.6125e-06
2.33208e-07
5.60032e-06
2.28169e-07
5.58776e-06
2.23217e-07
5.57485e-06
2.18293e-07
5.56162e-06
2.133e-07
5.54812e-06
2.08047e-07
5.53438e-06
2.02404e-07
5.52069e-06
1.97197e-07
5.50855e-06
1.89388e-07
1.30904e-07
6.43872e-06
1.47102e-06
6.44365e-06
1.12474e-06
6.44585e-06
8.7023e-07
6.44671e-06
7.4912e-07
6.44588e-06
6.63981e-07
6.44469e-06
5.98227e-07
6.44355e-06
5.48347e-07
6.44244e-06
5.09128e-07
6.44134e-06
4.76934e-07
6.44022e-06
4.49831e-07
6.43905e-06
4.26671e-07
6.43782e-06
4.06631e-07
6.43647e-06
3.89085e-07
6.43499e-06
3.73561e-07
6.43334e-06
3.597e-07
6.4315e-06
3.47226e-07
6.42943e-06
3.35919e-07
6.42712e-06
3.25605e-07
6.42453e-06
3.1614e-07
6.42166e-06
3.07407e-07
6.41848e-06
2.99308e-07
6.41498e-06
2.91762e-07
6.41115e-06
2.847e-07
6.40697e-06
2.78064e-07
6.40244e-06
2.71803e-07
6.39755e-06
2.65873e-07
6.39229e-06
2.60234e-07
6.38667e-06
2.54851e-07
6.38069e-06
2.49692e-07
6.37434e-06
2.44723e-07
6.36763e-06
2.39913e-07
6.36058e-06
2.35224e-07
6.35318e-06
2.30613e-07
6.34546e-06
2.26015e-07
6.33743e-06
2.21328e-07
6.32912e-06
2.1636e-07
6.32055e-06
2.10971e-07
6.31202e-06
2.05729e-07
6.30465e-06
1.9676e-07
1.3907e-07
7.19905e-06
1.42566e-06
7.20534e-06
1.11846e-06
7.2076e-06
8.67963e-07
7.20874e-06
7.47979e-07
7.20806e-06
6.64669e-07
7.20691e-06
5.99375e-07
7.20583e-06
5.49425e-07
7.20484e-06
5.10115e-07
7.20393e-06
4.77851e-07
7.20307e-06
4.50685e-07
7.20227e-06
4.27474e-07
7.2015e-06
4.07401e-07
7.20074e-06
3.89841e-07
7.19998e-06
3.74324e-07
7.19919e-06
3.60491e-07
7.19835e-06
3.48063e-07
7.19745e-06
3.36823e-07
7.19646e-06
3.26591e-07
7.19537e-06
3.17226e-07
7.19417e-06
3.08609e-07
7.19284e-06
3.00641e-07
7.19136e-06
2.9324e-07
7.18972e-06
2.86337e-07
7.18792e-06
2.79871e-07
7.18593e-06
2.73791e-07
7.18375e-06
2.68052e-07
7.18137e-06
2.62614e-07
7.17878e-06
2.57439e-07
7.17598e-06
2.52495e-07
7.17296e-06
2.47745e-07
7.16971e-06
2.43159e-07
7.16624e-06
2.38695e-07
7.16255e-06
2.34307e-07
7.15863e-06
2.2993e-07
7.1545e-06
2.25456e-07
7.15017e-06
2.20692e-07
7.14566e-06
2.15485e-07
7.14124e-06
2.10147e-07
7.13769e-06
2.00314e-07
1.45607e-07
8.04899e-06
1.37772e-06
8.057e-06
1.11045e-06
8.05933e-06
8.65631e-07
8.06072e-06
7.46584e-07
8.06016e-06
6.65227e-07
8.059e-06
6.00539e-07
8.05789e-06
5.50538e-07
8.05688e-06
5.1112e-07
8.05597e-06
4.78762e-07
8.05515e-06
4.51504e-07
8.05442e-06
4.28204e-07
8.05377e-06
4.08053e-07
8.05318e-06
3.90431e-07
8.05264e-06
3.74865e-07
8.05213e-06
3.60997e-07
8.05165e-06
3.48549e-07
8.05117e-06
3.37299e-07
8.05069e-06
3.27071e-07
8.0502e-06
3.1772e-07
8.04968e-06
3.09126e-07
8.04913e-06
3.01192e-07
8.04854e-06
2.93835e-07
8.04789e-06
2.86983e-07
8.04718e-06
2.80578e-07
8.04641e-06
2.74567e-07
8.04556e-06
2.68904e-07
8.04462e-06
2.63548e-07
8.0436e-06
2.58463e-07
8.04248e-06
2.53613e-07
8.04126e-06
2.48964e-07
8.03994e-06
2.44482e-07
8.03851e-06
2.40125e-07
8.03697e-06
2.35846e-07
8.03532e-06
2.31578e-07
8.03357e-06
2.27209e-07
8.03171e-06
2.22548e-07
8.02978e-06
2.17422e-07
8.02801e-06
2.11909e-07
8.02692e-06
2.01409e-07
1.51076e-07
8.99913e-06
1.32752e-06
9.00923e-06
1.10035e-06
9.01168e-06
8.63179e-07
9.01332e-06
7.44951e-07
9.01292e-06
6.65629e-07
9.01173e-06
6.0172e-07
9.01056e-06
5.51713e-07
9.0095e-06
5.12183e-07
9.00853e-06
4.79724e-07
9.00767e-06
4.52363e-07
9.00692e-06
4.2896e-07
9.00626e-06
4.08713e-07
9.00568e-06
3.91007e-07
9.00518e-06
3.75371e-07
9.00473e-06
3.61444e-07
9.00433e-06
3.48948e-07
9.00397e-06
3.3766e-07
9.00364e-06
3.27402e-07
9.00333e-06
3.18029e-07
9.00303e-06
3.09421e-07
9.00275e-06
3.01479e-07
9.00246e-06
2.94118e-07
9.00218e-06
2.8727e-07
9.00188e-06
2.80872e-07
9.00158e-06
2.74874e-07
9.00125e-06
2.69227e-07
9.00091e-06
2.63892e-07
9.00054e-06
2.58831e-07
9.00015e-06
2.54008e-07
8.99972e-06
2.49389e-07
8.99927e-06
2.44937e-07
8.99878e-06
2.40614e-07
8.99826e-06
2.36368e-07
8.9977e-06
2.3213e-07
8.99712e-06
2.2779e-07
8.99652e-06
2.23155e-07
8.99591e-06
2.1803e-07
8.99554e-06
2.12282e-07
8.99568e-06
2.01264e-07
1.55977e-07
1.00613e-05
1.27546e-06
1.00739e-05
1.0878e-06
1.00766e-05
8.60505e-07
1.00784e-05
7.43093e-07
1.00782e-05
6.65837e-07
1.0077e-05
6.02897e-07
1.00758e-05
5.52951e-07
1.00747e-05
5.13316e-07
1.00736e-05
4.80754e-07
1.00727e-05
4.53285e-07
1.00719e-05
4.2977e-07
1.00712e-05
4.09418e-07
1.00706e-05
3.91619e-07
1.00701e-05
3.75902e-07
1.00696e-05
3.61905e-07
1.00692e-05
3.49349e-07
1.00688e-05
3.38011e-07
1.00685e-05
3.27711e-07
1.00683e-05
3.18303e-07
1.0068e-05
3.09666e-07
1.00678e-05
3.017e-07
1.00676e-05
2.9432e-07
1.00674e-05
2.87456e-07
1.00672e-05
2.81045e-07
1.00671e-05
2.75037e-07
1.00669e-05
2.69383e-07
1.00668e-05
2.64043e-07
1.00666e-05
2.58977e-07
1.00665e-05
2.54151e-07
1.00663e-05
2.4953e-07
1.00662e-05
2.45076e-07
1.00661e-05
2.40749e-07
1.00659e-05
2.36497e-07
1.00658e-05
2.32251e-07
1.00657e-05
2.27898e-07
1.00656e-05
2.23246e-07
1.00656e-05
2.18079e-07
1.00658e-05
2.12072e-07
1.00663e-05
2.00679e-07
1.60621e-07
1.12489e-05
1.22203e-06
1.12642e-05
1.07249e-06
1.12672e-05
8.57453e-07
1.12693e-05
7.41025e-07
1.12693e-05
6.65811e-07
1.12682e-05
6.04037e-07
1.12669e-05
5.54241e-07
1.12657e-05
5.14515e-07
1.12646e-05
4.81853e-07
1.12636e-05
4.54274e-07
1.12627e-05
4.30643e-07
1.1262e-05
4.1018e-07
1.12613e-05
3.9228e-07
1.12608e-05
3.76474e-07
1.12603e-05
3.62401e-07
1.12598e-05
3.49779e-07
1.12595e-05
3.38384e-07
1.12591e-05
3.28036e-07
1.12588e-05
3.18587e-07
1.12586e-05
3.09915e-07
1.12584e-05
3.01918e-07
1.12582e-05
2.94512e-07
1.1258e-05
2.87626e-07
1.12579e-05
2.81196e-07
1.12577e-05
2.7517e-07
1.12576e-05
2.695e-07
1.12575e-05
2.64145e-07
1.12574e-05
2.59066e-07
1.12574e-05
2.54226e-07
1.12573e-05
2.4959e-07
1.12572e-05
2.45121e-07
1.12572e-05
2.40776e-07
1.12572e-05
2.36504e-07
1.12572e-05
2.32233e-07
1.12573e-05
2.27849e-07
1.12574e-05
2.23163e-07
1.12575e-05
2.17933e-07
1.12579e-05
2.11674e-07
1.12585e-05
2.00069e-07
1.65119e-07
1.25766e-05
1.16781e-06
1.25949e-05
1.05419e-06
1.25986e-05
8.5381e-07
1.26008e-05
7.38756e-07
1.26011e-05
6.65513e-07
1.26001e-05
6.05096e-07
1.25988e-05
5.55566e-07
1.25975e-05
5.15775e-07
1.25963e-05
4.83018e-07
1.25953e-05
4.55331e-07
1.25943e-05
4.3158e-07
1.25935e-05
4.10999e-07
1.25928e-05
3.92992e-07
1.25922e-05
3.77092e-07
1.25917e-05
3.62936e-07
1.25912e-05
3.50243e-07
1.25908e-05
3.38787e-07
1.25904e-05
3.28386e-07
1.25901e-05
3.18892e-07
1.25899e-05
3.10181e-07
1.25896e-05
3.0215e-07
1.25894e-05
2.94716e-07
1.25893e-05
2.87803e-07
1.25891e-05
2.8135e-07
1.2589e-05
2.75304e-07
1.25889e-05
2.69615e-07
1.25888e-05
2.64241e-07
1.25887e-05
2.59144e-07
1.25886e-05
2.54286e-07
1.25886e-05
2.49632e-07
1.25886e-05
2.45142e-07
1.25886e-05
2.40774e-07
1.25886e-05
2.36475e-07
1.25886e-05
2.32173e-07
1.25887e-05
2.27752e-07
1.25889e-05
2.23025e-07
1.25891e-05
2.17727e-07
1.25895e-05
2.11244e-07
1.259e-05
1.99602e-07
1.69534e-07
1.40612e-05
1.11344e-06
1.40827e-05
1.03278e-06
1.40871e-05
8.49316e-07
1.40896e-05
7.36281e-07
1.40902e-05
6.64911e-07
1.40893e-05
6.06024e-07
1.4088e-05
5.56902e-07
1.40867e-05
5.17085e-07
1.40854e-05
4.84242e-07
1.40843e-05
4.5645e-07
1.40833e-05
4.32579e-07
1.40824e-05
4.11876e-07
1.40817e-05
3.93756e-07
1.4081e-05
3.77756e-07
1.40804e-05
3.63512e-07
1.40799e-05
3.50743e-07
1.40795e-05
3.39221e-07
1.40791e-05
3.28764e-07
1.40788e-05
3.19221e-07
1.40785e-05
3.10468e-07
1.40782e-05
3.02401e-07
1.4078e-05
2.94935e-07
1.40778e-05
2.87995e-07
1.40777e-05
2.81517e-07
1.40775e-05
2.75448e-07
1.40774e-05
2.69738e-07
1.40773e-05
2.64344e-07
1.40772e-05
2.59228e-07
1.40772e-05
2.5435e-07
1.40771e-05
2.49673e-07
1.40771e-05
2.4516e-07
1.40771e-05
2.40767e-07
1.40771e-05
2.36438e-07
1.40772e-05
2.32102e-07
1.40773e-05
2.27642e-07
1.40775e-05
2.22872e-07
1.40777e-05
2.17505e-07
1.40781e-05
2.10843e-07
1.40783e-05
1.99351e-07
1.73679e-07
1.57214e-05
1.05959e-06
1.57458e-05
1.00829e-06
1.57515e-05
8.43678e-07
1.57542e-05
7.3357e-07
1.57551e-05
6.63979e-07
1.57544e-05
6.06764e-07
1.57531e-05
5.58214e-07
1.57517e-05
5.18428e-07
1.57505e-05
4.85513e-07
1.57493e-05
4.57624e-07
1.57482e-05
4.33634e-07
1.57473e-05
4.12807e-07
1.57465e-05
3.9457e-07
1.57458e-05
3.78464e-07
1.57452e-05
3.64127e-07
1.57446e-05
3.51276e-07
1.57442e-05
3.39684e-07
1.57438e-05
3.29166e-07
1.57434e-05
3.1957e-07
1.57431e-05
3.10771e-07
1.57428e-05
3.02666e-07
1.57426e-05
2.95164e-07
1.57424e-05
2.88194e-07
1.57422e-05
2.81689e-07
1.57421e-05
2.75595e-07
1.5742e-05
2.69862e-07
1.57419e-05
2.64447e-07
1.57418e-05
2.59308e-07
1.57417e-05
2.54409e-07
1.57417e-05
2.4971e-07
1.57417e-05
2.45172e-07
1.57417e-05
2.4075e-07
1.57418e-05
2.3639e-07
1.57418e-05
2.32018e-07
1.5742e-05
2.27517e-07
1.57421e-05
2.22704e-07
1.57424e-05
2.17277e-07
1.57427e-05
2.10491e-07
1.57427e-05
1.99321e-07
1.77935e-07
1.75778e-05
1.00693e-06
1.76052e-05
9.80932e-07
1.76123e-05
8.36594e-07
1.76153e-05
7.3056e-07
1.76166e-05
6.62699e-07
1.76161e-05
6.07255e-07
1.76148e-05
5.59456e-07
1.76135e-05
5.1978e-07
1.76122e-05
4.86817e-07
1.7611e-05
4.58842e-07
1.76099e-05
4.34739e-07
1.76089e-05
4.13789e-07
1.7608e-05
3.95432e-07
1.76073e-05
3.79217e-07
1.76066e-05
3.64785e-07
1.7606e-05
3.5185e-07
1.76055e-05
3.40185e-07
1.76051e-05
3.29604e-07
1.76047e-05
3.19954e-07
1.76044e-05
3.11109e-07
1.76041e-05
3.02962e-07
1.76038e-05
2.95425e-07
1.76036e-05
2.88422e-07
1.76034e-05
2.81888e-07
1.76032e-05
2.75768e-07
1.76031e-05
2.7001e-07
1.76029e-05
2.6457e-07
1.76028e-05
2.59408e-07
1.76028e-05
2.54484e-07
1.76027e-05
2.49759e-07
1.76027e-05
2.45193e-07
1.76027e-05
2.40741e-07
1.76028e-05
2.36347e-07
1.76028e-05
2.31936e-07
1.7603e-05
2.27394e-07
1.76031e-05
2.2254e-07
1.76033e-05
2.17064e-07
1.76036e-05
2.10224e-07
1.76034e-05
1.99543e-07
1.81168e-07
1.96541e-05
9.56135e-07
1.96839e-05
9.5108e-07
1.96927e-05
8.27795e-07
1.96961e-05
7.27148e-07
1.96978e-05
6.61056e-07
1.96976e-05
6.07434e-07
1.96965e-05
5.60573e-07
1.96951e-05
5.21107e-07
1.96938e-05
4.88128e-07
1.96926e-05
4.6008e-07
1.96915e-05
4.35871e-07
1.96904e-05
4.14797e-07
1.96896e-05
3.96316e-07
1.96888e-05
3.79986e-07
1.96881e-05
3.6545e-07
1.96876e-05
3.52424e-07
1.96871e-05
3.40679e-07
1.96866e-05
3.30029e-07
1.96863e-05
3.2032e-07
1.9686e-05
3.11424e-07
1.96857e-05
3.03233e-07
1.96854e-05
2.95659e-07
1.96852e-05
2.88623e-07
1.96851e-05
2.82061e-07
1.96849e-05
2.75914e-07
1.96848e-05
2.70132e-07
1.96847e-05
2.6467e-07
1.96846e-05
2.59485e-07
1.96846e-05
2.54538e-07
1.96845e-05
2.49788e-07
1.96845e-05
2.45196e-07
1.96846e-05
2.40713e-07
1.96846e-05
2.36285e-07
1.96847e-05
2.31835e-07
1.96849e-05
2.27254e-07
1.96851e-05
2.22364e-07
1.96853e-05
2.16858e-07
1.96855e-05
2.10031e-07
1.9685e-05
1.99972e-07
1.85831e-07
2.19761e-05
9.0782e-07
2.20079e-05
9.193e-07
2.20186e-05
8.1709e-07
2.20225e-05
7.23197e-07
2.20246e-05
6.59038e-07
2.20247e-05
6.0725e-07
2.20238e-05
5.61506e-07
2.20225e-05
5.22381e-07
2.20212e-05
4.8944e-07
2.20199e-05
4.6135e-07
2.20188e-05
4.3706e-07
2.20177e-05
4.15882e-07
2.20167e-05
3.97291e-07
2.20158e-05
3.80856e-07
2.20151e-05
3.66222e-07
2.20144e-05
3.53108e-07
2.20138e-05
3.41285e-07
2.20132e-05
3.30564e-07
2.20128e-05
3.20791e-07
2.20123e-05
3.11838e-07
2.2012e-05
3.03597e-07
2.20117e-05
2.95977e-07
2.20114e-05
2.889e-07
2.20111e-05
2.823e-07
2.20109e-05
2.76118e-07
2.20108e-05
2.70304e-07
2.20106e-05
2.64811e-07
2.20105e-05
2.59596e-07
2.20104e-05
2.54618e-07
2.20104e-05
2.49836e-07
2.20104e-05
2.4521e-07
2.20104e-05
2.40691e-07
2.20105e-05
2.36224e-07
2.20106e-05
2.31734e-07
2.20107e-05
2.27115e-07
2.20109e-05
2.22197e-07
2.2011e-05
2.1669e-07
2.20111e-05
2.0997e-07
2.20105e-05
2.00592e-07
1.86637e-07
2.45732e-05
8.62535e-07
2.46062e-05
8.86307e-07
2.46189e-05
8.04398e-07
2.46235e-05
7.18528e-07
2.4626e-05
6.56594e-07
2.46266e-05
6.06614e-07
2.4626e-05
5.62124e-07
2.46249e-05
5.23458e-07
2.46238e-05
4.9059e-07
2.46227e-05
4.62457e-07
2.46217e-05
4.38078e-07
2.46207e-05
4.16785e-07
2.462e-05
3.98076e-07
2.46193e-05
3.81531e-07
2.46187e-05
3.66802e-07
2.46182e-05
3.53607e-07
2.46178e-05
3.41715e-07
2.46174e-05
3.30938e-07
2.46171e-05
3.21118e-07
2.46168e-05
3.12126e-07
2.46165e-05
3.03851e-07
2.46163e-05
2.96202e-07
2.46161e-05
2.891e-07
2.46159e-05
2.82477e-07
2.46158e-05
2.76275e-07
2.46156e-05
2.7044e-07
2.46155e-05
2.64927e-07
2.46154e-05
2.5969e-07
2.46154e-05
2.54689e-07
2.46153e-05
2.49883e-07
2.46153e-05
2.45227e-07
2.46153e-05
2.40676e-07
2.46154e-05
2.36173e-07
2.46154e-05
2.31645e-07
2.46156e-05
2.2699e-07
2.46157e-05
2.2205e-07
2.46158e-05
2.16563e-07
2.46158e-05
2.10007e-07
2.46149e-05
2.01534e-07
1.93662e-07
2.74779e-05
8.20789e-07
2.75112e-05
8.52987e-07
2.75257e-05
7.89876e-07
2.75312e-05
7.13069e-07
2.75339e-05
6.53826e-07
2.75348e-05
6.05692e-07
2.75343e-05
5.62645e-07
2.75331e-05
5.24664e-07
2.75317e-05
4.92012e-07
2.75302e-05
4.6392e-07
2.75288e-05
4.395e-07
2.75275e-05
4.18112e-07
2.75263e-05
3.99279e-07
2.75252e-05
3.826e-07
2.75243e-05
3.6774e-07
2.75235e-05
3.54421e-07
2.75228e-05
3.42416e-07
2.75222e-05
3.31537e-07
2.75217e-05
3.21627e-07
2.75212e-05
3.12555e-07
2.75209e-05
3.0421e-07
2.75206e-05
2.965e-07
2.75203e-05
2.89344e-07
2.75201e-05
2.82673e-07
2.752e-05
2.76428e-07
2.75199e-05
2.70554e-07
2.75198e-05
2.65004e-07
2.75197e-05
2.59733e-07
2.75197e-05
2.54699e-07
2.75198e-05
2.49858e-07
2.75198e-05
2.45167e-07
2.75199e-05
2.4058e-07
2.752e-05
2.36039e-07
2.75202e-05
2.31475e-07
2.75204e-05
2.26795e-07
2.75206e-05
2.2186e-07
2.75207e-05
2.16447e-07
2.75206e-05
2.10146e-07
2.752e-05
2.02146e-07
1.88699e-07
3.0727e-05
7.82861e-07
3.07599e-05
8.20071e-07
3.07763e-05
7.73509e-07
3.07831e-05
7.06227e-07
3.0787e-05
6.49998e-07
3.07891e-05
6.03535e-07
3.07899e-05
5.61869e-07
3.07899e-05
5.24642e-07
3.07897e-05
4.92286e-07
3.07893e-05
4.64321e-07
3.07888e-05
4.39969e-07
3.07883e-05
4.18613e-07
3.07878e-05
3.99786e-07
3.07873e-05
3.83101e-07
3.07868e-05
3.68228e-07
3.07863e-05
3.54894e-07
3.07859e-05
3.42872e-07
3.07854e-05
3.31974e-07
3.0785e-05
3.22045e-07
3.07846e-05
3.12953e-07
3.07842e-05
3.04589e-07
3.07839e-05
2.96859e-07
3.07835e-05
2.89683e-07
3.07832e-05
2.82992e-07
3.07829e-05
2.76725e-07
3.07826e-05
2.7083e-07
3.07824e-05
2.65256e-07
3.07822e-05
2.59959e-07
3.0782e-05
2.54896e-07
3.07818e-05
2.50023e-07
3.07817e-05
2.45298e-07
3.07816e-05
2.40671e-07
3.07815e-05
2.36088e-07
3.07815e-05
2.31483e-07
3.07815e-05
2.2677e-07
3.07816e-05
2.21835e-07
3.07815e-05
2.16505e-07
3.07811e-05
2.10549e-07
3.07792e-05
2.04068e-07
2.02308e-07
3.43588e-05
7.49808e-07
3.43893e-05
7.8953e-07
3.44055e-05
7.57265e-07
3.44118e-05
6.99953e-07
3.44143e-05
6.475e-07
3.4415e-05
6.0288e-07
3.44142e-05
5.62606e-07
3.44128e-05
5.26115e-07
3.44111e-05
4.93931e-07
3.44096e-05
4.65882e-07
3.44082e-05
4.4136e-07
3.4407e-05
4.19801e-07
3.4406e-05
4.00765e-07
3.44052e-05
3.83881e-07
3.44046e-05
3.68831e-07
3.44042e-05
3.55344e-07
3.44038e-05
3.43192e-07
3.44036e-05
3.32186e-07
3.44035e-05
3.22168e-07
3.44035e-05
3.13002e-07
3.44035e-05
3.04578e-07
3.44035e-05
2.96798e-07
3.44036e-05
2.89581e-07
3.44038e-05
2.82855e-07
3.44039e-05
2.7656e-07
3.44041e-05
2.70639e-07
3.44043e-05
2.65043e-07
3.44046e-05
2.59725e-07
3.44048e-05
2.5464e-07
3.44051e-05
2.49746e-07
3.44054e-05
2.44997e-07
3.44057e-05
2.40346e-07
3.44061e-05
2.3574e-07
3.44064e-05
2.31119e-07
3.44068e-05
2.26409e-07
3.44071e-05
2.21521e-07
3.44073e-05
2.16333e-07
3.44072e-05
2.10628e-07
3.44078e-05
2.03458e-07
1.85574e-07
3.84308e-05
7.19176e-07
3.84619e-05
7.58425e-07
3.84824e-05
7.36757e-07
3.84939e-05
6.8852e-07
3.8501e-05
6.4032e-07
3.85059e-05
5.98043e-07
3.85087e-05
5.59767e-07
3.851e-05
5.24795e-07
3.85104e-05
4.93564e-07
3.85102e-05
4.66104e-07
3.85096e-05
4.41972e-07
3.85087e-05
4.2067e-07
3.85077e-05
4.01788e-07
3.85066e-05
3.84986e-07
3.85054e-05
3.69971e-07
3.85043e-05
3.56486e-07
3.85032e-05
3.44316e-07
3.85021e-05
3.33278e-07
3.8501e-05
3.23218e-07
3.85e-05
3.14006e-07
3.84991e-05
3.05533e-07
3.84982e-05
2.97703e-07
3.84973e-05
2.90436e-07
3.84965e-05
2.83661e-07
3.84957e-05
2.77317e-07
3.8495e-05
2.71347e-07
3.84944e-05
2.65701e-07
3.84938e-05
2.60334e-07
3.84932e-05
2.55199e-07
3.84927e-05
2.50252e-07
3.84923e-05
2.45449e-07
3.84919e-05
2.40742e-07
3.84915e-05
2.3608e-07
3.84912e-05
2.31409e-07
3.8491e-05
2.2667e-07
3.84907e-05
2.21809e-07
3.84902e-05
2.16805e-07
3.8489e-05
2.11798e-07
3.84846e-05
2.07883e-07
2.12951e-07
4.29447e-05
7.00907e-07
4.29638e-05
7.3931e-07
4.29753e-05
7.25252e-07
4.29802e-05
6.83645e-07
4.29825e-05
6.38e-07
4.29841e-05
5.96429e-07
4.29853e-05
5.58597e-07
4.29862e-05
5.23889e-07
4.29871e-05
4.9267e-07
4.29881e-05
4.651e-07
4.29892e-05
4.40858e-07
4.29904e-05
4.19473e-07
4.29916e-05
4.00534e-07
4.29929e-05
3.83699e-07
4.29942e-05
3.6867e-07
4.29955e-05
3.5519e-07
4.29968e-05
3.43037e-07
4.29981e-05
3.32026e-07
4.29993e-05
3.21999e-07
4.30005e-05
3.12825e-07
4.30016e-05
3.04391e-07
4.30027e-05
2.96602e-07
4.30038e-05
2.89375e-07
4.30048e-05
2.82638e-07
4.30058e-05
2.76329e-07
4.30067e-05
2.70392e-07
4.30076e-05
2.64777e-07
4.30085e-05
2.59435e-07
4.30094e-05
2.54321e-07
4.30103e-05
2.49391e-07
4.30111e-05
2.44599e-07
4.3012e-05
2.39899e-07
4.30128e-05
2.35243e-07
4.30136e-05
2.30583e-07
4.30144e-05
2.25872e-07
4.30152e-05
2.21075e-07
4.30158e-05
2.16153e-07
4.30167e-05
2.10876e-07
4.30215e-05
2.03141e-07
1.75711e-07
4.81187e-05
6.72461e-07
4.81481e-05
7.09909e-07
4.81695e-05
7.0382e-07
4.81815e-05
6.71656e-07
4.81872e-05
6.3228e-07
4.81893e-05
5.9432e-07
4.8189e-05
5.58951e-07
4.81869e-05
5.25988e-07
4.81837e-05
4.95813e-07
4.81801e-05
4.68759e-07
4.81762e-05
4.4472e-07
4.81723e-05
4.2336e-07
4.81685e-05
4.04333e-07
4.81649e-05
3.87342e-07
4.81614e-05
3.72121e-07
4.81582e-05
3.58434e-07
4.81551e-05
3.46074e-07
4.81523e-05
3.3486e-07
4.81497e-05
3.24641e-07
4.81472e-05
3.15286e-07
4.81449e-05
3.06684e-07
4.81428e-05
2.98738e-07
4.81408e-05
2.91367e-07
4.81389e-05
2.84498e-07
4.81372e-05
2.78067e-07
4.81355e-05
2.72017e-07
4.8134e-05
2.66296e-07
4.81326e-05
2.60856e-07
4.81313e-05
2.5565e-07
4.813e-05
2.50633e-07
4.81289e-05
2.4576e-07
4.81278e-05
2.40984e-07
4.81268e-05
2.36259e-07
4.81258e-05
2.31544e-07
4.81249e-05
2.26814e-07
4.81239e-05
2.22091e-07
4.81225e-05
2.1754e-07
4.81195e-05
2.13816e-07
4.81093e-05
2.13394e-07
2.27241e-07
5.35618e-05
5.35674e-05
5.35794e-05
5.35933e-05
5.36072e-05
5.36205e-05
5.36329e-05
5.36442e-05
5.36544e-05
5.36634e-05
5.36716e-05
5.36788e-05
5.36853e-05
5.36912e-05
5.36965e-05
5.37013e-05
5.37057e-05
5.37098e-05
5.37135e-05
5.37169e-05
5.372e-05
5.3723e-05
5.37257e-05
5.37283e-05
5.37308e-05
5.37331e-05
5.37353e-05
5.37374e-05
5.37395e-05
5.37414e-05
5.37434e-05
5.37453e-05
5.37471e-05
5.3749e-05
5.37509e-05
5.37528e-05
5.37551e-05
5.37594e-05
5.37744e-05
)
;

boundaryField
{
    inlet
    {
        type            calculated;
        value           nonuniform List<scalar> 
36
(
-1.0756e-06
-1.2028e-06
-1.34504e-06
-1.5041e-06
-1.68197e-06
-1.88087e-06
-2.1033e-06
-2.35204e-06
-2.63018e-06
-2.94122e-06
-3.28905e-06
-3.678e-06
-4.11295e-06
-4.59934e-06
-5.14325e-06
-5.75148e-06
-6.43164e-06
-7.19223e-06
-8.04277e-06
-8.9939e-06
-1.00575e-05
-1.12469e-05
-1.25769e-05
-1.40642e-05
-1.57274e-05
-1.75873e-05
-1.96671e-05
-2.19929e-05
-2.45938e-05
-2.75022e-05
-3.07545e-05
-3.43914e-05
-3.84585e-05
-4.30064e-05
-4.80922e-05
-5.37795e-05
)
;
    }
    outlet
    {
        type            calculated;
        value           nonuniform List<scalar> 
36
(
1.91381e-08
6.71341e-08
1.32571e-07
2.20361e-07
3.36586e-07
4.88601e-07
6.85082e-07
9.35854e-07
1.2513e-06
1.64109e-06
2.11211e-06
2.6658e-06
3.29603e-06
3.98916e-06
4.72794e-06
5.49837e-06
6.29648e-06
7.13115e-06
8.02145e-06
8.99078e-06
1.00617e-05
1.1254e-05
1.25856e-05
1.40742e-05
1.57385e-05
1.76001e-05
1.96804e-05
2.20097e-05
2.46078e-05
2.75249e-05
3.07656e-05
3.44246e-05
3.84572e-05
4.30587e-05
4.80577e-05
5.38418e-05
)
;
    }
    plate
    {
        type            calculated;
        value           uniform 0;
    }
    farfield
    {
        type            calculated;
        value           nonuniform List<scalar> 
50
(
3.99881e-08
6.65067e-08
1.0079e-07
1.41689e-07
1.92414e-07
2.55758e-07
3.33313e-07
4.24042e-07
5.21788e-07
6.13034e-07
6.7868e-07
7.04252e-07
6.91828e-07
6.57793e-07
6.18396e-07
5.80992e-07
5.46528e-07
5.14691e-07
4.85672e-07
4.59687e-07
4.36607e-07
4.16096e-07
3.97814e-07
3.81471e-07
3.66813e-07
3.53616e-07
3.4168e-07
3.30836e-07
3.2094e-07
3.11868e-07
3.03514e-07
2.95787e-07
2.88608e-07
2.81907e-07
2.75623e-07
2.69702e-07
2.64091e-07
2.58744e-07
2.53615e-07
2.48658e-07
2.43829e-07
2.39081e-07
2.34372e-07
2.29666e-07
2.24939e-07
2.20177e-07
2.15279e-07
2.09481e-07
1.98374e-07
1.5983e-07
)
;
    }
    upstreamSlip
    {
        type            symmetry;
        value           uniform 0;
    }
    frontAndBack
    {
        type            empty;
    }
}


// ************************************************************************* //
