/*--------------------------------*- C++ -*----------------------------------*\
| =========                 |                                                 |
| \\      /  F ield         | OpenFOAM: The Open Source CFD Toolbox           |
|  \\    /   O peration     | Version:  2512                                  |
|   \\  /    A nd           | Website:  www.openfoam.com                      |
|    \\/     M anipulation  |                                                 |
\*---------------------------------------------------------------------------*/
FoamFile
{
    version     2.0;
    format      ascii;
    arch        "LSB;label=32;scalar=64";
    class       volVectorField;
    location    "0.0449697";
    object      U;
}
// * * * * * * * * * * * * * * * * * * * * * * * * * * * * * * * * * * * * * //

dimensions      [0 1 -1 0 0 0 0];

internalField   nonuniform List<vector> 
1800
(
(39.5288 1.58183e-05 0)
(39.5245 3.01269e-05 0)
(39.5164 4.93913e-05 0)
(39.5038 7.30583e-05 0)
(39.4857 0.000105368 0)
(39.4596 0.00015565 0)
(39.4203 0.000240064 0)
(39.3589 0.00053259 0)
(39.1812 0.000815027 0)
(39.1004 0.0811146 0)
(39.5288 4.93906e-05 0)
(39.5245 9.40236e-05 0)
(39.5164 0.000154103 0)
(39.5038 0.000227922 0)
(39.4857 0.000328706 0)
(39.4596 0.000485554 0)
(39.4203 0.000748934 0)
(39.3589 0.00165981 0)
(39.182 0.00253456 0)
(39.1019 0.193367 0)
(39.5288 8.68775e-05 0)
(39.5245 0.000165575 0)
(39.5164 0.000271203 0)
(39.5038 0.000401088 0)
(39.4857 0.000578427 0)
(39.4596 0.000854282 0)
(39.4203 0.00131798 0)
(39.3589 0.00290601 0)
(39.1835 0.00447069 0)
(39.1045 0.275954 0)
(39.5288 0.000128499 0)
(39.5245 0.000245617 0)
(39.5164 0.00040193 0)
(39.5038 0.000594407 0)
(39.4857 0.000857212 0)
(39.4596 0.00126557 0)
(39.4203 0.00195326 0)
(39.3589 0.00426632 0)
(39.1856 0.00669286 0)
(39.108 0.327813 0)
(39.5288 0.000174782 0)
(39.5245 0.000335284 0)
(39.5164 0.000547994 0)
(39.5038 0.000810368 0)
(39.4857 0.00116863 0)
(39.4597 0.00172455 0)
(39.4203 0.00266294 0)
(39.359 0.0057472 0)
(39.1881 0.00925058 0)
(39.1122 0.359114 0)
(39.5288 0.000226262 0)
(39.5245 0.000435763 0)
(39.5164 0.000711218 0)
(39.5038 0.00105165 0)
(39.4857 0.00151653 0)
(39.4597 0.00223675 0)
(39.4204 0.00345571 0)
(39.359 0.00735668 0)
(39.1912 0.0121873 0)
(39.117 0.377336 0)
(39.5288 0.000283506 0)
(39.5245 0.000548356 0)
(39.5164 0.000893602 0)
(39.5038 0.00132118 0)
(39.4857 0.00190512 0)
(39.4597 0.00280821 0)
(39.4204 0.00434101 0)
(39.3591 0.00910355 0)
(39.1946 0.0155469 0)
(39.1225 0.386904 0)
(39.5288 0.000347144 0)
(39.5245 0.000674513 0)
(39.5164 0.00109738 0)
(39.5038 0.00162224 0)
(39.4858 0.00233912 0)
(39.4597 0.00344568 0)
(39.4205 0.00532924 0)
(39.3592 0.0109984 0)
(39.1984 0.019372 0)
(39.1285 0.390678 0)
(39.5288 0.000417892 0)
(39.5245 0.000815854 0)
(39.5164 0.00132505 0)
(39.5038 0.00195849 0)
(39.4858 0.00282378 0)
(39.4597 0.00415665 0)
(39.4206 0.00643182 0)
(39.3594 0.0130543 0)
(39.2026 0.0237006 0)
(39.1352 0.390686 0)
(39.5288 0.000496558 0)
(39.5245 0.000974176 0)
(39.5164 0.00157941 0)
(39.5039 0.00233402 0)
(39.4858 0.00336496 0)
(39.4598 0.00494951 0)
(39.4207 0.00766125 0)
(39.3596 0.0152871 0)
(39.2072 0.0285635 0)
(39.1425 0.388313 0)
(39.5288 0.000584054 0)
(39.5245 0.00115148 0)
(39.5164 0.00186358 0)
(39.5039 0.00275338 0)
(39.4858 0.00396915 0)
(39.4598 0.00583356 0)
(39.4208 0.00903119 0)
(39.3599 0.0177156 0)
(39.2123 0.0339819 0)
(39.1505 0.384427 0)
(39.5288 0.000681408 0)
(39.5245 0.00134996 0)
(39.5164 0.00218103 0)
(39.5039 0.00322164 0)
(39.4858 0.00464361 0)
(39.4599 0.00681911 0)
(39.421 0.0105565 0)
(39.3603 0.0203611 0)
(39.2179 0.039965 0)
(39.1592 0.379524 0)
(39.5288 0.000789779 0)
(39.5245 0.00157208 0)
(39.5164 0.00253562 0)
(39.5039 0.00374444 0)
(39.4859 0.00539633 0)
(39.46 0.00791754 0)
(39.4212 0.0122531 0)
(39.3609 0.0232475 0)
(39.224 0.0465077 0)
(39.1686 0.373873 0)
(39.5288 0.000910468 0)
(39.5245 0.00182053 0)
(39.5164 0.00293165 0)
(39.5039 0.00432801 0)
(39.4859 0.00623618 0)
(39.4601 0.00914137 0)
(39.4215 0.0141384 0)
(39.3615 0.0264001 0)
(39.2307 0.0535889 0)
(39.1788 0.36761 0)
(39.5288 0.00104493 0)
(39.5245 0.00209831 0)
(39.5164 0.00337388 0)
(39.504 0.00497926 0)
(39.486 0.00717289 0)
(39.4602 0.0105042 0)
(39.4218 0.0162305 0)
(39.3624 0.029845 0)
(39.2379 0.0611699 0)
(39.1898 0.360814 0)
(39.5288 0.00119479 0)
(39.5245 0.0024087 0)
(39.5164 0.00386757 0)
(39.504 0.00570577 0)
(39.4861 0.00821714 0)
(39.4604 0.0120209 0)
(39.4223 0.0185486 0)
(39.3635 0.0336076 0)
(39.2457 0.0691939 0)
(39.2016 0.353541 0)
(39.5288 0.00136186 0)
(39.5245 0.00275532 0)
(39.5165 0.00441847 0)
(39.5041 0.00651588 0)
(39.4862 0.00938051 0)
(39.4606 0.0137072 0)
(39.4228 0.0211125 0)
(39.3649 0.037711 0)
(39.2541 0.0775851 0)
(39.2141 0.345843 0)
(39.5288 0.00154811 0)
(39.5245 0.00314214 0)
(39.5165 0.00503292 0)
(39.5041 0.00741864 0)
(39.4864 0.0106755 0)
(39.4609 0.0155799 0)
(39.4235 0.0239419 0)
(39.3667 0.0421742 0)
(39.2632 0.0862504 0)
(39.2274 0.337781 0)
(39.5288 0.00175573 0)
(39.5246 0.00357348 0)
(39.5165 0.00571779 0)
(39.5042 0.00842386 0)
(39.4865 0.0121156 0)
(39.4613 0.0176565 0)
(39.4244 0.027056 0)
(39.3688 0.0470094 0)
(39.2729 0.0950799 0)
(39.2414 0.329423 0)
(39.5288 0.00198711 0)
(39.5246 0.00405403 0)
(39.5166 0.0064805 0)
(39.5044 0.00954203 0)
(39.4868 0.0137148 0)
(39.4618 0.0199547 0)
(39.4254 0.0304725 0)
(39.3713 0.0522203 0)
(39.2832 0.10395 0)
(39.2561 0.320845 0)
(39.5288 0.00224482 0)
(39.5246 0.00458886 0)
(39.5167 0.00732894 0)
(39.5045 0.0107842 0)
(39.4871 0.0154878 0)
(39.4623 0.0224921 0)
(39.4267 0.0342063 0)
(39.3744 0.0577987 0)
(39.2941 0.112728 0)
(39.2713 0.312126 0)
(39.5288 0.00253163 0)
(39.5246 0.00518333 0)
(39.5167 0.00827143 0)
(39.5047 0.0121619 0)
(39.4874 0.0174492 0)
(39.463 0.0252853 0)
(39.4282 0.0382681 0)
(39.378 0.063723 0)
(39.3056 0.121276 0)
(39.287 0.303347 0)
(39.5288 0.00285044 0)
(39.5247 0.00584308 0)
(39.5169 0.00931655 0)
(39.5049 0.0136868 0)
(39.4879 0.0196134 0)
(39.4639 0.0283488 0)
(39.43 0.0426621 0)
(39.3823 0.0699557 0)
(39.3177 0.129457 0)
(39.3031 0.294587 0)
(39.5288 0.00320428 0)
(39.5247 0.0065739 0)
(39.517 0.0104729 0)
(39.5052 0.0153701 0)
(39.4884 0.0219936 0)
(39.465 0.0316938 0)
(39.4323 0.0473847 0)
(39.3872 0.0764422 0)
(39.3302 0.137141 0)
(39.3194 0.285921 0)
(39.5288 0.00359622 0)
(39.5248 0.00738155 0)
(39.5172 0.0117487 0)
(39.5056 0.0172223 0)
(39.4891 0.0246008 0)
(39.4663 0.0353265 0)
(39.4349 0.0524216 0)
(39.3928 0.0831112 0)
(39.3432 0.144213 0)
(39.3358 0.277415 0)
(39.5288 0.00402928 0)
(39.5249 0.00827151 0)
(39.5174 0.0131514 0)
(39.506 0.019252 0)
(39.49 0.0274425 0)
(39.4679 0.0392463 0)
(39.438 0.0577457 0)
(39.3992 0.0898756 0)
(39.3565 0.150581 0)
(39.3522 0.269128 0)
(39.5289 0.00450629 0)
(39.525 0.00924862 0)
(39.5176 0.0146869 0)
(39.5066 0.0214648 0)
(39.491 0.030521 0)
(39.4699 0.0434432 0)
(39.4416 0.0633156 0)
(39.4062 0.0966358 0)
(39.3701 0.156177 0)
(39.3684 0.26111 0)
(39.5289 0.00502976 0)
(39.5251 0.0103166 0)
(39.5179 0.0163583 0)
(39.5072 0.0238622 0)
(39.4923 0.0338313 0)
(39.4721 0.0478957 0)
(39.4458 0.0690747 0)
(39.414 0.103285 0)
(39.3839 0.160971 0)
(39.3843 0.253417 0)
(39.5289 0.00560164 0)
(39.5252 0.0114772 0)
(39.5183 0.0181651 0)
(39.508 0.0264388 0)
(39.4938 0.0373585 0)
(39.4748 0.0525682 0)
(39.4506 0.0749487 0)
(39.4224 0.109705 0)
(39.3977 0.164922 0)
(39.3997 0.245992 0)
(39.529 0.00622327 0)
(39.5254 0.0127297 0)
(39.5188 0.0201011 0)
(39.509 0.0291808 0)
(39.4956 0.041076 0)
(39.478 0.0574177 0)
(39.456 0.0808965 0)
(39.4314 0.115946 0)
(39.4115 0.168458 0)
(39.4144 0.239721 0)
(39.529 0.00689539 0)
(39.5256 0.0140693 0)
(39.5193 0.0221521 0)
(39.5101 0.0320596 0)
(39.4977 0.0449039 0)
(39.4816 0.0621955 0)
(39.462 0.0862527 0)
(39.441 0.120534 0)
(39.4252 0.168794 0)
(39.4287 0.229461 0)
(39.529 0.00761885 0)
(39.5258 0.015486 0)
(39.5199 0.024306 0)
(39.5115 0.0351873 0)
(39.5001 0.0494671 0)
(39.4856 0.0688331 0)
(39.4683 0.0955626 0)
(39.4503 0.132532 0)
(39.4376 0.18206 0)
(39.4407 0.241258 0)
(39.5291 0.00839672 0)
(39.526 0.0169123 0)
(39.5207 0.0259694 0)
(39.5132 0.0361759 0)
(39.5034 0.0482406 0)
(39.4912 0.0631457 0)
(39.4771 0.0822372 0)
(39.4632 0.106963 0)
(39.4543 0.137588 0)
(39.4584 0.169572 0)
(39.5291 0.00936592 0)
(39.526 0.0199003 0)
(39.5207 0.0336216 0)
(39.5133 0.0523952 0)
(39.5034 0.0778491 0)
(39.4912 0.111825 0)
(39.477 0.156474 0)
(39.4627 0.213828 0)
(39.452 0.284487 0)
(39.4504 0.364921 0)
(39.5295 0.00774535 0)
(39.5283 0.0104449 0)
(39.5263 0.00879625 0)
(39.5237 0.00362931 0)
(39.5202 -0.00498097 0)
(39.5159 -0.0173946 0)
(39.5114 -0.0343355 0)
(39.5084 -0.0570582 0)
(39.5096 -0.0877965 0)
(39.5188 -0.130499 0)
(39.5267 0.023456 0)
(39.5191 0.0543316 0)
(39.5098 0.0952749 0)
(39.4984 0.148505 0)
(39.4842 0.217245 0)
(39.4667 0.305453 0)
(39.4458 0.41709 0)
(39.4223 0.554694 0)
(39.3988 0.716768 0)
(39.3794 0.894354 0)
(9.72738 0.0931715 0)
(4.42873 0.00758501 0)
(3.15246 0.00132449 0)
(2.5639 0.000640126 0)
(2.21984 0.000400111 0)
(1.98719 0.000286426 0)
(1.81488 0.000219366 0)
(1.68049 0.000174238 0)
(1.57217 0.000142208 0)
(1.48262 0.000118816 0)
(1.40701 0.000101241 0)
(1.34206 8.76406e-05 0)
(1.28547 7.68506e-05 0)
(1.23559 6.81126e-05 0)
(1.19117 6.09257e-05 0)
(1.1513 5.49251e-05 0)
(1.11524 4.98612e-05 0)
(1.08241 4.55317e-05 0)
(1.05236 4.18071e-05 0)
(1.02471 3.85589e-05 0)
(0.999157 3.57231e-05 0)
(0.97545 3.3209e-05 0)
(0.953376 3.09906e-05 0)
(0.932754 2.89945e-05 0)
(0.913433 2.72233e-05 0)
(0.895283 2.55985e-05 0)
(0.878191 2.41529e-05 0)
(0.862063 2.28046e-05 0)
(0.846813 2.16032e-05 0)
(0.83237 2.04593e-05 0)
(0.81867 1.94388e-05 0)
(0.805663 1.84445e-05 0)
(0.793302 1.75507e-05 0)
(0.781553 1.66486e-05 0)
(0.770393 1.58129e-05 0)
(0.759796 1.49872e-05 0)
(0.749746 1.38965e-05 0)
(0.740793 1.03318e-05 0)
(0.73508 1.59271e-05 0)
(0.70742 5.48379e-05 0)
(21.3051 0.245058 0)
(13.2164 0.0618461 0)
(9.75994 0.0196097 0)
(7.98523 0.00989208 0)
(6.91975 0.00614455 0)
(6.19526 0.0043241 0)
(5.65885 0.00327637 0)
(5.24051 0.00259284 0)
(4.90311 0.0021141 0)
(4.62398 0.00176502 0)
(4.3882 0.00150251 0)
(4.1856 0.00129947 0)
(4.00906 0.00113855 0)
(3.85342 0.00100841 0)
(3.71485 0.00090142 0)
(3.59045 0.000812191 0)
(3.47793 0.000736881 0)
(3.37551 0.000672598 0)
(3.28175 0.000617234 0)
(3.1955 0.000569093 0)
(3.11579 0.000526964 0)
(3.04184 0.000489777 0)
(2.97298 0.000456815 0)
(2.90865 0.000427348 0)
(2.84838 0.000400962 0)
(2.79176 0.000377083 0)
(2.73845 0.000355517 0)
(2.68813 0.000335784 0)
(2.64056 0.000317817 0)
(2.5955 0.000301182 0)
(2.55275 0.000285896 0)
(2.51216 0.000271544 0)
(2.47358 0.000258158 0)
(2.43689 0.000245283 0)
(2.40203 0.000232993 0)
(2.3689 0.000221066 0)
(2.3375 0.000204454 0)
(2.30925 0.000163479 0)
(2.28875 0.000302161 0)
(2.21367 0.000395715 0)
(28.5267 0.369272 0)
(21.1231 0.13324 0)
(16.6064 0.0567022 0)
(13.8526 0.031011 0)
(12.0811 0.0196572 0)
(10.8451 0.0138777 0)
(9.92086 0.0105149 0)
(9.19626 0.0083246 0)
(8.60962 0.00679251 0)
(8.12293 0.00567423 0)
(7.71102 0.00483187 0)
(7.3566 0.00417965 0)
(7.04745 0.00366245 0)
(6.77471 0.00324403 0)
(6.53175 0.00289993 0)
(6.3135 0.00261291 0)
(6.11605 0.0023706 0)
(5.93626 0.00216377 0)
(5.77164 0.00198559 0)
(5.62016 0.00183069 0)
(5.48016 0.00169509 0)
(5.35024 0.00157546 0)
(5.22926 0.00146936 0)
(5.11623 0.00137458 0)
(5.01031 0.00128963 0)
(4.91081 0.00121287 0)
(4.8171 0.00114343 0)
(4.72865 0.00108005 0)
(4.64501 0.0010222 0)
(4.56578 0.00096883 0)
(4.49061 0.000919633 0)
(4.41921 0.000873672 0)
(4.35132 0.000830653 0)
(4.28676 0.000789572 0)
(4.22536 0.000750252 0)
(4.167 0.000711984 0)
(4.11168 0.000659909 0)
(4.06153 0.000548931 0)
(4.02153 0.000940951 0)
(3.90583 0.00105638 0)
(33.007 0.461829 0)
(27.409 0.206535 0)
(23.0044 0.10676 0)
(19.8052 0.0642825 0)
(17.5234 0.04249 0)
(15.8433 0.0304893 0)
(14.5521 0.0232587 0)
(13.5241 0.0184863 0)
(12.6833 0.0151264 0)
(11.9808 0.0126614 0)
(11.3832 0.0107968 0)
(10.8671 0.00934868 0)
(10.4157 0.00819784 0)
(10.0166 0.00726538 0)
(9.66048 0.00649758 0)
(9.34015 0.00585653 0)
(9.05001 0.00531488 0)
(8.78559 0.00485228 0)
(8.5433 0.00445351 0)
(8.3202 0.00410675 0)
(8.11388 0.00380304 0)
(7.92235 0.00353506 0)
(7.7439 0.00329729 0)
(7.57711 0.00308492 0)
(7.42078 0.00289445 0)
(7.27386 0.00272246 0)
(7.13546 0.00256673 0)
(7.0048 0.00242473 0)
(6.8812 0.00229498 0)
(6.76408 0.00217549 0)
(6.65294 0.00206521 0)
(6.54734 0.0019624 0)
(6.44691 0.00186611 0)
(6.35134 0.00177447 0)
(6.2604 0.00168675 0)
(6.17392 0.00160101 0)
(6.09192 0.00148738 0)
(6.01699 0.00127712 0)
(5.95246 0.0020281 0)
(5.80358 0.00206734 0)
(35.7522 0.526093 0)
(31.9849 0.270129 0)
(28.3782 0.159512 0)
(25.3273 0.105133 0)
(22.8919 0.0734165 0)
(20.9585 0.0542749 0)
(19.4008 0.0420725 0)
(18.1227 0.0337631 0)
(17.0562 0.0278057 0)
(16.1522 0.0233806 0)
(15.3752 0.0200025 0)
(14.6991 0.0173611 0)
(14.1041 0.0152517 0)
(13.5757 0.0135362 0)
(13.1025 0.0121194 0)
(12.6755 0.0109338 0)
(12.2878 0.00993003 0)
(11.9338 0.00907142 0)
(11.6088 0.00833028 0)
(11.3092 0.00768514 0)
(11.0317 0.00711953 0)
(10.7738 0.00662013 0)
(10.5333 0.00617666 0)
(10.3084 0.00578041 0)
(10.0973 0.00542475 0)
(9.89888 0.0051036 0)
(9.71181 0.00481261 0)
(9.5351 0.00454733 0)
(9.36785 0.0043048 0)
(9.20929 0.00408157 0)
(9.05874 0.00387544 0)
(8.91562 0.00368352 0)
(8.77943 0.00350374 0)
(8.64975 0.00333306 0)
(8.52628 0.00316974 0)
(8.40875 0.0030094 0)
(8.29728 0.00280324 0)
(8.19457 0.00247573 0)
(8.10085 0.00363088 0)
(7.92538 0.00343698 0)
(37.3962 0.567594 0)
(35.0983 0.319603 0)
(32.4876 0.207016 0)
(29.9779 0.147089 0)
(27.7538 0.108651 0)
(25.8362 0.0834459 0)
(24.1936 0.0663126 0)
(22.7849 0.0541054 0)
(21.5709 0.0450769 0)
(20.5173 0.03822 0)
(19.5953 0.0328987 0)
(18.7819 0.0286863 0)
(18.0586 0.0252908 0)
(17.4107 0.0225094 0)
(16.8264 0.0201992 0)
(16.2964 0.018257 0)
(15.8129 0.0166064 0)
(15.3696 0.0151901 0)
(14.9613 0.0139643 0)
(14.5838 0.0128949 0)
(14.2334 0.0119555 0)
(13.907 0.0111248 0)
(13.6021 0.010386 0)
(13.3163 0.00972518 0)
(13.0479 0.00913131 0)
(12.7951 0.00859467 0)
(12.5566 0.00810795 0)
(12.331 0.0076641 0)
(12.1173 0.00725797 0)
(11.9144 0.00688415 0)
(11.7217 0.00653881 0)
(11.5383 0.00621742 0)
(11.3636 0.0059164 0)
(11.1972 0.0056311 0)
(11.0385 0.00535819 0)
(10.8873 0.00508925 0)
(10.7438 0.00475474 0)
(10.6105 0.00430218 0)
(10.4839 0.00583486 0)
(10.2866 0.00518547 0)
(38.3482 0.591818 0)
(37.0929 0.354876 0)
(35.3842 0.245132 0)
(33.549 0.184647 0)
(31.7677 0.14333 0)
(30.1058 0.114486 0)
(28.5853 0.0937221 0)
(27.2101 0.07819 0)
(25.974 0.0662445 0)
(24.8648 0.0568881 0)
(23.8684 0.0494488 0)
(22.9706 0.0434464 0)
(22.1587 0.0385347 0)
(21.4214 0.0344629 0)
(20.749 0.0310481 0)
(20.1333 0.0281543 0)
(19.5671 0.0256788 0)
(19.0446 0.0235429 0)
(18.5607 0.0216856 0)
(18.1109 0.0200589 0)
(17.6917 0.018625 0)
(17.2997 0.0173532 0)
(16.9323 0.0162192 0)
(16.5871 0.0152027 0)
(16.2619 0.0142872 0)
(15.9549 0.0134587 0)
(15.6646 0.012706 0)
(15.3896 0.0120187 0)
(15.1285 0.0113891 0)
(14.8804 0.0108092 0)
(14.6442 0.010273 0)
(14.4192 0.00977387 0)
(14.2046 0.0093063 0)
(13.9997 0.00886357 0)
(13.8042 0.00844012 0)
(13.6177 0.00802154 0)
(13.4404 0.0075187 0)
(13.2743 0.0069378 0)
(13.113 0.00875225 0)
(12.8963 0.00735065 0)
(38.8754 0.603566 0)
(38.2954 0.377985 0)
(37.278 0.272824 0)
(36.0647 0.214639 0)
(34.7913 0.173419 0)
(33.5158 0.143464 0)
(32.272 0.120978 0)
(31.0828 0.10344 0)
(29.9619 0.0894198 0)
(28.9151 0.0780594 0)
(27.9426 0.0687601 0)
(27.0416 0.0610709 0)
(26.2073 0.0546486 0)
(25.4346 0.0492329 0)
(24.7182 0.0446257 0)
(24.0528 0.0406743 0)
(23.4336 0.0372594 0)
(22.8561 0.0342873 0)
(22.3165 0.0316836 0)
(21.8111 0.0293885 0)
(21.3367 0.0273541 0)
(20.8905 0.0255409 0)
(20.4701 0.0239172 0)
(20.0731 0.0224561 0)
(19.6975 0.0211359 0)
(19.3417 0.0199376 0)
(19.004 0.0188459 0)
(18.683 0.017847 0)
(18.3775 0.0169299 0)
(18.0863 0.0160838 0)
(17.8085 0.0153002 0)
(17.5432 0.01457 0)
(17.2896 0.0138855 0)
(17.0471 0.0132373 0)
(16.8151 0.0126171 0)
(16.5933 0.0120025 0)
(16.382 0.0112892 0)
(16.1826 0.0105737 0)
(15.9869 0.0125162 0)
(15.7524 0.00998774 0)
(39.1521 0.606762 0)
(38.9738 0.391792 0)
(38.4265 0.291077 0)
(37.6951 0.236236 0)
(36.874 0.196744 0)
(35.9984 0.167462 0)
(35.0925 0.144949 0)
(34.1785 0.126869 0)
(33.2742 0.111961 0)
(32.3928 0.099509 0)
(31.5424 0.0890218 0)
(30.728 0.0801226 0)
(29.952 0.0725151 0)
(29.2149 0.0659669 0)
(28.5163 0.060295 0)
(27.8551 0.0553529 0)
(27.2293 0.0510225 0)
(26.6372 0.0472077 0)
(26.0767 0.0438301 0)
(25.5457 0.0408249 0)
(25.0422 0.0381389 0)
(24.5644 0.0357275 0)
(24.1105 0.0335539 0)
(23.6788 0.0315867 0)
(23.2678 0.0297999 0)
(22.8761 0.0281705 0)
(22.5023 0.0266799 0)
(22.1453 0.0253109 0)
(21.804 0.0240497 0)
(21.4774 0.0228827 0)
(21.1646 0.0217989 0)
(20.8648 0.0207869 0)
(20.5773 0.0198363 0)
(20.3015 0.0189353 0)
(20.0368 0.0180717 0)
(19.7831 0.0172143 0)
(19.5406 0.0162503 0)
(19.31 0.0153853 0)
(19.0834 0.0172604 0)
(18.8331 0.0131613 0)
(39.2883 0.604358 0)
(39.3289 0.399179 0)
(39.0697 0.301914 0)
(38.6656 0.250295 0)
(38.1853 0.21301 0)
(37.6447 0.185226 0)
(37.0545 0.163704 0)
(36.4278 0.146168 0)
(35.778 0.131421 0)
(35.1168 0.118831 0)
(34.4534 0.107984 0)
(33.7952 0.0985704 0)
(33.1474 0.0903464 0)
(32.5142 0.0831208 0)
(31.8983 0.0767412 0)
(31.3016 0.0710837 0)
(30.7249 0.0660461 0)
(30.1689 0.0615429 0)
(29.6336 0.0575025 0)
(29.1187 0.0538641 0)
(28.6238 0.0505767 0)
(28.1483 0.0475962 0)
(27.6915 0.0448856 0)
(27.2526 0.0424125 0)
(26.8308 0.0401495 0)
(26.4254 0.0380722 0)
(26.0356 0.0361602 0)
(25.6606 0.0343944 0)
(25.2998 0.0327593 0)
(24.9524 0.0312395 0)
(24.6179 0.0298221 0)
(24.2956 0.0284937 0)
(23.985 0.0272418 0)
(23.6857 0.0260521 0)
(23.3973 0.0249083 0)
(23.1196 0.0237701 0)
(22.8531 0.0225244 0)
(22.5978 0.0214865 0)
(22.3473 0.0230777 0)
(22.086 0.0169249 0)
(39.3509 0.598375 0)
(39.4995 0.402558 0)
(39.4 0.307592 0)
(39.1935 0.258547 0)
(38.9372 0.223238 0)
(38.6363 0.197017 0)
(38.2915 0.176802 0)
(37.9075 0.160312 0)
(37.4913 0.146343 0)
(37.0496 0.134282 0)
(36.5891 0.123749 0)
(36.1152 0.114466 0)
(35.6331 0.106222 0)
(35.1471 0.0988573 0)
(34.6607 0.0922453 0)
(34.1768 0.0862852 0)
(33.698 0.0808941 0)
(33.226 0.0760021 0)
(32.7622 0.0715502 0)
(32.3078 0.0674876 0)
(31.8635 0.0637708 0)
(31.4299 0.0603618 0)
(31.0072 0.0572279 0)
(30.5958 0.0543398 0)
(30.1955 0.0516723 0)
(29.8064 0.0492026 0)
(29.4284 0.046911 0)
(29.0612 0.0447792 0)
(28.7048 0.0427912 0)
(28.3587 0.0409318 0)
(28.0229 0.0391873 0)
(27.6969 0.0375434 0)
(27.3808 0.0359864 0)
(27.0741 0.0345 0)
(26.7769 0.0330642 0)
(26.4891 0.0316299 0)
(26.2112 0.0300922 0)
(25.9431 0.0288586 0)
(25.6807 0.029953 0)
(25.417 0.0212865 0)
(39.3776 0.59006 0)
(39.5731 0.403676 0)
(39.5541 0.310076 0)
(39.454 0.262883 0)
(39.3274 0.229052 0)
(39.1757 0.204046 0)
(38.9948 0.184974 0)
(38.7844 0.169539 0)
(38.5468 0.156502 0)
(38.2844 0.145236 0)
(38.0004 0.13536 0)
(37.6977 0.126601 0)
(37.3792 0.118757 0)
(37.0477 0.111678 0)
(36.7061 0.105251 0)
(36.3567 0.0993884 0)
(36.0018 0.0940191 0)
(35.6434 0.0890854 0)
(35.2832 0.084539 0)
(34.9227 0.0803387 0)
(34.5632 0.0764494 0)
(34.2059 0.0728404 0)
(33.8515 0.0694851 0)
(33.501 0.0663597 0)
(33.1548 0.0634433 0)
(32.8136 0.0607166 0)
(32.4777 0.058163 0)
(32.1475 0.0557664 0)
(31.8232 0.0535128 0)
(31.505 0.0513881 0)
(31.193 0.0493797 0)
(30.8874 0.0474736 0)
(30.5883 0.0456559 0)
(30.2958 0.0439092 0)
(30.01 0.0422105 0)
(29.7312 0.0405036 0)
(29.4599 0.0386975 0)
(29.1961 0.0372601 0)
(28.9385 0.03768 0)
(28.6848 0.0261638 0)
(39.3882 0.580105 0)
(39.6001 0.403625 0)
(39.6183 0.310797 0)
(39.5696 0.26489 0)
(39.5093 0.232069 0)
(39.4388 0.207837 0)
(39.3528 0.189541 0)
(39.2493 0.174898 0)
(39.1281 0.162636 0)
(38.9896 0.152106 0)
(38.8343 0.142913 0)
(38.6632 0.134776 0)
(38.4772 0.127488 0)
(38.2775 0.120896 0)
(38.0655 0.114888 0)
(37.8423 0.109377 0)
(37.6095 0.104296 0)
(37.3683 0.0995912 0)
(37.1199 0.0952193 0)
(36.8656 0.0911441 0)
(36.6064 0.0873355 0)
(36.3435 0.0837678 0)
(36.0777 0.0804189 0)
(35.8099 0.0772694 0)
(35.5409 0.0743025 0)
(35.2714 0.0715024 0)
(35.002 0.0688558 0)
(34.7332 0.0663494 0)
(34.4656 0.0639717 0)
(34.1997 0.0617107 0)
(33.9357 0.0595553 0)
(33.6741 0.0574929 0)
(33.4151 0.05551 0)
(33.1593 0.0535889 0)
(32.9068 0.0517039 0)
(32.6582 0.0497943 0)
(32.414 0.0477849 0)
(32.1744 0.0461644 0)
(31.9408 0.0458004 0)
(31.7119 0.0313434 0)
(39.3924 0.568846 0)
(39.6067 0.40299 0)
(39.6412 0.310649 0)
(39.6149 0.265665 0)
(39.5847 0.233551 0)
(39.5528 0.20974 0)
(39.5146 0.191867 0)
(39.4679 0.177695 0)
(39.4119 0.165934 0)
(39.3465 0.155918 0)
(39.2711 0.147242 0)
(39.1855 0.139617 0)
(39.0898 0.132826 0)
(38.9839 0.12671 0)
(38.8682 0.121151 0)
(38.7431 0.116057 0)
(38.6089 0.111361 0)
(38.4661 0.107006 0)
(38.3155 0.102949 0)
(38.1575 0.0991527 0)
(37.9928 0.0955888 0)
(37.822 0.0922326 0)
(37.6456 0.0890636 0)
(37.4645 0.0860641 0)
(37.279 0.0832192 0)
(37.0897 0.080515 0)
(36.8973 0.0779401 0)
(36.7021 0.0754832 0)
(36.5048 0.0731343 0)
(36.3056 0.0708831 0)
(36.1052 0.0687198 0)
(35.9038 0.0666328 0)
(35.7019 0.0646091 0)
(35.4999 0.0626308 0)
(35.2982 0.0606698 0)
(35.0974 0.0586623 0)
(34.898 0.0565478 0)
(34.7004 0.0547945 0)
(34.5078 0.053628 0)
(34.317 0.0364832 0)
(39.3943 0.55643 0)
(39.6051 0.402016 0)
(39.6471 0.310114 0)
(39.6301 0.265843 0)
(39.6119 0.234299 0)
(39.5963 0.210702 0)
(39.579 0.193007 0)
(39.5583 0.179056 0)
(39.5338 0.167551 0)
(39.5051 0.157817 0)
(39.4719 0.149445 0)
(39.4336 0.142142 0)
(39.3899 0.135686 0)
(39.3405 0.129913 0)
(39.2851 0.124699 0)
(39.2237 0.119949 0)
(39.1561 0.115591 0)
(39.0824 0.111564 0)
(39.0027 0.107823 0)
(38.917 0.104329 0)
(38.8256 0.101052 0)
(38.7287 0.0979646 0)
(38.6264 0.0950467 0)
(38.519 0.0922798 0)
(38.4069 0.0896487 0)
(38.2903 0.0871396 0)
(38.1694 0.0847412 0)
(38.0446 0.0824424 0)
(37.9163 0.0802337 0)
(37.7846 0.0781052 0)
(37.65 0.0760474 0)
(37.5126 0.0740489 0)
(37.3729 0.0720965 0)
(37.2312 0.0701715 0)
(37.0878 0.0682434 0)
(36.9432 0.0662463 0)
(36.7978 0.0641298 0)
(36.6522 0.062307 0)
(36.5104 0.0604073 0)
(36.3652 0.0411924 0)
(39.3956 0.542915 0)
(39.6004 0.400755 0)
(39.6465 0.309422 0)
(39.6336 0.265739 0)
(39.6199 0.234738 0)
(39.6104 0.21127 0)
(39.6012 0.193621 0)
(39.5908 0.179741 0)
(39.5793 0.168332 0)
(39.5666 0.158714 0)
(39.5523 0.150479 0)
(39.5362 0.143331 0)
(39.5179 0.13705 0)
(39.497 0.131467 0)
(39.4735 0.126456 0)
(39.4469 0.121921 0)
(39.4171 0.117785 0)
(39.3839 0.113988 0)
(39.3473 0.110479 0)
(39.307 0.107219 0)
(39.263 0.104175 0)
(39.2154 0.101319 0)
(39.164 0.0986279 0)
(39.1089 0.0960825 0)
(39.0501 0.0936663 0)
(38.9878 0.0913645 0)
(38.9219 0.0891649 0)
(38.8526 0.0870558 0)
(38.78 0.0850269 0)
(38.7042 0.0830677 0)
(38.6253 0.0811682 0)
(38.5435 0.0793163 0)
(38.459 0.0774981 0)
(38.3719 0.0756935 0)
(38.2826 0.0738693 0)
(38.1912 0.0719582 0)
(38.0981 0.069914 0)
(38.0039 0.0680713 0)
(37.9125 0.0655649 0)
(37.8121 0.0451709 0)
(39.397 0.528338 0)
(39.5945 0.39916 0)
(39.6436 0.30867 0)
(39.6331 0.265484 0)
(39.6211 0.235055 0)
(39.6138 0.211705 0)
(39.6074 0.194045 0)
(39.6007 0.180166 0)
(39.5938 0.168772 0)
(39.587 0.159179 0)
(39.58 0.15098 0)
(39.5727 0.143883 0)
(39.5648 0.137666 0)
(39.5563 0.13216 0)
(39.5468 0.12724 0)
(39.5362 0.122807 0)
(39.5243 0.118784 0)
(39.5111 0.115108 0)
(39.4962 0.111731 0)
(39.4797 0.108609 0)
(39.4614 0.105709 0)
(39.4411 0.103002 0)
(39.4189 0.100464 0)
(39.3945 0.0980744 0)
(39.3681 0.0958158 0)
(39.3394 0.0936724 0)
(39.3086 0.0916309 0)
(39.2755 0.0896787 0)
(39.2402 0.0878048 0)
(39.2027 0.0859977 0)
(39.163 0.0842465 0)
(39.1211 0.0825383 0)
(39.0771 0.0808578 0)
(39.031 0.0791834 0)
(38.983 0.0774798 0)
(38.9332 0.0756784 0)
(38.8817 0.0737322 0)
(38.8292 0.0718866 0)
(38.779 0.068912 0)
(38.7155 0.0483194 0)
(39.3986 0.512741 0)
(39.588 0.397133 0)
(39.6397 0.307892 0)
(39.6312 0.265124 0)
(39.6202 0.235315 0)
(39.6137 0.21211 0)
(39.6083 0.194424 0)
(39.6028 0.180517 0)
(39.5975 0.169103 0)
(39.5925 0.159496 0)
(39.5879 0.151287 0)
(39.5836 0.144188 0)
(39.5795 0.137978 0)
(39.5753 0.132487 0)
(39.5711 0.127591 0)
(39.5667 0.12319 0)
(39.5619 0.119207 0)
(39.5568 0.115579 0)
(39.5512 0.112256 0)
(39.545 0.109196 0)
(39.5381 0.106363 0)
(39.5305 0.10373 0)
(39.5221 0.101271 0)
(39.5128 0.0989655 0)
(39.5025 0.0967951 0)
(39.4912 0.0947438 0)
(39.4789 0.0927975 0)
(39.4654 0.0909434 0)
(39.4508 0.0891695 0)
(39.435 0.0874639 0)
(39.418 0.085815 0)
(39.3998 0.0842092 0)
(39.3804 0.0826301 0)
(39.3597 0.081055 0)
(39.3379 0.0794465 0)
(39.3149 0.077736 0)
(39.2908 0.075872 0)
(39.2663 0.0740094 0)
(39.2439 0.0706836 0)
(39.206 0.0507664 0)
(39.4006 0.496192 0)
(39.5813 0.394553 0)
(39.6352 0.307093 0)
(39.6287 0.264675 0)
(39.6185 0.235532 0)
(39.6125 0.212519 0)
(39.6076 0.19481 0)
(39.6026 0.180864 0)
(39.5978 0.169419 0)
(39.5934 0.159781 0)
(39.5896 0.151545 0)
(39.5862 0.144422 0)
(39.5831 0.138193 0)
(39.5803 0.132691 0)
(39.5778 0.127788 0)
(39.5753 0.123385 0)
(39.573 0.119406 0)
(39.5706 0.115787 0)
(39.5683 0.112477 0)
(39.5658 0.109434 0)
(39.5632 0.106624 0)
(39.5605 0.104016 0)
(39.5575 0.101587 0)
(39.5542 0.0993149 0)
(39.5506 0.0971812 0)
(39.5467 0.0951698 0)
(39.5424 0.0932664 0)
(39.5376 0.0914578 0)
(39.5325 0.0897318 0)
(39.5268 0.0880761 0)
(39.5207 0.0864786 0)
(39.514 0.084925 0)
(39.5068 0.0833986 0)
(39.4991 0.0818755 0)
(39.4909 0.0803172 0)
(39.4822 0.0786551 0)
(39.473 0.0768314 0)
(39.4638 0.0749149 0)
(39.4567 0.0713126 0)
(39.4337 0.0526939 0)
(39.403 0.478788 0)
(39.5743 0.391292 0)
(39.6302 0.306258 0)
(39.626 0.264143 0)
(39.6165 0.235698 0)
(39.6109 0.212936 0)
(39.6064 0.195216 0)
(39.6017 0.181229 0)
(39.5971 0.169749 0)
(39.593 0.160075 0)
(39.5894 0.151804 0)
(39.5863 0.144649 0)
(39.5835 0.138393 0)
(39.5811 0.132868 0)
(39.579 0.127946 0)
(39.5772 0.123529 0)
(39.5755 0.119539 0)
(39.574 0.115912 0)
(39.5726 0.112598 0)
(39.5713 0.109553 0)
(39.57 0.106744 0)
(39.5687 0.10414 0)
(39.5675 0.101716 0)
(39.5662 0.0994526 0)
(39.5649 0.0973297 0)
(39.5636 0.0953315 0)
(39.5621 0.0934437 0)
(39.5606 0.0916531 0)
(39.5589 0.0899474 0)
(39.5572 0.0883145 0)
(39.5553 0.086742 0)
(39.5532 0.0852157 0)
(39.5511 0.0837182 0)
(39.5488 0.0822254 0)
(39.5463 0.0806982 0)
(39.5438 0.0790683 0)
(39.5412 0.0772708 0)
(39.5389 0.0752953 0)
(39.5384 0.0714997 0)
(39.5229 0.0545726 0)
(39.4059 0.460655 0)
(39.5671 0.38722 0)
(39.6247 0.305357 0)
(39.6229 0.263532 0)
(39.6142 0.235803 0)
(39.6091 0.213355 0)
(39.605 0.195646 0)
(39.6005 0.181619 0)
(39.5961 0.170102 0)
(39.5922 0.160391 0)
(39.5887 0.152081 0)
(39.5857 0.14489 0)
(39.5831 0.138602 0)
(39.5808 0.133049 0)
(39.5789 0.128104 0)
(39.5772 0.123667 0)
(39.5757 0.11966 0)
(39.5744 0.116019 0)
(39.5732 0.112693 0)
(39.5722 0.109638 0)
(39.5713 0.10682 0)
(39.5705 0.104208 0)
(39.5697 0.101778 0)
(39.569 0.0995065 0)
(39.5683 0.0973759 0)
(39.5677 0.0953688 0)
(39.5671 0.0934707 0)
(39.5665 0.0916677 0)
(39.566 0.0899471 0)
(39.5654 0.088296 0)
(39.5649 0.0867017 0)
(39.5644 0.0851494 0)
(39.5639 0.0836212 0)
(39.5634 0.0820921 0)
(39.5629 0.0805225 0)
(39.5626 0.0788447 0)
(39.5623 0.0769854 0)
(39.5625 0.074863 0)
(39.5641 0.0708448 0)
(39.552 0.0556687 0)
(39.4093 0.441955 0)
(39.56 0.382221 0)
(39.6187 0.304342 0)
(39.6194 0.262848 0)
(39.6116 0.235832 0)
(39.607 0.213766 0)
(39.6033 0.196096 0)
(39.5991 0.182034 0)
(39.595 0.170481 0)
(39.5912 0.16073 0)
(39.5878 0.15238 0)
(39.5849 0.145151 0)
(39.5824 0.138828 0)
(39.5802 0.133245 0)
(39.5783 0.128274 0)
(39.5767 0.123816 0)
(39.5753 0.119791 0)
(39.5741 0.116137 0)
(39.573 0.1128 0)
(39.572 0.109739 0)
(39.5712 0.106919 0)
(39.5705 0.104311 0)
(39.5699 0.101888 0)
(39.5693 0.0996315 0)
(39.5688 0.0975222 0)
(39.5683 0.0955443 0)
(39.568 0.0936838 0)
(39.5676 0.0919276 0)
(39.5673 0.0902634 0)
(39.5671 0.088679 0)
(39.5669 0.0871616 0)
(39.5668 0.0856965 0)
(39.5667 0.0842657 0)
(39.5667 0.0828437 0)
(39.5669 0.0813904 0)
(39.5671 0.0798383 0)
(39.5675 0.0781057 0)
(39.5684 0.0760485 0)
(39.5702 0.0720933 0)
(39.5598 0.0589376 0)
(39.4133 0.422878 0)
(39.5529 0.376201 0)
(39.6122 0.303145 0)
(39.6155 0.262093 0)
(39.6088 0.235772 0)
(39.6047 0.214156 0)
(39.6014 0.196563 0)
(39.5975 0.182472 0)
(39.5936 0.170882 0)
(39.59 0.161093 0)
(39.5868 0.1527 0)
(39.584 0.145429 0)
(39.5816 0.139069 0)
(39.5795 0.133451 0)
(39.5776 0.128448 0)
(39.5761 0.12396 0)
(39.5747 0.119905 0)
(39.5735 0.11622 0)
(39.5725 0.112848 0)
(39.5716 0.109747 0)
(39.5708 0.106878 0)
(39.5701 0.104209 0)
(39.5695 0.101714 0)
(39.569 0.0993673 0)
(39.5685 0.09715 0)
(39.5681 0.0950436 0)
(39.5678 0.0930326 0)
(39.5675 0.0911025 0)
(39.5673 0.0892402 0)
(39.5671 0.0874328 0)
(39.567 0.0856674 0)
(39.567 0.0839296 0)
(39.567 0.0822015 0)
(39.5672 0.0804583 0)
(39.5674 0.0786603 0)
(39.5678 0.0767417 0)
(39.5683 0.0746131 0)
(39.5693 0.0720794 0)
(39.5708 0.0676651 0)
(39.5613 0.0558277 0)
(39.4178 0.403638 0)
(39.5459 0.369101 0)
(39.6053 0.30168 0)
(39.6112 0.261268 0)
(39.6057 0.235612 0)
(39.6021 0.214508 0)
(39.5992 0.197038 0)
(39.5957 0.182931 0)
(39.592 0.171309 0)
(39.5886 0.161483 0)
(39.5855 0.153051 0)
(39.5829 0.145743 0)
(39.5806 0.13935 0)
(39.5785 0.133711 0)
(39.5768 0.128697 0)
(39.5753 0.124212 0)
(39.5739 0.120179 0)
(39.5728 0.116536 0)
(39.5718 0.113234 0)
(39.5709 0.110233 0)
(39.5702 0.107501 0)
(39.5695 0.105009 0)
(39.5689 0.102736 0)
(39.5684 0.10066 0)
(39.568 0.0987627 0)
(39.5676 0.0970284 0)
(39.5673 0.0954413 0)
(39.567 0.0939863 0)
(39.5668 0.0926487 0)
(39.5666 0.0914134 0)
(39.5666 0.0902647 0)
(39.5665 0.0891846 0)
(39.5666 0.0881516 0)
(39.5667 0.0871372 0)
(39.567 0.0860985 0)
(39.5674 0.0849672 0)
(39.5679 0.0836443 0)
(39.5687 0.0818969 0)
(39.5698 0.0783988 0)
(39.5615 0.0691906 0)
(39.423 0.384467 0)
(39.5393 0.36091 0)
(39.5979 0.299848 0)
(39.6065 0.260363 0)
(39.6022 0.235341 0)
(39.5991 0.2148 0)
(39.5967 0.197506 0)
(39.5936 0.183396 0)
(39.5902 0.171739 0)
(39.587 0.161867 0)
(39.5841 0.153375 0)
(39.5816 0.145997 0)
(39.5794 0.139522 0)
(39.5774 0.133782 0)
(39.5758 0.128642 0)
(39.5743 0.123993 0)
(39.5731 0.119746 0)
(39.572 0.115828 0)
(39.571 0.112178 0)
(39.5702 0.108746 0)
(39.5695 0.10549 0)
(39.5688 0.102377 0)
(39.5683 0.0993806 0)
(39.5678 0.0964788 0)
(39.5674 0.093655 0)
(39.5671 0.0908963 0)
(39.5668 0.0881922 0)
(39.5666 0.0855343 0)
(39.5664 0.0829153 0)
(39.5663 0.0803282 0)
(39.5662 0.0777654 0)
(39.5662 0.0752169 0)
(39.5663 0.072669 0)
(39.5665 0.0700998 0)
(39.5667 0.0674726 0)
(39.5671 0.0647236 0)
(39.5676 0.061749 0)
(39.5683 0.0582874 0)
(39.5689 0.053155 0)
(39.5609 0.0436508 0)
(39.4286 0.365604 0)
(39.5331 0.351672 0)
(39.5902 0.297545 0)
(39.6012 0.259364 0)
(39.5983 0.234962 0)
(39.5958 0.215031 0)
(39.5938 0.197989 0)
(39.5912 0.183926 0)
(39.5881 0.17228 0)
(39.5851 0.162429 0)
(39.5824 0.153981 0)
(39.58 0.14669 0)
(39.5779 0.140371 0)
(39.5761 0.134881 0)
(39.5745 0.130109 0)
(39.5731 0.125973 0)
(39.5719 0.122406 0)
(39.5708 0.119352 0)
(39.5699 0.116762 0)
(39.5691 0.114593 0)
(39.5684 0.112803 0)
(39.5677 0.111354 0)
(39.5672 0.110208 0)
(39.5667 0.109331 0)
(39.5663 0.108687 0)
(39.5659 0.108247 0)
(39.5656 0.107979 0)
(39.5654 0.107857 0)
(39.5652 0.107854 0)
(39.565 0.107946 0)
(39.5649 0.108109 0)
(39.5649 0.108317 0)
(39.565 0.108545 0)
(39.5651 0.108762 0)
(39.5653 0.108922 0)
(39.5657 0.108961 0)
(39.5661 0.108773 0)
(39.5666 0.108104 0)
(39.5668 0.106014 0)
(39.561 0.100851 0)
(39.4347 0.347284 0)
(39.5274 0.341487 0)
(39.5822 0.294654 0)
(39.5954 0.258201 0)
(39.594 0.234396 0)
(39.5921 0.215052 0)
(39.5906 0.198245 0)
(39.5884 0.184132 0)
(39.5856 0.172305 0)
(39.5829 0.162161 0)
(39.5805 0.153274 0)
(39.5783 0.14535 0)
(39.5763 0.138159 0)
(39.5747 0.131509 0)
(39.5732 0.125249 0)
(39.572 0.119265 0)
(39.5709 0.113476 0)
(39.57 0.107827 0)
(39.5692 0.102283 0)
(39.5685 0.0968227 0)
(39.5679 0.0914388 0)
(39.5674 0.0861299 0)
(39.5669 0.0808991 0)
(39.5666 0.0757521 0)
(39.5662 0.0706951 0)
(39.566 0.0657338 0)
(39.5657 0.0608731 0)
(39.5656 0.0561156 0)
(39.5654 0.0514623 0)
(39.5653 0.0469113 0)
(39.5653 0.0424574 0)
(39.5653 0.0380915 0)
(39.5654 0.0337984 0)
(39.5656 0.0295535 0)
(39.5658 0.0253165 0)
(39.5662 0.0210189 0)
(39.5665 0.0165413 0)
(39.567 0.0116026 0)
(39.5669 0.00538032 0)
(39.5593 -0.00285384 0)
(39.4412 0.32976 0)
(39.5223 0.330587 0)
(39.574 0.291228 0)
(39.589 0.257076 0)
(39.5892 0.234077 0)
(39.5879 0.215581 0)
(39.5869 0.199471 0)
(39.5851 0.185972 0)
(39.5827 0.174933 0)
(39.5802 0.16593 0)
(39.5779 0.158657 0)
(39.5758 0.152925 0)
(39.574 0.148579 0)
(39.5723 0.145467 0)
(39.5708 0.143441 0)
(39.5695 0.142356 0)
(39.5683 0.142073 0)
(39.5673 0.142461 0)
(39.5664 0.143401 0)
(39.5656 0.144785 0)
(39.5649 0.14652 0)
(39.5643 0.148523 0)
(39.5637 0.150726 0)
(39.5632 0.153069 0)
(39.5628 0.155505 0)
(39.5625 0.157992 0)
(39.5622 0.160496 0)
(39.562 0.162991 0)
(39.5618 0.165451 0)
(39.5617 0.167857 0)
(39.5616 0.170191 0)
(39.5616 0.172437 0)
(39.5617 0.174577 0)
(39.5619 0.176588 0)
(39.5621 0.178441 0)
(39.5623 0.180085 0)
(39.5627 0.181433 0)
(39.5629 0.18228 0)
(39.5626 0.182082 0)
(39.5607 0.180216 0)
(39.4479 0.313003 0)
(39.5179 0.31874 0)
(39.5658 0.286385 0)
(39.5822 0.254496 0)
(39.5839 0.231629 0)
(39.5834 0.2128 0)
(39.5828 0.195624 0)
(39.5816 0.180058 0)
(39.5798 0.165885 0)
(39.5779 0.152593 0)
(39.5761 0.139792 0)
(39.5745 0.127278 0)
(39.5731 0.114961 0)
(39.5719 0.102814 0)
(39.5709 0.0908493 0)
(39.5701 0.0791002 0)
(39.5693 0.0676086 0)
(39.5687 0.0564144 0)
(39.5681 0.0455512 0)
(39.5676 0.0350449 0)
(39.5672 0.024913 0)
(39.5668 0.0151657 0)
(39.5664 0.00580646 0)
(39.5661 -0.00316671 0)
(39.5659 -0.0117604 0)
(39.5656 -0.0199847 0)
(39.5654 -0.027853 0)
(39.5653 -0.035381 0)
(39.5651 -0.0425868 0)
(39.565 -0.0494906 0)
(39.565 -0.0561156 0)
(39.565 -0.0624881 0)
(39.565 -0.0686394 0)
(39.5651 -0.0746091 0)
(39.5653 -0.0804505 0)
(39.5655 -0.0862412 0)
(39.5658 -0.0921068 0)
(39.5659 -0.098287 0)
(39.5653 -0.105198 0)
(39.5558 -0.112163 0)
(39.4547 0.298776 0)
(39.514 0.308981 0)
(39.5574 0.284685 0)
(39.5745 0.257666 0)
(39.5776 0.238428 0)
(39.5775 0.224284 0)
(39.5772 0.213355 0)
(39.576 0.20581 0)
(39.5741 0.201687 0)
(39.5719 0.200517 0)
(39.5697 0.201725 0)
(39.5677 0.204799 0)
(39.5658 0.20929 0)
(39.5642 0.214809 0)
(39.5627 0.221032 0)
(39.5615 0.227699 0)
(39.5604 0.234608 0)
(39.5594 0.241603 0)
(39.5586 0.248568 0)
(39.5579 0.255418 0)
(39.5574 0.262093 0)
(39.5569 0.268549 0)
(39.5565 0.274758 0)
(39.5562 0.280702 0)
(39.5559 0.286372 0)
(39.5557 0.291763 0)
(39.5556 0.296876 0)
(39.5555 0.301713 0)
(39.5554 0.306278 0)
(39.5554 0.310575 0)
(39.5555 0.31461 0)
(39.5556 0.318386 0)
(39.5558 0.321903 0)
(39.556 0.325159 0)
(39.5563 0.328141 0)
(39.5565 0.330823 0)
(39.5568 0.333146 0)
(39.5568 0.334976 0)
(39.5564 0.335997 0)
(39.561 0.33545 0)
(39.462 0.278524 0)
(39.5115 0.287806 0)
(39.5502 0.264875 0)
(39.5679 0.234112 0)
(39.5728 0.205886 0)
(39.5744 0.178791 0)
(39.5756 0.151058 0)
(39.5761 0.122985 0)
(39.576 0.0952421 0)
(39.5755 0.0681811 0)
(39.5749 0.0420099 0)
(39.5742 0.0169094 0)
(39.5736 -0.00698285 0)
(39.5729 -0.0295901 0)
(39.5723 -0.0508879 0)
(39.5716 -0.0708882 0)
(39.571 -0.0896284 0)
(39.5705 -0.107162 0)
(39.5699 -0.123553 0)
(39.5694 -0.13887 0)
(39.5689 -0.153182 0)
(39.5684 -0.16656 0)
(39.568 -0.179071 0)
(39.5675 -0.190778 0)
(39.5671 -0.201743 0)
(39.5668 -0.212023 0)
(39.5664 -0.221673 0)
(39.5661 -0.230743 0)
(39.5659 -0.239281 0)
(39.5656 -0.247336 0)
(39.5654 -0.254951 0)
(39.5653 -0.262174 0)
(39.5652 -0.269052 0)
(39.5652 -0.275636 0)
(39.5652 -0.281984 0)
(39.5652 -0.28817 0)
(39.5652 -0.294288 0)
(39.565 -0.300458 0)
(39.5637 -0.306645 0)
(39.5489 -0.311134 0)
(39.4669 0.292212 0)
(39.5063 0.314741 0)
(39.5386 0.31364 0)
(39.5541 0.308544 0)
(39.558 0.309991 0)
(39.5579 0.317575 0)
(39.5571 0.328751 0)
(39.5557 0.342279 0)
(39.5539 0.357455 0)
(39.5519 0.373525 0)
(39.5501 0.389814 0)
(39.5486 0.40585 0)
(39.5473 0.421341 0)
(39.5463 0.43611 0)
(39.5455 0.450059 0)
(39.5449 0.463143 0)
(39.5444 0.475358 0)
(39.5441 0.486723 0)
(39.5439 0.497272 0)
(39.5438 0.507046 0)
(39.5438 0.516092 0)
(39.5439 0.524456 0)
(39.5439 0.532185 0)
(39.5441 0.539322 0)
(39.5443 0.545909 0)
(39.5445 0.551984 0)
(39.5447 0.557581 0)
(39.5449 0.562731 0)
(39.5452 0.567463 0)
(39.5455 0.571801 0)
(39.5459 0.575764 0)
(39.5462 0.57937 0)
(39.5466 0.582629 0)
(39.547 0.585548 0)
(39.5474 0.588126 0)
(39.5478 0.590347 0)
(39.5481 0.592174 0)
(39.5482 0.593503 0)
(39.5485 0.593997 0)
(39.5632 0.592118 0)
(39.4807 0.188101 0)
(39.5144 0.176753 0)
(39.5449 0.13629 0)
(39.5637 0.0814496 0)
(39.5728 0.0241474 0)
(39.5778 -0.0316207 0)
(39.5811 -0.0850586 0)
(39.5832 -0.135383 0)
(39.5841 -0.181862 0)
(39.5841 -0.224247 0)
(39.5836 -0.262664 0)
(39.5828 -0.297385 0)
(39.5818 -0.328722 0)
(39.5807 -0.356998 0)
(39.5795 -0.382529 0)
(39.5783 -0.405612 0)
(39.5772 -0.426516 0)
(39.576 -0.445485 0)
(39.5749 -0.462731 0)
(39.5738 -0.478444 0)
(39.5728 -0.492791 0)
(39.5719 -0.505914 0)
(39.571 -0.517943 0)
(39.5701 -0.528988 0)
(39.5693 -0.539148 0)
(39.5685 -0.54851 0)
(39.5678 -0.557149 0)
(39.5672 -0.565137 0)
(39.5666 -0.572533 0)
(39.566 -0.579396 0)
(39.5655 -0.585776 0)
(39.5651 -0.591724 0)
(39.5647 -0.597283 0)
(39.5644 -0.602501 0)
(39.5641 -0.607418 0)
(39.5638 -0.612073 0)
(39.5635 -0.616483 0)
(39.5627 -0.620572 0)
(39.5601 -0.623819 0)
(39.536 -0.623941 0)
(39.461 0.44473 0)
(39.4794 0.512188 0)
(39.4961 0.565326 0)
(39.5051 0.610688 0)
(39.5081 0.653257 0)
(39.5089 0.693201 0)
(39.5097 0.729273 0)
(39.5106 0.761176 0)
(39.5114 0.789313 0)
(39.5123 0.814122 0)
(39.5132 0.835945 0)
(39.5143 0.855104 0)
(39.5154 0.871924 0)
(39.5165 0.886708 0)
(39.5177 0.89972 0)
(39.5189 0.91119 0)
(39.5201 0.921316 0)
(39.5213 0.930266 0)
(39.5224 0.938183 0)
(39.5235 0.945191 0)
(39.5246 0.951394 0)
(39.5256 0.95688 0)
(39.5266 0.961725 0)
(39.5276 0.965992 0)
(39.5285 0.969736 0)
(39.5294 0.973002 0)
(39.5303 0.975828 0)
(39.5311 0.978246 0)
(39.5319 0.98028 0)
(39.5327 0.981949 0)
(39.5335 0.983265 0)
(39.5343 0.984236 0)
(39.5351 0.984861 0)
(39.5359 0.985136 0)
(39.5366 0.985049 0)
(39.5373 0.984585 0)
(39.538 0.983711 0)
(39.5387 0.982317 0)
(39.5409 0.979896 0)
(39.5694 0.974172 0)
(39.5376 -0.190777 0)
(39.5625 -0.271399 0)
(39.5857 -0.366003 0)
(39.6011 -0.461724 0)
(39.6086 -0.548602 0)
(39.6112 -0.623678 0)
(39.6113 -0.687992 0)
(39.6101 -0.743102 0)
(39.6078 -0.79016 0)
(39.6049 -0.830209 0)
(39.6017 -0.864319 0)
(39.5985 -0.893478 0)
(39.5953 -0.918515 0)
(39.5922 -0.940109 0)
(39.5892 -0.958814 0)
(39.5865 -0.975084 0)
(39.5839 -0.989295 0)
(39.5814 -1.00175 0)
(39.5792 -1.01271 0)
(39.5771 -1.02237 0)
(39.5751 -1.0309 0)
(39.5733 -1.03846 0)
(39.5716 -1.04514 0)
(39.57 -1.05107 0)
(39.5685 -1.05631 0)
(39.5671 -1.06094 0)
(39.5658 -1.06502 0)
(39.5646 -1.0686 0)
(39.5634 -1.07172 0)
(39.5624 -1.07441 0)
(39.5614 -1.07671 0)
(39.5605 -1.07864 0)
(39.5596 -1.08021 0)
(39.5588 -1.08143 0)
(39.558 -1.08231 0)
(39.5572 -1.08283 0)
(39.5562 -1.08292 0)
(39.5546 -1.08232 0)
(39.5497 -1.08008 0)
(39.5123 -1.07394 0)
(39.3685 1.06955 0)
(39.3678 1.22137 0)
(39.3749 1.33762 0)
(39.3855 1.42014 0)
(39.3965 1.47823 0)
(39.4069 1.52009 0)
(39.4164 1.55035 0)
(39.4252 1.57172 0)
(39.4332 1.58643 0)
(39.4403 1.59637 0)
(39.4466 1.60291 0)
(39.4523 1.60699 0)
(39.4574 1.60925 0)
(39.462 1.61017 0)
(39.4661 1.61009 0)
(39.4698 1.60927 0)
(39.4732 1.60788 0)
(39.4763 1.60605 0)
(39.4792 1.60388 0)
(39.4818 1.60143 0)
(39.4843 1.59876 0)
(39.4865 1.5959 0)
(39.4886 1.59287 0)
(39.4906 1.58969 0)
(39.4925 1.58637 0)
(39.4942 1.5829 0)
(39.4959 1.57928 0)
(39.4975 1.57551 0)
(39.499 1.57157 0)
(39.5005 1.56743 0)
(39.502 1.56308 0)
(39.5034 1.55846 0)
(39.5048 1.55354 0)
(39.5062 1.54828 0)
(39.5076 1.54264 0)
(39.509 1.53661 0)
(39.5105 1.5302 0)
(39.5128 1.52345 0)
(39.5191 1.51602 0)
(39.5637 1.50561 0)
)
;

boundaryField
{
    inlet
    {
        type            fixedValue;
        value           uniform (39.53 0 0);
    }
    outlet
    {
        type            zeroGradient;
    }
    plate
    {
        type            noSlip;
    }
    farfield
    {
        type            fixedValue;
        value           uniform (39.53 0 0);
    }
    upstreamSlip
    {
        type            symmetry;
    }
    frontAndBack
    {
        type            empty;
    }
}


// ************************************************************************* //
