/*--------------------------------*- C++ -*----------------------------------*\
| =========                 |                                                 |
| \\      /  F ield         | OpenFOAM: The Open Source CFD Toolbox           |
|  \\    /   O peration     | Version:  2512                                  |
|   \\  /    A nd           | Website:  www.openfoam.com                      |
|    \\/     M anipulation  |                                                 |
\*---------------------------------------------------------------------------*/
FoamFile
{
    version     2.0;
    format      ascii;
    arch        "LSB;label=32;scalar=64";
    class       volScalarField;
    location    "0.199986";
    object      p;
}
// * * * * * * * * * * * * * * * * * * * * * * * * * * * * * * * * * * * * * //

dimensions      [1 -1 -2 0 0 0 0];

internalField   nonuniform List<scalar> 
8800
(
101353.74
101354.15
101354.96
101356.05
101357.32
101358.73
101360.29
101361.98
101363.85
101365.95
101368.35
101371.36
101374.84
101382.56
101353.74
101354.15
101354.96
101356.05
101357.32
101358.73
101360.29
101361.98
101363.85
101365.95
101368.35
101371.35
101374.92
101381.84
101353.74
101354.15
101354.96
101356.05
101357.32
101358.73
101360.28
101361.98
101363.85
101365.95
101368.35
101371.34
101374.87
101381.39
101353.74
101354.15
101354.96
101356.05
101357.32
101358.73
101360.28
101361.98
101363.85
101365.95
101368.34
101371.33
101374.82
101380.98
101353.74
101354.15
101354.96
101356.05
101357.32
101358.73
101360.28
101361.98
101363.85
101365.95
101368.34
101371.32
101374.76
101380.54
101353.74
101354.15
101354.96
101356.05
101357.32
101358.73
101360.28
101361.98
101363.85
101365.95
101368.33
101371.29
101374.69
101380.1
101353.74
101354.15
101354.96
101356.05
101357.32
101358.73
101360.28
101361.98
101363.85
101365.94
101368.32
101371.26
101374.61
101379.65
101353.74
101354.15
101354.96
101356.05
101357.32
101358.73
101360.28
101361.98
101363.84
101365.94
101368.31
101371.23
101374.51
101379.19
101353.74
101354.15
101354.96
101356.05
101357.32
101358.73
101360.28
101361.98
101363.84
101365.93
101368.29
101371.18
101374.4
101378.74
101353.74
101354.15
101354.96
101356.05
101357.32
101358.73
101360.28
101361.98
101363.84
101365.92
101368.28
101371.13
101374.27
101378.27
101353.74
101354.15
101354.96
101356.05
101357.32
101358.73
101360.28
101361.97
101363.83
101365.92
101368.26
101371.07
101374.12
101377.81
101353.74
101354.15
101354.96
101356.05
101357.32
101358.73
101360.28
101361.97
101363.83
101365.9
101368.23
101371
101373.96
101377.34
101353.74
101354.15
101354.96
101356.05
101357.32
101358.73
101360.28
101361.97
101363.82
101365.89
101368.2
101370.93
101373.79
101376.87
101353.74
101354.15
101354.96
101356.05
101357.32
101358.73
101360.28
101361.97
101363.82
101365.88
101368.17
101370.84
101373.59
101376.39
101353.74
101354.15
101354.96
101356.05
101357.32
101358.73
101360.28
101361.96
101363.81
101365.86
101368.13
101370.74
101373.38
101375.92
101353.74
101354.15
101354.96
101356.05
101357.32
101358.73
101360.27
101361.96
101363.8
101365.84
101368.09
101370.63
101373.15
101375.44
101353.73
101354.15
101354.96
101356.05
101357.31
101358.73
101360.27
101361.95
101363.79
101365.82
101368.04
101370.5
101372.9
101374.96
101353.73
101354.15
101354.96
101356.05
101357.31
101358.73
101360.27
101361.95
101363.78
101365.79
101367.98
101370.37
101372.64
101374.48
101353.73
101354.15
101354.96
101356.05
101357.31
101358.72
101360.26
101361.94
101363.76
101365.76
101367.91
101370.22
101372.36
101374
101353.73
101354.15
101354.96
101356.05
101357.31
101358.72
101360.26
101361.93
101363.75
101365.73
101367.84
101370.06
101372.07
101373.52
101353.73
101354.15
101354.96
101356.05
101357.31
101358.72
101360.26
101361.92
101363.73
101365.69
101367.76
101369.89
101371.76
101373.04
101353.73
101354.15
101354.96
101356.04
101357.31
101358.72
101360.25
101361.91
101363.71
101365.64
101367.67
101369.71
101371.44
101372.56
101353.73
101354.15
101354.96
101356.04
101357.31
101358.71
101360.25
101361.9
101363.68
101365.59
101367.57
101369.51
101371.11
101372.08
101353.73
101354.15
101354.96
101356.04
101357.31
101358.71
101360.24
101361.89
101363.66
101365.54
101367.46
101369.3
101370.77
101371.61
101353.73
101354.15
101354.96
101356.04
101357.3
101358.71
101360.23
101361.87
101363.63
101365.48
101367.34
101369.08
101370.42
101371.13
101353.73
101354.14
101354.96
101356.04
101357.3
101358.7
101360.22
101361.86
101363.59
101365.41
101367.21
101368.85
101370.06
101370.66
101353.73
101354.14
101354.96
101356.04
101357.3
101358.7
101360.21
101361.84
101363.56
101365.34
101367.07
101368.6
101369.69
101370.2
101353.73
101354.14
101354.96
101356.04
101357.3
101358.69
101360.2
101361.82
101363.52
101365.25
101366.92
101368.35
101369.32
101369.73
101353.73
101354.14
101354.96
101356.04
101357.29
101358.69
101360.19
101361.8
101363.47
101365.16
101366.76
101368.08
101368.94
101369.28
101353.73
101354.14
101354.96
101356.03
101357.29
101358.68
101360.18
101361.77
101363.42
101365.07
101366.58
101367.8
101368.56
101368.83
101353.73
101354.14
101354.96
101356.03
101357.29
101358.67
101360.16
101361.74
101363.36
101364.96
101366.4
101367.52
101368.18
101368.38
101353.73
101354.14
101354.95
101356.03
101357.28
101358.66
101360.15
101361.71
101363.3
101364.84
101366.21
101367.22
101367.8
101367.95
101353.73
101354.14
101354.95
101356.03
101357.28
101358.65
101360.13
101361.67
101363.23
101364.72
101366
101366.93
101367.42
101367.52
101353.73
101354.14
101354.95
101356.02
101357.27
101358.64
101360.11
101361.63
101363.15
101364.59
101365.78
101366.62
101367.04
101367.1
101353.73
101354.14
101354.95
101356.02
101357.26
101358.63
101360.08
101361.59
101363.07
101364.44
101365.56
101366.31
101366.66
101366.69
101353.73
101354.14
101354.95
101356.02
101357.26
101358.62
101360.06
101361.54
101362.98
101364.29
101365.33
101365.99
101366.28
101366.28
101353.73
101354.14
101354.94
101356.01
101357.25
101358.6
101360.03
101361.48
101362.88
101364.13
101365.08
101365.67
101365.91
101365.89
101353.73
101354.14
101354.94
101356.01
101357.24
101358.58
101360
101361.42
101362.78
101363.96
101364.84
101365.35
101365.54
101365.5
101353.73
101354.13
101354.94
101356
101357.23
101358.57
101359.96
101361.36
101362.67
101363.78
101364.58
101365.03
101365.17
101365.12
101353.72
101354.13
101354.94
101356
101357.22
101358.54
101359.92
101361.29
101362.54
101363.59
101364.32
101364.7
101364.81
101364.75
101353.72
101354.13
101354.93
101355.99
101357.21
101358.52
101359.88
101361.21
101362.41
101363.39
101364.05
101364.38
101364.46
101364.39
101353.72
101354.13
101354.93
101355.98
101357.19
101358.49
101359.83
101361.12
101362.28
101363.18
101363.77
101364.06
101364.11
101364.04
101353.72
101354.13
101354.92
101355.97
101357.18
101358.47
101359.78
101361.03
101362.13
101362.97
101363.5
101363.73
101363.77
101363.69
101353.72
101354.12
101354.92
101355.96
101357.16
101358.43
101359.72
101360.93
101361.97
101362.75
101363.22
101363.41
101363.43
101363.35
101353.72
101354.12
101354.91
101355.95
101357.14
101358.4
101359.66
101360.83
101361.81
101362.52
101362.93
101363.09
101363.1
101363.02
101353.71
101354.12
101354.9
101355.94
101357.12
101358.36
101359.59
101360.71
101361.64
101362.29
101362.65
101362.78
101362.77
101362.69
101353.71
101354.11
101354.9
101355.93
101357.09
101358.31
101359.51
101360.59
101361.46
101362.05
101362.36
101362.47
101362.45
101362.37
101353.71
101354.11
101354.89
101355.91
101357.06
101358.27
101359.43
101360.46
101361.27
101361.8
101362.07
101362.16
101362.13
101362.06
101353.7
101354.1
101354.88
101355.89
101357.03
101358.21
101359.34
101360.33
101361.08
101361.55
101361.79
101361.85
101361.82
101361.75
101353.7
101354.1
101354.87
101355.87
101357
101358.16
101359.25
101360.18
101360.87
101361.3
101361.5
101361.54
101361.51
101361.44
101353.7
101354.09
101354.86
101355.85
101356.96
101358.09
101359.15
101360.03
101360.67
101361.05
101361.21
101361.24
101361.2
101361.14
101353.69
101354.09
101354.84
101355.83
101356.92
101358.03
101359.04
101359.87
101360.45
101360.79
101360.93
101360.94
101360.91
101360.85
101353.69
101354.08
101354.83
101355.8
101356.88
101357.95
101358.92
101359.7
101360.23
101360.53
101360.64
101360.65
101360.61
101360.56
101353.68
101354.07
101354.81
101355.78
101356.83
101357.87
101358.8
101359.52
101360.01
101360.26
101360.36
101360.36
101360.32
101360.27
101353.67
101354.06
101354.8
101355.74
101356.78
101357.79
101358.67
101359.34
101359.78
101360
101360.07
101360.07
101360.03
101359.98
101353.67
101354.05
101354.78
101355.71
101356.72
101357.69
101358.53
101359.15
101359.54
101359.73
101359.79
101359.78
101359.75
101359.7
101353.66
101354.04
101354.75
101355.67
101356.66
101357.59
101358.38
101358.95
101359.3
101359.47
101359.51
101359.5
101359.46
101359.42
101353.65
101354.02
101354.73
101355.63
101356.59
101357.48
101358.22
101358.75
101359.06
101359.2
101359.24
101359.22
101359.18
101359.15
101353.64
101354.01
101354.7
101355.58
101356.51
101357.37
101358.06
101358.54
101358.82
101358.94
101358.96
101358.94
101358.91
101358.87
101353.63
101353.99
101354.67
101355.53
101356.43
101357.25
101357.89
101358.33
101358.57
101358.67
101358.68
101358.66
101358.63
101358.6
101353.62
101353.98
101354.64
101355.48
101356.34
101357.12
101357.72
101358.11
101358.32
101358.4
101358.41
101358.39
101358.36
101358.33
101353.6
101353.95
101354.6
101355.42
101356.25
101356.98
101357.53
101357.89
101358.07
101358.13
101358.14
101358.12
101358.09
101358.06
101353.59
101353.93
101354.56
101355.35
101356.14
101356.83
101357.34
101357.66
101357.81
101357.87
101357.87
101357.85
101357.82
101357.79
101353.57
101353.91
101354.52
101355.28
101356.03
101356.68
101357.14
101357.42
101357.56
101357.6
101357.6
101357.58
101357.55
101357.53
101353.55
101353.88
101354.47
101355.2
101355.92
101356.52
101356.94
101357.19
101357.3
101357.34
101357.33
101357.31
101357.28
101357.26
101353.53
101353.85
101354.42
101355.11
101355.79
101356.35
101356.73
101356.95
101357.04
101357.07
101357.06
101357.04
101357.02
101357
101353.51
101353.81
101354.36
101355.02
101355.66
101356.17
101356.51
101356.7
101356.78
101356.8
101356.79
101356.77
101356.75
101356.73
101353.49
101353.78
101354.3
101354.92
101355.51
101355.98
101356.29
101356.45
101356.52
101356.53
101356.52
101356.51
101356.49
101356.47
101353.46
101353.73
101354.23
101354.81
101355.36
101355.79
101356.06
101356.2
101356.26
101356.27
101356.26
101356.24
101356.22
101356.2
101353.43
101353.69
101354.15
101354.7
101355.2
101355.58
101355.82
101355.95
101355.99
101356
101355.99
101355.97
101355.95
101355.94
101353.4
101353.64
101354.07
101354.57
101355.03
101355.37
101355.58
101355.69
101355.72
101355.73
101355.71
101355.7
101355.69
101355.67
101353.36
101353.59
101353.98
101354.44
101354.85
101355.16
101355.34
101355.42
101355.45
101355.45
101355.44
101355.43
101355.42
101355.4
101353.32
101353.53
101353.88
101354.3
101354.66
101354.93
101355.08
101355.15
101355.18
101355.18
101355.17
101355.15
101355.14
101355.13
101353.28
101353.46
101353.78
101354.15
101354.47
101354.69
101354.82
101354.88
101354.9
101354.9
101354.89
101354.88
101354.87
101354.86
101353.23
101353.39
101353.67
101353.98
101354.26
101354.45
101354.55
101354.6
101354.61
101354.61
101354.6
101354.59
101354.59
101354.58
101353.18
101353.32
101353.55
101353.81
101354.04
101354.19
101354.28
101354.31
101354.32
101354.32
101354.32
101354.31
101354.3
101354.29
101353.12
101353.23
101353.42
101353.63
101353.81
101353.93
101353.99
101354.02
101354.03
101354.02
101354.02
101354.01
101354.01
101354
101353.07
101353.15
101353.28
101353.43
101353.56
101353.65
101353.7
101353.72
101353.72
101353.72
101353.71
101353.71
101353.71
101353.7
101353
101353.05
101353.14
101353.23
101353.31
101353.36
101353.39
101353.4
101353.4
101353.4
101353.4
101353.4
101353.39
101353.39
101352.93
101352.95
101352.98
101353.01
101353.04
101353.06
101353.06
101353.07
101353.07
101353.07
101353.07
101353.07
101353.07
101353.07
101387.37
101381.62
101370.81
101361.01
101356.08
101356.25
101358.87
101360.84
101361.17
101360.52
101359.62
101358.84
101358.2
101357.62
101357.07
101356.55
101356.1
101355.7
101355.32
101354.98
101354.66
101354.37
101354.12
101353.89
101353.68
101353.48
101353.3
101353.14
101352.99
101352.86
101352.73
101352.62
101352.52
101352.43
101352.36
101352.29
101352.23
101352.18
101352.13
101352.1
101352.07
101352.05
101352.04
101352.03
101352.03
101352.04
101352.04
101352.06
101352.07
101352.09
101352.11
101352.13
101352.16
101352.19
101352.21
101352.24
101352.27
101352.29
101352.32
101352.35
101352.37
101352.4
101352.42
101352.45
101352.47
101352.49
101352.51
101352.53
101352.54
101352.56
101352.58
101352.59
101352.61
101352.62
101352.63
101352.64
101352.65
101352.66
101352.67
101352.68
101352.69
101352.7
101352.71
101352.72
101352.72
101352.73
101352.73
101352.74
101352.75
101352.76
101352.76
101352.77
101352.84
101352.75
101353.56
101351.1
101386.49
101381.36
101371.05
101361.51
101356.63
101356.73
101359.17
101361
101361.28
101360.6
101359.68
101358.9
101358.26
101357.67
101357.11
101356.59
101356.13
101355.73
101355.35
101355.01
101354.69
101354.4
101354.15
101353.91
101353.7
101353.5
101353.31
101353.15
101353
101352.87
101352.74
101352.63
101352.53
101352.44
101352.36
101352.29
101352.23
101352.18
101352.14
101352.1
101352.08
101352.06
101352.04
101352.04
101352.03
101352.04
101352.05
101352.06
101352.07
101352.09
101352.11
101352.14
101352.16
101352.19
101352.21
101352.24
101352.27
101352.3
101352.32
101352.35
101352.37
101352.4
101352.42
101352.45
101352.47
101352.49
101352.51
101352.53
101352.55
101352.56
101352.58
101352.59
101352.61
101352.62
101352.63
101352.64
101352.65
101352.66
101352.67
101352.68
101352.69
101352.7
101352.71
101352.72
101352.72
101352.73
101352.73
101352.74
101352.75
101352.76
101352.76
101352.77
101352.84
101352.75
101353.56
101351.1
101385.84
101381.03
101371.02
101361.73
101356.95
101356.98
101359.3
101361.08
101361.36
101360.68
101359.78
101358.98
101358.32
101357.73
101357.16
101356.64
101356.18
101355.77
101355.39
101355.04
101354.72
101354.42
101354.17
101353.94
101353.72
101353.52
101353.33
101353.17
101353.02
101352.88
101352.75
101352.64
101352.54
101352.45
101352.37
101352.3
101352.24
101352.19
101352.15
101352.11
101352.08
101352.06
101352.05
101352.04
101352.04
101352.04
101352.05
101352.06
101352.08
101352.09
101352.12
101352.14
101352.16
101352.19
101352.22
101352.24
101352.27
101352.3
101352.32
101352.35
101352.38
101352.4
101352.43
101352.45
101352.47
101352.49
101352.51
101352.53
101352.55
101352.56
101352.58
101352.59
101352.61
101352.62
101352.63
101352.64
101352.65
101352.67
101352.67
101352.68
101352.69
101352.7
101352.71
101352.72
101352.72
101352.73
101352.73
101352.74
101352.75
101352.76
101352.77
101352.77
101352.84
101352.75
101353.56
101351.1
101385.18
101380.62
101370.94
101361.91
101357.19
101357.11
101359.29
101361.01
101361.32
101360.69
101359.83
101359.05
101358.38
101357.77
101357.2
101356.68
101356.21
101355.8
101355.42
101355.07
101354.74
101354.45
101354.19
101353.96
101353.74
101353.53
101353.35
101353.18
101353.03
101352.89
101352.77
101352.65
101352.55
101352.46
101352.38
101352.31
101352.25
101352.2
101352.15
101352.12
101352.09
101352.07
101352.05
101352.05
101352.04
101352.05
101352.05
101352.07
101352.08
101352.1
101352.12
101352.14
101352.17
101352.19
101352.22
101352.25
101352.27
101352.3
101352.33
101352.35
101352.38
101352.4
101352.43
101352.45
101352.47
101352.49
101352.51
101352.53
101352.55
101352.56
101352.58
101352.6
101352.61
101352.62
101352.63
101352.64
101352.66
101352.67
101352.67
101352.68
101352.69
101352.7
101352.71
101352.72
101352.72
101352.73
101352.73
101352.74
101352.75
101352.76
101352.77
101352.77
101352.84
101352.75
101353.56
101351.1
101384.5
101380.2
101370.87
101362.1
101357.46
101357.28
101359.33
101360.98
101361.27
101360.66
101359.81
101359.05
101358.41
101357.81
101357.25
101356.72
101356.25
101355.83
101355.45
101355.09
101354.77
101354.48
101354.22
101353.98
101353.76
101353.55
101353.37
101353.2
101353.05
101352.91
101352.78
101352.66
101352.56
101352.47
101352.39
101352.32
101352.26
101352.21
101352.16
101352.12
101352.1
101352.08
101352.06
101352.05
101352.05
101352.05
101352.06
101352.07
101352.08
101352.1
101352.12
101352.15
101352.17
101352.2
101352.22
101352.25
101352.28
101352.3
101352.33
101352.36
101352.38
101352.41
101352.43
101352.45
101352.47
101352.49
101352.51
101352.53
101352.55
101352.57
101352.58
101352.6
101352.61
101352.62
101352.63
101352.65
101352.66
101352.67
101352.68
101352.69
101352.69
101352.7
101352.71
101352.72
101352.72
101352.73
101352.74
101352.74
101352.75
101352.76
101352.77
101352.78
101352.84
101352.75
101353.56
101351.1
101383.81
101379.77
101370.79
101362.3
101357.72
101357.46
101359.38
101360.96
101361.24
101360.64
101359.8
101359.05
101358.4
101357.82
101357.26
101356.74
101356.28
101355.86
101355.47
101355.12
101354.79
101354.5
101354.24
101354
101353.78
101353.57
101353.38
101353.22
101353.06
101352.92
101352.79
101352.68
101352.58
101352.48
101352.4
101352.33
101352.27
101352.21
101352.17
101352.13
101352.1
101352.08
101352.07
101352.06
101352.06
101352.06
101352.06
101352.07
101352.09
101352.11
101352.13
101352.15
101352.17
101352.2
101352.22
101352.25
101352.28
101352.31
101352.33
101352.36
101352.38
101352.41
101352.43
101352.45
101352.48
101352.5
101352.52
101352.53
101352.55
101352.57
101352.58
101352.6
101352.61
101352.62
101352.63
101352.65
101352.66
101352.67
101352.68
101352.69
101352.69
101352.7
101352.71
101352.72
101352.72
101352.73
101352.74
101352.74
101352.75
101352.76
101352.77
101352.78
101352.84
101352.75
101353.56
101351.1
101383.12
101379.33
101370.72
101362.49
101357.99
101357.64
101359.42
101360.93
101361.2
101360.62
101359.79
101359.05
101358.4
101357.82
101357.26
101356.75
101356.29
101355.88
101355.5
101355.14
101354.81
101354.52
101354.26
101354.02
101353.8
101353.59
101353.4
101353.23
101353.08
101352.94
101352.81
101352.69
101352.59
101352.5
101352.42
101352.34
101352.28
101352.22
101352.18
101352.14
101352.11
101352.09
101352.07
101352.07
101352.06
101352.06
101352.07
101352.08
101352.09
101352.11
101352.13
101352.15
101352.18
101352.2
101352.23
101352.25
101352.28
101352.31
101352.33
101352.36
101352.38
101352.41
101352.43
101352.46
101352.48
101352.5
101352.52
101352.53
101352.55
101352.57
101352.58
101352.6
101352.61
101352.62
101352.64
101352.65
101352.66
101352.67
101352.68
101352.69
101352.69
101352.7
101352.71
101352.72
101352.72
101352.73
101352.74
101352.75
101352.75
101352.76
101352.77
101352.78
101352.84
101352.75
101353.56
101351.1
101382.42
101378.89
101370.65
101362.69
101358.27
101357.82
101359.47
101360.91
101361.17
101360.59
101359.79
101359.05
101358.41
101357.82
101357.27
101356.75
101356.29
101355.88
101355.51
101355.16
101354.83
101354.54
101354.28
101354.04
101353.82
101353.61
101353.42
101353.25
101353.1
101352.96
101352.82
101352.71
101352.6
101352.51
101352.43
101352.35
101352.29
101352.23
101352.19
101352.15
101352.12
101352.1
101352.08
101352.07
101352.07
101352.07
101352.08
101352.09
101352.1
101352.12
101352.14
101352.16
101352.18
101352.21
101352.23
101352.26
101352.28
101352.31
101352.34
101352.36
101352.39
101352.41
101352.43
101352.46
101352.48
101352.5
101352.52
101352.54
101352.55
101352.57
101352.58
101352.6
101352.61
101352.63
101352.64
101352.65
101352.66
101352.67
101352.68
101352.69
101352.7
101352.7
101352.71
101352.72
101352.72
101352.73
101352.74
101352.75
101352.75
101352.76
101352.77
101352.78
101352.84
101352.75
101353.56
101351.1
101381.72
101378.43
101370.56
101362.88
101358.54
101358.01
101359.53
101360.88
101361.13
101360.57
101359.78
101359.05
101358.41
101357.83
101357.28
101356.76
101356.3
101355.89
101355.51
101355.16
101354.84
101354.55
101354.29
101354.06
101353.83
101353.62
101353.44
101353.27
101353.11
101352.97
101352.84
101352.72
101352.62
101352.52
101352.44
101352.36
101352.3
101352.25
101352.2
101352.16
101352.13
101352.11
101352.09
101352.08
101352.08
101352.08
101352.08
101352.09
101352.11
101352.12
101352.14
101352.16
101352.19
101352.21
101352.24
101352.26
101352.29
101352.31
101352.34
101352.37
101352.39
101352.41
101352.44
101352.46
101352.48
101352.5
101352.52
101352.54
101352.56
101352.57
101352.59
101352.6
101352.61
101352.63
101352.64
101352.65
101352.66
101352.67
101352.68
101352.69
101352.7
101352.71
101352.71
101352.72
101352.73
101352.73
101352.74
101352.75
101352.75
101352.76
101352.77
101352.78
101352.84
101352.75
101353.57
101351.1
101381.01
101377.96
101370.47
101363.07
101358.82
101358.2
101359.58
101360.86
101361.09
101360.55
101359.77
101359.05
101358.42
101357.83
101357.28
101356.77
101356.31
101355.9
101355.52
101355.17
101354.85
101354.56
101354.3
101354.06
101353.85
101353.64
101353.45
101353.28
101353.12
101352.98
101352.85
101352.73
101352.63
101352.53
101352.45
101352.38
101352.31
101352.26
101352.21
101352.17
101352.14
101352.12
101352.1
101352.09
101352.08
101352.08
101352.09
101352.1
101352.11
101352.13
101352.15
101352.17
101352.19
101352.22
101352.24
101352.27
101352.29
101352.32
101352.34
101352.37
101352.39
101352.42
101352.44
101352.46
101352.48
101352.5
101352.52
101352.54
101352.56
101352.57
101352.59
101352.6
101352.62
101352.63
101352.64
101352.65
101352.66
101352.67
101352.68
101352.69
101352.7
101352.71
101352.71
101352.72
101352.73
101352.73
101352.74
101352.75
101352.75
101352.76
101352.77
101352.78
101352.84
101352.75
101353.57
101351.1
101380.31
101377.47
101370.37
101363.26
101359.1
101358.39
101359.64
101360.84
101361.06
101360.52
101359.76
101359.05
101358.42
101357.84
101357.29
101356.78
101356.32
101355.91
101355.53
101355.18
101354.86
101354.56
101354.3
101354.07
101353.85
101353.65
101353.46
101353.29
101353.14
101353
101352.86
101352.75
101352.64
101352.55
101352.46
101352.39
101352.32
101352.27
101352.22
101352.18
101352.15
101352.13
101352.11
101352.1
101352.09
101352.09
101352.1
101352.11
101352.12
101352.13
101352.15
101352.17
101352.2
101352.22
101352.24
101352.27
101352.3
101352.32
101352.35
101352.37
101352.4
101352.42
101352.44
101352.47
101352.49
101352.51
101352.53
101352.54
101352.56
101352.58
101352.59
101352.61
101352.62
101352.63
101352.64
101352.65
101352.66
101352.67
101352.68
101352.69
101352.7
101352.71
101352.71
101352.72
101352.73
101352.74
101352.74
101352.75
101352.75
101352.76
101352.77
101352.78
101352.84
101352.75
101353.57
101351.1
101379.6
101376.98
101370.27
101363.44
101359.37
101358.59
101359.7
101360.82
101361.02
101360.5
101359.76
101359.05
101358.42
101357.85
101357.3
101356.79
101356.33
101355.91
101355.53
101355.18
101354.86
101354.57
101354.31
101354.07
101353.85
101353.65
101353.46
101353.3
101353.15
101353.01
101352.88
101352.76
101352.65
101352.56
101352.47
101352.4
101352.33
101352.28
101352.23
101352.19
101352.16
101352.13
101352.12
101352.11
101352.1
101352.1
101352.1
101352.11
101352.12
101352.14
101352.16
101352.18
101352.2
101352.23
101352.25
101352.28
101352.3
101352.33
101352.35
101352.38
101352.4
101352.42
101352.45
101352.47
101352.49
101352.51
101352.53
101352.55
101352.56
101352.58
101352.59
101352.61
101352.62
101352.63
101352.64
101352.65
101352.66
101352.67
101352.68
101352.69
101352.7
101352.71
101352.71
101352.72
101352.73
101352.74
101352.74
101352.75
101352.75
101352.76
101352.77
101352.78
101352.84
101352.75
101353.57
101351.1
101378.9
101376.48
101370.15
101363.61
101359.64
101358.79
101359.77
101360.8
101360.98
101360.48
101359.75
101359.05
101358.43
101357.85
101357.3
101356.8
101356.34
101355.92
101355.54
101355.19
101354.87
101354.58
101354.32
101354.08
101353.86
101353.66
101353.47
101353.3
101353.15
101353.01
101352.88
101352.77
101352.66
101352.57
101352.48
101352.41
101352.34
101352.29
101352.24
101352.2
101352.17
101352.14
101352.13
101352.11
101352.11
101352.11
101352.11
101352.12
101352.13
101352.15
101352.16
101352.19
101352.21
101352.23
101352.25
101352.28
101352.3
101352.33
101352.36
101352.38
101352.4
101352.43
101352.45
101352.47
101352.49
101352.51
101352.53
101352.55
101352.56
101352.58
101352.59
101352.61
101352.62
101352.63
101352.64
101352.66
101352.67
101352.68
101352.68
101352.69
101352.7
101352.71
101352.72
101352.72
101352.73
101352.74
101352.74
101352.75
101352.75
101352.76
101352.77
101352.78
101352.84
101352.75
101353.57
101351.1
101378.21
101375.97
101370.02
101363.78
101359.92
101358.99
101359.84
101360.78
101360.95
101360.45
101359.74
101359.05
101358.43
101357.86
101357.31
101356.8
101356.35
101355.93
101355.55
101355.2
101354.88
101354.59
101354.33
101354.09
101353.87
101353.66
101353.47
101353.31
101353.15
101353.01
101352.89
101352.77
101352.67
101352.58
101352.49
101352.42
101352.35
101352.3
101352.25
101352.21
101352.18
101352.15
101352.13
101352.12
101352.12
101352.12
101352.12
101352.13
101352.14
101352.15
101352.17
101352.19
101352.21
101352.24
101352.26
101352.29
101352.31
101352.34
101352.36
101352.38
101352.41
101352.43
101352.45
101352.47
101352.5
101352.51
101352.53
101352.55
101352.57
101352.58
101352.6
101352.61
101352.62
101352.64
101352.65
101352.66
101352.67
101352.68
101352.69
101352.7
101352.7
101352.71
101352.72
101352.73
101352.73
101352.74
101352.74
101352.75
101352.75
101352.76
101352.77
101352.78
101352.84
101352.75
101353.57
101351.1
101377.52
101375.45
101369.89
101363.94
101360.18
101359.19
101359.91
101360.76
101360.91
101360.43
101359.73
101359.05
101358.43
101357.86
101357.32
101356.81
101356.36
101355.94
101355.56
101355.21
101354.89
101354.6
101354.33
101354.1
101353.87
101353.67
101353.48
101353.31
101353.16
101353.02
101352.89
101352.77
101352.67
101352.58
101352.5
101352.42
101352.36
101352.3
101352.26
101352.22
101352.19
101352.16
101352.14
101352.13
101352.12
101352.12
101352.13
101352.13
101352.15
101352.16
101352.18
101352.2
101352.22
101352.24
101352.27
101352.29
101352.32
101352.34
101352.36
101352.39
101352.41
101352.44
101352.46
101352.48
101352.5
101352.52
101352.54
101352.55
101352.57
101352.59
101352.6
101352.61
101352.63
101352.64
101352.65
101352.66
101352.67
101352.68
101352.69
101352.7
101352.7
101352.71
101352.72
101352.73
101352.73
101352.74
101352.74
101352.75
101352.75
101352.76
101352.77
101352.78
101352.84
101352.75
101353.57
101351.11
101376.84
101374.93
101369.74
101364.1
101360.44
101359.39
101359.98
101360.75
101360.87
101360.4
101359.72
101359.05
101358.44
101357.87
101357.33
101356.82
101356.37
101355.95
101355.57
101355.22
101354.9
101354.61
101354.34
101354.1
101353.88
101353.68
101353.49
101353.32
101353.16
101353.02
101352.89
101352.78
101352.67
101352.58
101352.5
101352.43
101352.36
101352.31
101352.26
101352.22
101352.19
101352.17
101352.15
101352.14
101352.13
101352.13
101352.13
101352.14
101352.15
101352.17
101352.19
101352.2
101352.23
101352.25
101352.27
101352.3
101352.32
101352.35
101352.37
101352.39
101352.42
101352.44
101352.46
101352.48
101352.5
101352.52
101352.54
101352.56
101352.57
101352.59
101352.6
101352.62
101352.63
101352.64
101352.65
101352.66
101352.67
101352.68
101352.69
101352.7
101352.71
101352.71
101352.72
101352.73
101352.73
101352.74
101352.74
101352.75
101352.76
101352.77
101352.77
101352.78
101352.84
101352.76
101353.57
101351.11
101376.17
101374.4
101369.58
101364.24
101360.7
101359.59
101360.06
101360.74
101360.84
101360.38
101359.71
101359.05
101358.44
101357.88
101357.34
101356.83
101356.38
101355.96
101355.58
101355.23
101354.91
101354.62
101354.35
101354.11
101353.89
101353.68
101353.49
101353.32
101353.17
101353.03
101352.9
101352.78
101352.68
101352.59
101352.5
101352.43
101352.37
101352.31
101352.27
101352.23
101352.2
101352.17
101352.16
101352.14
101352.14
101352.14
101352.14
101352.15
101352.16
101352.18
101352.19
101352.21
101352.23
101352.25
101352.28
101352.3
101352.33
101352.35
101352.37
101352.4
101352.42
101352.44
101352.47
101352.49
101352.51
101352.52
101352.54
101352.56
101352.58
101352.59
101352.6
101352.62
101352.63
101352.64
101352.65
101352.66
101352.67
101352.68
101352.69
101352.7
101352.71
101352.72
101352.72
101352.73
101352.73
101352.74
101352.75
101352.75
101352.76
101352.77
101352.77
101352.78
101352.85
101352.76
101353.57
101351.11
101375.51
101373.88
101369.41
101364.37
101360.95
101359.79
101360.13
101360.73
101360.81
101360.36
101359.7
101359.04
101358.44
101357.88
101357.35
101356.85
101356.39
101355.97
101355.59
101355.24
101354.92
101354.63
101354.36
101354.12
101353.9
101353.69
101353.5
101353.33
101353.18
101353.03
101352.91
101352.79
101352.68
101352.59
101352.51
101352.43
101352.37
101352.32
101352.27
101352.23
101352.2
101352.18
101352.16
101352.15
101352.15
101352.14
101352.15
101352.16
101352.17
101352.18
101352.2
101352.22
101352.24
101352.26
101352.28
101352.31
101352.33
101352.36
101352.38
101352.4
101352.43
101352.45
101352.47
101352.49
101352.51
101352.53
101352.55
101352.56
101352.58
101352.59
101352.61
101352.62
101352.63
101352.65
101352.66
101352.67
101352.68
101352.69
101352.69
101352.7
101352.71
101352.72
101352.72
101352.73
101352.74
101352.74
101352.75
101352.75
101352.76
101352.77
101352.78
101352.78
101352.85
101352.76
101353.57
101351.11
101374.87
101373.35
101369.22
101364.49
101361.19
101359.99
101360.22
101360.72
101360.77
101360.33
101359.69
101359.04
101358.45
101357.89
101357.36
101356.86
101356.4
101355.99
101355.61
101355.25
101354.93
101354.64
101354.37
101354.13
101353.91
101353.7
101353.51
101353.34
101353.18
101353.04
101352.91
101352.79
101352.69
101352.59
101352.51
101352.44
101352.37
101352.32
101352.27
101352.24
101352.21
101352.18
101352.17
101352.16
101352.15
101352.15
101352.15
101352.16
101352.17
101352.19
101352.21
101352.22
101352.25
101352.27
101352.29
101352.31
101352.34
101352.36
101352.39
101352.41
101352.43
101352.45
101352.47
101352.49
101352.51
101352.53
101352.55
101352.57
101352.58
101352.6
101352.61
101352.62
101352.64
101352.65
101352.66
101352.67
101352.68
101352.69
101352.7
101352.7
101352.71
101352.72
101352.72
101352.73
101352.74
101352.74
101352.75
101352.76
101352.76
101352.77
101352.78
101352.79
101352.85
101352.76
101353.57
101351.11
101374.24
101372.82
101369.03
101364.59
101361.42
101360.18
101360.3
101360.72
101360.74
101360.31
101359.67
101359.04
101358.45
101357.9
101357.37
101356.87
101356.41
101356
101355.62
101355.26
101354.94
101354.65
101354.38
101354.14
101353.91
101353.71
101353.52
101353.34
101353.19
101353.05
101352.92
101352.8
101352.69
101352.6
101352.52
101352.44
101352.38
101352.32
101352.28
101352.24
101352.21
101352.19
101352.17
101352.16
101352.16
101352.16
101352.16
101352.17
101352.18
101352.19
101352.21
101352.23
101352.25
101352.27
101352.3
101352.32
101352.34
101352.37
101352.39
101352.41
101352.44
101352.46
101352.48
101352.5
101352.52
101352.54
101352.55
101352.57
101352.59
101352.6
101352.61
101352.63
101352.64
101352.65
101352.66
101352.67
101352.68
101352.69
101352.7
101352.71
101352.71
101352.72
101352.73
101352.73
101352.74
101352.75
101352.75
101352.76
101352.76
101352.77
101352.78
101352.79
101352.85
101352.76
101353.57
101351.11
101373.62
101372.3
101368.82
101364.68
101361.64
101360.37
101360.38
101360.72
101360.71
101360.28
101359.66
101359.04
101358.45
101357.9
101357.37
101356.88
101356.42
101356.01
101355.63
101355.28
101354.95
101354.66
101354.39
101354.15
101353.92
101353.72
101353.53
101353.35
101353.2
101353.05
101352.92
101352.8
101352.7
101352.6
101352.52
101352.45
101352.38
101352.33
101352.28
101352.24
101352.21
101352.19
101352.17
101352.16
101352.16
101352.16
101352.16
101352.17
101352.18
101352.2
101352.22
101352.24
101352.26
101352.28
101352.3
101352.33
101352.35
101352.37
101352.4
101352.42
101352.44
101352.46
101352.48
101352.5
101352.52
101352.54
101352.56
101352.58
101352.59
101352.6
101352.62
101352.63
101352.64
101352.65
101352.66
101352.67
101352.68
101352.69
101352.7
101352.71
101352.71
101352.72
101352.73
101352.74
101352.74
101352.75
101352.75
101352.76
101352.76
101352.77
101352.78
101352.79
101352.85
101352.76
101353.57
101351.11
101373.01
101371.79
101368.6
101364.75
101361.84
101360.55
101360.46
101360.72
101360.68
101360.26
101359.65
101359.03
101358.46
101357.91
101357.38
101356.89
101356.44
101356.02
101355.64
101355.29
101354.97
101354.67
101354.4
101354.16
101353.93
101353.72
101353.53
101353.36
101353.2
101353.06
101352.93
101352.81
101352.7
101352.61
101352.53
101352.45
101352.39
101352.33
101352.28
101352.25
101352.21
101352.19
101352.17
101352.16
101352.16
101352.16
101352.16
101352.17
101352.19
101352.2
101352.22
101352.24
101352.26
101352.28
101352.31
101352.33
101352.35
101352.38
101352.4
101352.43
101352.45
101352.47
101352.49
101352.51
101352.53
101352.55
101352.56
101352.58
101352.59
101352.61
101352.62
101352.63
101352.65
101352.66
101352.67
101352.68
101352.69
101352.7
101352.7
101352.71
101352.72
101352.73
101352.73
101352.74
101352.74
101352.75
101352.75
101352.76
101352.76
101352.77
101352.78
101352.79
101352.85
101352.76
101353.58
101351.11
101372.43
101371.28
101368.37
101364.8
101362.03
101360.72
101360.55
101360.72
101360.65
101360.23
101359.64
101359.03
101358.46
101357.92
101357.39
101356.9
101356.45
101356.04
101355.65
101355.3
101354.98
101354.68
101354.41
101354.17
101353.94
101353.73
101353.54
101353.37
101353.21
101353.07
101352.94
101352.82
101352.71
101352.61
101352.53
101352.46
101352.39
101352.33
101352.29
101352.25
101352.22
101352.19
101352.18
101352.17
101352.16
101352.16
101352.17
101352.18
101352.19
101352.21
101352.22
101352.24
101352.27
101352.29
101352.31
101352.34
101352.36
101352.38
101352.41
101352.43
101352.45
101352.47
101352.49
101352.51
101352.53
101352.55
101352.57
101352.58
101352.6
101352.61
101352.62
101352.64
101352.65
101352.66
101352.67
101352.68
101352.69
101352.7
101352.7
101352.71
101352.72
101352.73
101352.73
101352.74
101352.74
101352.75
101352.75
101352.76
101352.76
101352.77
101352.78
101352.79
101352.85
101352.76
101353.58
101351.11
101371.85
101370.78
101368.14
101364.84
101362.21
101360.89
101360.63
101360.72
101360.62
101360.21
101359.63
101359.03
101358.46
101357.92
101357.4
101356.91
101356.46
101356.05
101355.67
101355.32
101354.99
101354.69
101354.43
101354.18
101353.95
101353.74
101353.55
101353.38
101353.22
101353.07
101352.94
101352.82
101352.72
101352.62
101352.54
101352.46
101352.39
101352.34
101352.29
101352.25
101352.22
101352.2
101352.18
101352.17
101352.16
101352.16
101352.17
101352.18
101352.19
101352.21
101352.23
101352.25
101352.27
101352.29
101352.32
101352.34
101352.36
101352.39
101352.41
101352.44
101352.46
101352.48
101352.5
101352.52
101352.54
101352.56
101352.57
101352.59
101352.6
101352.62
101352.63
101352.64
101352.65
101352.66
101352.67
101352.68
101352.69
101352.7
101352.71
101352.72
101352.72
101352.73
101352.73
101352.74
101352.75
101352.75
101352.76
101352.76
101352.77
101352.78
101352.78
101352.79
101352.85
101352.76
101353.58
101351.12
101371.29
101370.29
101367.89
101364.86
101362.37
101361.05
101360.71
101360.73
101360.59
101360.18
101359.61
101359.02
101358.46
101357.93
101357.41
101356.93
101356.48
101356.06
101355.68
101355.33
101355.01
101354.71
101354.44
101354.19
101353.96
101353.75
101353.56
101353.39
101353.23
101353.08
101352.95
101352.83
101352.72
101352.63
101352.54
101352.47
101352.4
101352.34
101352.3
101352.26
101352.23
101352.2
101352.18
101352.17
101352.17
101352.17
101352.17
101352.18
101352.19
101352.21
101352.23
101352.25
101352.27
101352.29
101352.32
101352.34
101352.37
101352.39
101352.42
101352.44
101352.46
101352.48
101352.5
101352.52
101352.54
101352.56
101352.58
101352.59
101352.61
101352.62
101352.63
101352.65
101352.66
101352.67
101352.68
101352.69
101352.7
101352.7
101352.71
101352.72
101352.72
101352.73
101352.74
101352.74
101352.75
101352.76
101352.76
101352.77
101352.77
101352.78
101352.79
101352.79
101352.85
101352.77
101353.58
101351.12
101370.75
101369.81
101367.63
101364.86
101362.52
101361.2
101360.79
101360.73
101360.57
101360.16
101359.6
101359.02
101358.46
101357.93
101357.42
101356.94
101356.49
101356.08
101355.7
101355.34
101355.02
101354.72
101354.45
101354.2
101353.98
101353.77
101353.57
101353.4
101353.24
101353.09
101352.96
101352.84
101352.73
101352.63
101352.55
101352.47
101352.4
101352.35
101352.3
101352.26
101352.23
101352.2
101352.19
101352.18
101352.17
101352.17
101352.17
101352.18
101352.2
101352.21
101352.23
101352.25
101352.27
101352.3
101352.32
101352.35
101352.37
101352.4
101352.42
101352.44
101352.47
101352.49
101352.51
101352.53
101352.55
101352.56
101352.58
101352.6
101352.61
101352.63
101352.64
101352.65
101352.66
101352.67
101352.68
101352.69
101352.7
101352.71
101352.71
101352.72
101352.73
101352.74
101352.74
101352.75
101352.75
101352.76
101352.76
101352.77
101352.77
101352.78
101352.79
101352.79
101352.86
101352.77
101353.58
101351.12
101370.22
101369.34
101367.37
101364.84
101362.64
101361.34
101360.87
101360.74
101360.55
101360.13
101359.58
101359.01
101358.46
101357.94
101357.43
101356.95
101356.5
101356.09
101355.71
101355.36
101355.03
101354.74
101354.46
101354.22
101353.99
101353.78
101353.58
101353.41
101353.25
101353.1
101352.97
101352.84
101352.74
101352.64
101352.55
101352.48
101352.41
101352.35
101352.31
101352.27
101352.23
101352.21
101352.19
101352.18
101352.17
101352.17
101352.18
101352.19
101352.2
101352.21
101352.23
101352.25
101352.27
101352.3
101352.32
101352.35
101352.37
101352.4
101352.42
101352.45
101352.47
101352.49
101352.51
101352.53
101352.55
101352.57
101352.59
101352.6
101352.62
101352.63
101352.64
101352.65
101352.66
101352.68
101352.68
101352.69
101352.7
101352.71
101352.72
101352.73
101352.73
101352.74
101352.74
101352.75
101352.75
101352.76
101352.76
101352.77
101352.77
101352.78
101352.79
101352.8
101352.86
101352.77
101353.58
101351.12
101369.71
101368.88
101367.11
101364.8
101362.75
101361.47
101360.94
101360.75
101360.52
101360.11
101359.57
101359.01
101358.46
101357.94
101357.44
101356.96
101356.52
101356.11
101355.73
101355.37
101355.05
101354.75
101354.48
101354.23
101354
101353.79
101353.59
101353.42
101353.26
101353.11
101352.97
101352.85
101352.74
101352.65
101352.56
101352.48
101352.42
101352.36
101352.31
101352.27
101352.24
101352.21
101352.19
101352.18
101352.18
101352.18
101352.18
101352.19
101352.2
101352.22
101352.23
101352.25
101352.28
101352.3
101352.32
101352.35
101352.37
101352.4
101352.42
101352.45
101352.47
101352.5
101352.52
101352.54
101352.55
101352.57
101352.59
101352.61
101352.62
101352.63
101352.65
101352.66
101352.67
101352.68
101352.69
101352.7
101352.71
101352.71
101352.72
101352.73
101352.73
101352.74
101352.75
101352.75
101352.76
101352.76
101352.77
101352.77
101352.77
101352.78
101352.79
101352.8
101352.86
101352.77
101353.58
101351.12
101369.21
101368.44
101366.84
101364.75
101362.83
101361.58
101361
101360.76
101360.5
101360.08
101359.55
101359
101358.46
101357.95
101357.45
101356.97
101356.53
101356.12
101355.74
101355.39
101355.07
101354.77
101354.49
101354.24
101354.01
101353.8
101353.61
101353.43
101353.27
101353.12
101352.98
101352.86
101352.75
101352.65
101352.57
101352.49
101352.42
101352.36
101352.32
101352.27
101352.24
101352.22
101352.2
101352.19
101352.18
101352.18
101352.18
101352.19
101352.2
101352.22
101352.24
101352.26
101352.28
101352.3
101352.33
101352.35
101352.38
101352.4
101352.43
101352.45
101352.47
101352.5
101352.52
101352.54
101352.56
101352.58
101352.59
101352.61
101352.62
101352.64
101352.65
101352.66
101352.67
101352.68
101352.69
101352.7
101352.71
101352.72
101352.72
101352.73
101352.74
101352.74
101352.75
101352.76
101352.76
101352.77
101352.77
101352.77
101352.78
101352.79
101352.79
101352.8
101352.86
101352.77
101353.58
101351.13
101368.73
101368
101366.56
101364.67
101362.9
101361.68
101361.07
101360.77
101360.48
101360.06
101359.54
101358.99
101358.46
101357.95
101357.46
101356.99
101356.55
101356.14
101355.76
101355.41
101355.08
101354.78
101354.51
101354.26
101354.03
101353.81
101353.62
101353.44
101353.28
101353.13
101352.99
101352.87
101352.76
101352.66
101352.57
101352.5
101352.43
101352.37
101352.32
101352.28
101352.25
101352.22
101352.2
101352.19
101352.18
101352.18
101352.19
101352.19
101352.21
101352.22
101352.24
101352.26
101352.28
101352.3
101352.33
101352.35
101352.38
101352.4
101352.43
101352.45
101352.48
101352.5
101352.52
101352.54
101352.56
101352.58
101352.6
101352.61
101352.63
101352.64
101352.65
101352.67
101352.68
101352.69
101352.7
101352.71
101352.71
101352.72
101352.73
101352.74
101352.74
101352.75
101352.75
101352.76
101352.76
101352.77
101352.77
101352.78
101352.78
101352.79
101352.79
101352.8
101352.86
101352.77
101353.58
101351.13
101368.26
101367.58
101366.28
101364.58
101362.94
101361.77
101361.12
101360.77
101360.46
101360.03
101359.52
101358.98
101358.46
101357.95
101357.47
101357
101356.56
101356.15
101355.77
101355.42
101355.1
101354.8
101354.52
101354.27
101354.04
101353.83
101353.63
101353.45
101353.29
101353.14
101353
101352.88
101352.77
101352.67
101352.58
101352.5
101352.43
101352.38
101352.33
101352.29
101352.25
101352.23
101352.21
101352.19
101352.19
101352.19
101352.19
101352.2
101352.21
101352.22
101352.24
101352.26
101352.28
101352.31
101352.33
101352.35
101352.38
101352.4
101352.43
101352.45
101352.48
101352.5
101352.52
101352.54
101352.56
101352.58
101352.6
101352.62
101352.63
101352.64
101352.66
101352.67
101352.68
101352.69
101352.7
101352.71
101352.72
101352.72
101352.73
101352.74
101352.74
101352.75
101352.75
101352.76
101352.76
101352.77
101352.77
101352.78
101352.78
101352.79
101352.8
101352.8
101352.87
101352.78
101353.59
101351.13
101367.8
101367.17
101366.01
101364.47
101362.96
101361.84
101361.17
101360.78
101360.43
101360.01
101359.5
101358.97
101358.46
101357.96
101357.47
101357.01
101356.57
101356.17
101355.79
101355.44
101355.11
101354.82
101354.54
101354.29
101354.06
101353.84
101353.64
101353.46
101353.3
101353.15
101353.01
101352.89
101352.78
101352.68
101352.59
101352.51
101352.44
101352.38
101352.33
101352.29
101352.26
101352.23
101352.21
101352.2
101352.19
101352.19
101352.19
101352.2
101352.21
101352.23
101352.24
101352.26
101352.29
101352.31
101352.33
101352.36
101352.38
101352.41
101352.43
101352.46
101352.48
101352.5
101352.52
101352.54
101352.56
101352.58
101352.6
101352.62
101352.63
101352.65
101352.66
101352.67
101352.68
101352.69
101352.7
101352.71
101352.72
101352.73
101352.73
101352.74
101352.75
101352.75
101352.76
101352.76
101352.77
101352.77
101352.78
101352.78
101352.78
101352.79
101352.8
101352.81
101352.87
101352.78
101353.59
101351.14
101367.36
101366.77
101365.73
101364.35
101362.97
101361.89
101361.21
101360.78
101360.41
101359.98
101359.48
101358.96
101358.45
101357.96
101357.48
101357.02
101356.59
101356.18
101355.81
101355.46
101355.13
101354.83
101354.56
101354.3
101354.07
101353.86
101353.66
101353.48
101353.31
101353.16
101353.02
101352.9
101352.79
101352.69
101352.6
101352.52
101352.45
101352.39
101352.34
101352.3
101352.26
101352.24
101352.22
101352.2
101352.2
101352.19
101352.2
101352.21
101352.22
101352.23
101352.25
101352.27
101352.29
101352.31
101352.33
101352.36
101352.38
101352.41
101352.43
101352.46
101352.48
101352.5
101352.52
101352.55
101352.57
101352.58
101352.6
101352.62
101352.64
101352.65
101352.66
101352.68
101352.69
101352.7
101352.71
101352.72
101352.72
101352.73
101352.74
101352.75
101352.75
101352.76
101352.76
101352.77
101352.77
101352.78
101352.78
101352.79
101352.79
101352.8
101352.8
101352.81
101352.87
101352.78
101353.59
101351.14
101366.93
101366.39
101365.45
101364.21
101362.95
101361.92
101361.23
101360.78
101360.39
101359.95
101359.46
101358.95
101358.45
101357.96
101357.49
101357.03
101356.6
101356.2
101355.82
101355.47
101355.15
101354.85
101354.57
101354.32
101354.09
101353.87
101353.67
101353.49
101353.32
101353.17
101353.03
101352.91
101352.8
101352.7
101352.61
101352.53
101352.46
101352.4
101352.35
101352.3
101352.27
101352.24
101352.22
101352.21
101352.2
101352.2
101352.2
101352.21
101352.22
101352.23
101352.25
101352.27
101352.29
101352.31
101352.34
101352.36
101352.39
101352.41
101352.44
101352.46
101352.48
101352.5
101352.53
101352.55
101352.57
101352.59
101352.6
101352.62
101352.64
101352.65
101352.67
101352.68
101352.69
101352.7
101352.71
101352.72
101352.73
101352.74
101352.74
101352.75
101352.75
101352.76
101352.76
101352.77
101352.77
101352.78
101352.78
101352.79
101352.79
101352.8
101352.8
101352.81
101352.87
101352.78
101353.59
101351.14
101366.51
101366.01
101365.17
101364.06
101362.91
101361.94
101361.25
101360.77
101360.36
101359.93
101359.44
101358.94
101358.44
101357.96
101357.49
101357.04
101356.61
101356.21
101355.84
101355.49
101355.17
101354.87
101354.59
101354.34
101354.1
101353.89
101353.69
101353.5
101353.34
101353.18
101353.05
101352.92
101352.81
101352.71
101352.61
101352.53
101352.46
101352.4
101352.35
101352.31
101352.28
101352.25
101352.23
101352.21
101352.21
101352.2
101352.21
101352.21
101352.22
101352.24
101352.25
101352.27
101352.29
101352.32
101352.34
101352.36
101352.39
101352.41
101352.44
101352.46
101352.48
101352.51
101352.53
101352.55
101352.57
101352.59
101352.61
101352.62
101352.64
101352.65
101352.67
101352.68
101352.69
101352.7
101352.71
101352.72
101352.73
101352.74
101352.74
101352.75
101352.76
101352.76
101352.77
101352.77
101352.78
101352.78
101352.78
101352.79
101352.79
101352.8
101352.81
101352.81
101352.87
101352.79
101353.59
101351.15
101366.1
101365.64
101364.89
101363.9
101362.85
101361.94
101361.26
101360.76
101360.34
101359.9
101359.42
101358.92
101358.43
101357.96
101357.49
101357.05
101356.63
101356.23
101355.86
101355.51
101355.19
101354.89
101354.61
101354.35
101354.12
101353.9
101353.7
101353.52
101353.35
101353.2
101353.06
101352.93
101352.82
101352.72
101352.62
101352.54
101352.47
101352.41
101352.36
101352.32
101352.28
101352.25
101352.23
101352.22
101352.21
101352.21
101352.21
101352.22
101352.23
101352.24
101352.26
101352.28
101352.3
101352.32
101352.34
101352.37
101352.39
101352.42
101352.44
101352.46
101352.49
101352.51
101352.53
101352.55
101352.57
101352.59
101352.61
101352.62
101352.64
101352.65
101352.67
101352.68
101352.69
101352.71
101352.72
101352.72
101352.73
101352.74
101352.75
101352.76
101352.76
101352.77
101352.77
101352.78
101352.78
101352.79
101352.79
101352.79
101352.8
101352.8
101352.81
101352.82
101352.88
101352.79
101353.59
101351.15
101365.71
101365.29
101364.61
101363.72
101362.77
101361.92
101361.25
101360.74
101360.31
101359.86
101359.39
101358.91
101358.42
101357.95
101357.5
101357.06
101356.64
101356.24
101355.87
101355.53
101355.2
101354.9
101354.63
101354.37
101354.14
101353.92
101353.72
101353.53
101353.36
101353.21
101353.07
101352.94
101352.83
101352.73
101352.63
101352.55
101352.48
101352.42
101352.37
101352.32
101352.29
101352.26
101352.24
101352.23
101352.22
101352.21
101352.22
101352.22
101352.23
101352.25
101352.26
101352.28
101352.3
101352.32
101352.35
101352.37
101352.39
101352.42
101352.44
101352.47
101352.49
101352.51
101352.53
101352.55
101352.57
101352.59
101352.61
101352.63
101352.64
101352.66
101352.67
101352.68
101352.69
101352.71
101352.72
101352.73
101352.74
101352.74
101352.75
101352.76
101352.76
101352.77
101352.77
101352.78
101352.78
101352.79
101352.79
101352.8
101352.8
101352.81
101352.81
101352.82
101352.88
101352.79
101353.59
101351.16
101365.33
101364.94
101364.33
101363.54
101362.68
101361.88
101361.23
101360.72
101360.27
101359.83
101359.36
101358.89
101358.41
101357.95
101357.5
101357.06
101356.65
101356.26
101355.89
101355.54
101355.22
101354.92
101354.65
101354.39
101354.15
101353.93
101353.73
101353.55
101353.38
101353.22
101353.08
101352.96
101352.84
101352.74
101352.64
101352.56
101352.49
101352.43
101352.38
101352.33
101352.3
101352.27
101352.25
101352.23
101352.22
101352.22
101352.22
101352.23
101352.24
101352.25
101352.27
101352.28
101352.3
101352.33
101352.35
101352.37
101352.4
101352.42
101352.44
101352.47
101352.49
101352.51
101352.53
101352.55
101352.57
101352.59
101352.61
101352.63
101352.64
101352.66
101352.67
101352.68
101352.7
101352.71
101352.72
101352.73
101352.74
101352.75
101352.75
101352.76
101352.77
101352.77
101352.78
101352.78
101352.79
101352.79
101352.79
101352.8
101352.8
101352.81
101352.82
101352.82
101352.88
101352.79
101353.59
101351.17
101364.95
101364.6
101364.05
101363.35
101362.57
101361.83
101361.2
101360.69
101360.24
101359.79
101359.33
101358.86
101358.4
101357.94
101357.5
101357.07
101356.66
101356.27
101355.9
101355.56
101355.24
101354.94
101354.66
101354.41
101354.17
101353.95
101353.75
101353.56
101353.39
101353.24
101353.1
101352.97
101352.85
101352.75
101352.66
101352.57
101352.5
101352.44
101352.39
101352.34
101352.3
101352.27
101352.25
101352.24
101352.23
101352.22
101352.23
101352.23
101352.24
101352.25
101352.27
101352.29
101352.31
101352.33
101352.35
101352.38
101352.4
101352.42
101352.45
101352.47
101352.49
101352.52
101352.54
101352.56
101352.58
101352.59
101352.61
101352.63
101352.64
101352.66
101352.67
101352.68
101352.7
101352.71
101352.72
101352.73
101352.74
101352.75
101352.75
101352.76
101352.77
101352.78
101352.78
101352.79
101352.79
101352.8
101352.8
101352.8
101352.8
101352.81
101352.82
101352.83
101352.88
101352.8
101353.59
101351.17
101364.59
101364.27
101363.78
101363.14
101362.44
101361.76
101361.16
101360.65
101360.19
101359.75
101359.3
101358.84
101358.38
101357.93
101357.5
101357.07
101356.67
101356.28
101355.92
101355.58
101355.26
101354.96
101354.68
101354.43
101354.19
101353.97
101353.77
101353.58
101353.41
101353.25
101353.11
101352.98
101352.86
101352.76
101352.67
101352.58
101352.51
101352.45
101352.39
101352.35
101352.31
101352.28
101352.26
101352.24
101352.23
101352.23
101352.23
101352.24
101352.25
101352.26
101352.27
101352.29
101352.31
101352.33
101352.36
101352.38
101352.4
101352.43
101352.45
101352.47
101352.5
101352.52
101352.54
101352.56
101352.58
101352.6
101352.61
101352.63
101352.65
101352.66
101352.67
101352.69
101352.7
101352.71
101352.72
101352.73
101352.74
101352.75
101352.76
101352.76
101352.77
101352.78
101352.78
101352.79
101352.79
101352.8
101352.8
101352.81
101352.81
101352.82
101352.82
101352.83
101352.89
101352.8
101353.59
101351.18
101364.23
101363.94
101363.5
101362.94
101362.3
101361.67
101361.1
101360.6
101360.15
101359.71
101359.26
101358.81
101358.36
101357.92
101357.49
101357.08
101356.67
101356.29
101355.93
101355.59
101355.28
101354.98
101354.7
101354.45
101354.21
101353.99
101353.78
101353.6
101353.43
101353.27
101353.13
101353
101352.88
101352.77
101352.68
101352.59
101352.52
101352.46
101352.4
101352.36
101352.32
101352.29
101352.27
101352.25
101352.24
101352.24
101352.24
101352.24
101352.25
101352.26
101352.28
101352.3
101352.32
101352.34
101352.36
101352.38
101352.41
101352.43
101352.45
101352.48
101352.5
101352.52
101352.54
101352.56
101352.58
101352.6
101352.62
101352.63
101352.65
101352.66
101352.67
101352.69
101352.7
101352.71
101352.72
101352.73
101352.74
101352.75
101352.76
101352.77
101352.77
101352.78
101352.78
101352.79
101352.79
101352.8
101352.8
101352.81
101352.81
101352.82
101352.82
101352.83
101352.89
101352.8
101353.59
101351.19
101363.89
101363.62
101363.23
101362.72
101362.15
101361.57
101361.03
101360.54
101360.09
101359.66
101359.22
101358.78
101358.34
101357.91
101357.49
101357.08
101356.68
101356.3
101355.95
101355.61
101355.29
101355
101354.72
101354.46
101354.23
101354.01
101353.8
101353.61
101353.44
101353.29
101353.14
101353.01
101352.89
101352.79
101352.69
101352.61
101352.53
101352.47
101352.41
101352.37
101352.33
101352.3
101352.28
101352.26
101352.25
101352.24
101352.24
101352.25
101352.26
101352.27
101352.28
101352.3
101352.32
101352.34
101352.36
101352.39
101352.41
101352.43
101352.46
101352.48
101352.5
101352.52
101352.54
101352.56
101352.58
101352.6
101352.62
101352.63
101352.65
101352.66
101352.68
101352.69
101352.7
101352.71
101352.72
101352.73
101352.74
101352.75
101352.76
101352.77
101352.77
101352.78
101352.79
101352.79
101352.8
101352.8
101352.8
101352.81
101352.81
101352.82
101352.83
101352.83
101352.89
101352.81
101353.58
101351.2
101363.55
101363.31
101362.95
101362.5
101361.99
101361.45
101360.94
101360.47
101360.03
101359.6
101359.17
101358.74
101358.31
101357.89
101357.48
101357.07
101356.68
101356.31
101355.96
101355.62
101355.31
101355.01
101354.74
101354.48
101354.25
101354.02
101353.82
101353.63
101353.46
101353.3
101353.16
101353.02
101352.91
101352.8
101352.7
101352.62
101352.54
101352.48
101352.42
101352.38
101352.34
101352.31
101352.28
101352.27
101352.26
101352.25
101352.25
101352.26
101352.26
101352.28
101352.29
101352.31
101352.33
101352.35
101352.37
101352.39
101352.41
101352.44
101352.46
101352.48
101352.5
101352.53
101352.55
101352.57
101352.58
101352.6
101352.62
101352.64
101352.65
101352.66
101352.68
101352.69
101352.7
101352.71
101352.72
101352.73
101352.74
101352.75
101352.76
101352.77
101352.77
101352.78
101352.79
101352.79
101352.8
101352.8
101352.81
101352.81
101352.82
101352.82
101352.83
101352.84
101352.89
101352.81
101353.58
101351.22
101363.22
101363
101362.68
101362.28
101361.81
101361.32
101360.84
101360.39
101359.96
101359.54
101359.12
101358.7
101358.28
101357.87
101357.46
101357.07
101356.69
101356.32
101355.97
101355.64
101355.33
101355.03
101354.76
101354.5
101354.26
101354.04
101353.84
101353.65
101353.48
101353.32
101353.17
101353.04
101352.92
101352.81
101352.72
101352.63
101352.56
101352.49
101352.43
101352.39
101352.35
101352.32
101352.29
101352.27
101352.26
101352.26
101352.26
101352.26
101352.27
101352.28
101352.3
101352.31
101352.33
101352.35
101352.37
101352.4
101352.42
101352.44
101352.46
101352.49
101352.51
101352.53
101352.55
101352.57
101352.59
101352.6
101352.62
101352.64
101352.65
101352.67
101352.68
101352.69
101352.7
101352.71
101352.73
101352.73
101352.74
101352.75
101352.76
101352.77
101352.77
101352.78
101352.79
101352.79
101352.8
101352.81
101352.81
101352.82
101352.82
101352.83
101352.83
101352.84
101352.9
101352.81
101353.57
101351.23
101362.9
101362.69
101362.41
101362.05
101361.63
101361.18
101360.73
101360.3
101359.88
101359.48
101359.07
101358.66
101358.25
101357.85
101357.45
101357.06
101356.69
101356.32
101355.98
101355.65
101355.34
101355.05
101354.78
101354.52
101354.28
101354.06
101353.86
101353.67
101353.49
101353.33
101353.19
101353.06
101352.94
101352.83
101352.73
101352.64
101352.57
101352.5
101352.44
101352.4
101352.36
101352.33
101352.3
101352.28
101352.27
101352.27
101352.26
101352.27
101352.28
101352.29
101352.3
101352.32
101352.34
101352.36
101352.38
101352.4
101352.42
101352.44
101352.47
101352.49
101352.51
101352.53
101352.55
101352.57
101352.59
101352.61
101352.62
101352.64
101352.65
101352.67
101352.68
101352.69
101352.71
101352.72
101352.73
101352.74
101352.75
101352.75
101352.76
101352.77
101352.78
101352.78
101352.79
101352.79
101352.8
101352.81
101352.81
101352.82
101352.82
101352.83
101352.83
101352.84
101352.9
101352.82
101353.57
101351.25
101362.58
101362.39
101362.14
101361.81
101361.44
101361.03
101360.61
101360.2
101359.8
101359.4
101359.01
101358.61
101358.21
101357.82
101357.43
101357.05
101356.68
101356.33
101355.99
101355.66
101355.36
101355.07
101354.79
101354.54
101354.3
101354.08
101353.88
101353.69
101353.51
101353.35
101353.21
101353.07
101352.95
101352.84
101352.74
101352.66
101352.58
101352.51
101352.46
101352.41
101352.37
101352.34
101352.31
101352.29
101352.28
101352.27
101352.27
101352.28
101352.28
101352.29
101352.31
101352.32
101352.34
101352.36
101352.38
101352.4
101352.43
101352.45
101352.47
101352.49
101352.51
101352.54
101352.56
101352.57
101352.59
101352.61
101352.63
101352.64
101352.66
101352.67
101352.68
101352.7
101352.71
101352.72
101352.73
101352.74
101352.75
101352.76
101352.76
101352.77
101352.78
101352.78
101352.79
101352.8
101352.8
101352.81
101352.81
101352.82
101352.82
101352.83
101352.84
101352.84
101352.9
101352.82
101353.56
101351.27
101362.27
101362.1
101361.87
101361.58
101361.24
101360.86
101360.48
101360.09
101359.71
101359.32
101358.94
101358.56
101358.17
101357.79
101357.41
101357.04
101356.68
101356.33
101355.99
101355.67
101355.37
101355.08
101354.81
101354.56
101354.32
101354.1
101353.9
101353.71
101353.53
101353.37
101353.22
101353.09
101352.97
101352.86
101352.76
101352.67
101352.59
101352.53
101352.47
101352.42
101352.38
101352.35
101352.32
101352.3
101352.29
101352.28
101352.28
101352.28
101352.29
101352.3
101352.31
101352.33
101352.35
101352.37
101352.39
101352.41
101352.43
101352.45
101352.48
101352.5
101352.52
101352.54
101352.56
101352.58
101352.6
101352.61
101352.63
101352.64
101352.66
101352.67
101352.69
101352.7
101352.71
101352.72
101352.73
101352.74
101352.75
101352.76
101352.76
101352.77
101352.78
101352.79
101352.79
101352.8
101352.8
101352.81
101352.81
101352.82
101352.82
101352.83
101352.84
101352.84
101352.9
101352.82
101353.55
101351.29
101361.96
101361.81
101361.6
101361.34
101361.03
101360.69
101360.33
101359.97
101359.6
101359.24
101358.87
101358.5
101358.12
101357.75
101357.38
101357.02
101356.67
101356.33
101356
101355.68
101355.38
101355.09
101354.83
101354.57
101354.34
101354.12
101353.91
101353.72
101353.55
101353.39
101353.24
101353.11
101352.98
101352.87
101352.77
101352.69
101352.61
101352.54
101352.48
101352.43
101352.39
101352.36
101352.33
101352.31
101352.3
101352.29
101352.29
101352.29
101352.3
101352.31
101352.32
101352.34
101352.35
101352.37
101352.39
101352.41
101352.44
101352.46
101352.48
101352.5
101352.52
101352.54
101352.56
101352.58
101352.6
101352.62
101352.63
101352.65
101352.66
101352.68
101352.69
101352.7
101352.71
101352.72
101352.73
101352.74
101352.75
101352.76
101352.77
101352.77
101352.78
101352.79
101352.79
101352.8
101352.8
101352.81
101352.81
101352.82
101352.82
101352.83
101352.84
101352.85
101352.9
101352.83
101353.54
101351.32
101361.66
101361.52
101361.33
101361.1
101360.82
101360.51
101360.18
101359.84
101359.49
101359.14
101358.79
101358.43
101358.07
101357.71
101357.35
101357
101356.65
101356.32
101356
101355.69
101355.39
101355.11
101354.84
101354.59
101354.36
101354.14
101353.93
101353.74
101353.57
101353.41
101353.26
101353.12
101353
101352.89
101352.79
101352.7
101352.62
101352.55
101352.49
101352.44
101352.4
101352.37
101352.34
101352.32
101352.31
101352.3
101352.3
101352.3
101352.31
101352.32
101352.33
101352.34
101352.36
101352.38
101352.4
101352.42
101352.44
101352.46
101352.48
101352.51
101352.53
101352.55
101352.57
101352.58
101352.6
101352.62
101352.64
101352.65
101352.66
101352.68
101352.69
101352.7
101352.71
101352.72
101352.73
101352.74
101352.75
101352.76
101352.77
101352.77
101352.78
101352.79
101352.79
101352.8
101352.8
101352.81
101352.81
101352.82
101352.82
101352.83
101352.84
101352.85
101352.9
101352.83
101353.52
101351.35
101361.36
101361.23
101361.07
101360.85
101360.6
101360.32
101360.02
101359.7
101359.37
101359.04
101358.7
101358.36
101358.01
101357.66
101357.32
101356.97
101356.64
101356.31
101355.99
101355.69
101355.4
101355.12
101354.85
101354.61
101354.37
101354.15
101353.95
101353.76
101353.59
101353.42
101353.28
101353.14
101353.02
101352.9
101352.8
101352.72
101352.64
101352.57
101352.51
101352.46
101352.41
101352.38
101352.35
101352.33
101352.32
101352.31
101352.31
101352.31
101352.31
101352.32
101352.34
101352.35
101352.37
101352.39
101352.41
101352.43
101352.45
101352.47
101352.49
101352.51
101352.53
101352.55
101352.57
101352.59
101352.61
101352.62
101352.64
101352.65
101352.67
101352.68
101352.69
101352.7
101352.72
101352.73
101352.74
101352.74
101352.75
101352.76
101352.77
101352.78
101352.78
101352.79
101352.79
101352.8
101352.81
101352.81
101352.81
101352.82
101352.82
101352.83
101352.84
101352.85
101352.9
101352.83
101353.51
101351.38
101361.07
101360.95
101360.8
101360.61
101360.38
101360.12
101359.85
101359.55
101359.24
101358.93
101358.6
101358.28
101357.94
101357.61
101357.27
101356.94
101356.62
101356.3
101355.99
101355.69
101355.4
101355.13
101354.87
101354.62
101354.39
101354.17
101353.97
101353.78
101353.6
101353.44
101353.29
101353.16
101353.03
101352.92
101352.82
101352.73
101352.65
101352.58
101352.52
101352.47
101352.43
101352.39
101352.36
101352.34
101352.33
101352.32
101352.32
101352.32
101352.32
101352.33
101352.34
101352.36
101352.37
101352.39
101352.41
101352.43
101352.45
101352.47
101352.49
101352.52
101352.54
101352.55
101352.57
101352.59
101352.61
101352.63
101352.64
101352.66
101352.67
101352.68
101352.7
101352.71
101352.72
101352.73
101352.74
101352.75
101352.76
101352.76
101352.77
101352.78
101352.78
101352.79
101352.8
101352.8
101352.81
101352.81
101352.82
101352.82
101352.83
101352.83
101352.84
101352.85
101352.9
101352.83
101353.49
101351.41
101360.78
101360.67
101360.53
101360.36
101360.16
101359.92
101359.67
101359.39
101359.11
101358.81
101358.5
101358.19
101357.87
101357.55
101357.23
101356.91
101356.59
101356.28
101355.98
101355.69
101355.4
101355.13
101354.88
101354.63
101354.4
101354.19
101353.99
101353.8
101353.62
101353.46
101353.31
101353.18
101353.05
101352.94
101352.84
101352.75
101352.67
101352.6
101352.54
101352.48
101352.44
101352.41
101352.38
101352.36
101352.34
101352.33
101352.33
101352.33
101352.33
101352.34
101352.35
101352.37
101352.38
101352.4
101352.42
101352.44
101352.46
101352.48
101352.5
101352.52
101352.54
101352.56
101352.58
101352.6
101352.61
101352.63
101352.65
101352.66
101352.67
101352.69
101352.7
101352.71
101352.72
101352.73
101352.74
101352.75
101352.76
101352.76
101352.77
101352.78
101352.79
101352.79
101352.8
101352.8
101352.81
101352.81
101352.82
101352.82
101352.83
101352.83
101352.84
101352.85
101352.91
101352.83
101353.47
101351.45
101360.49
101360.4
101360.27
101360.11
101359.93
101359.72
101359.48
101359.23
101358.96
101358.68
101358.39
101358.09
101357.79
101357.48
101357.17
101356.87
101356.56
101356.26
101355.96
101355.68
101355.4
101355.14
101354.88
101354.64
101354.42
101354.2
101354
101353.81
101353.64
101353.48
101353.33
101353.19
101353.07
101352.96
101352.85
101352.76
101352.68
101352.61
101352.55
101352.5
101352.45
101352.42
101352.39
101352.37
101352.35
101352.34
101352.34
101352.34
101352.34
101352.35
101352.36
101352.38
101352.39
101352.41
101352.43
101352.45
101352.47
101352.49
101352.51
101352.53
101352.55
101352.56
101352.58
101352.6
101352.62
101352.63
101352.65
101352.66
101352.68
101352.69
101352.7
101352.71
101352.72
101352.73
101352.74
101352.75
101352.76
101352.77
101352.77
101352.78
101352.79
101352.79
101352.8
101352.8
101352.81
101352.81
101352.82
101352.82
101352.83
101352.83
101352.84
101352.85
101352.91
101352.83
101353.44
101351.5
101360.21
101360.12
101360.01
101359.87
101359.7
101359.5
101359.29
101359.06
101358.81
101358.55
101358.27
101357.99
101357.7
101357.41
101357.12
101356.82
101356.52
101356.23
101355.95
101355.67
101355.4
101355.14
101354.89
101354.65
101354.43
101354.22
101354.02
101353.83
101353.66
101353.5
101353.35
101353.21
101353.09
101352.97
101352.87
101352.78
101352.7
101352.63
101352.57
101352.51
101352.47
101352.43
101352.4
101352.38
101352.37
101352.35
101352.35
101352.35
101352.35
101352.36
101352.37
101352.38
101352.4
101352.42
101352.43
101352.45
101352.47
101352.49
101352.51
101352.53
101352.55
101352.57
101352.59
101352.61
101352.62
101352.64
101352.65
101352.67
101352.68
101352.69
101352.7
101352.72
101352.73
101352.74
101352.74
101352.75
101352.76
101352.77
101352.78
101352.78
101352.79
101352.8
101352.8
101352.81
101352.81
101352.82
101352.82
101352.83
101352.83
101352.84
101352.84
101352.85
101352.91
101352.83
101353.42
101351.54
101359.93
101359.85
101359.74
101359.62
101359.46
101359.29
101359.09
101358.88
101358.65
101358.41
101358.15
101357.88
101357.61
101357.33
101357.05
101356.77
101356.48
101356.2
101355.92
101355.65
101355.39
101355.14
101354.89
101354.66
101354.44
101354.23
101354.03
101353.85
101353.67
101353.51
101353.36
101353.23
101353.1
101352.99
101352.89
101352.8
101352.72
101352.64
101352.58
101352.53
101352.48
101352.45
101352.42
101352.39
101352.38
101352.37
101352.36
101352.36
101352.36
101352.37
101352.38
101352.39
101352.41
101352.42
101352.44
101352.46
101352.48
101352.5
101352.52
101352.54
101352.56
101352.58
101352.59
101352.61
101352.63
101352.64
101352.66
101352.67
101352.68
101352.7
101352.71
101352.72
101352.73
101352.74
101352.75
101352.76
101352.76
101352.77
101352.78
101352.78
101352.79
101352.8
101352.8
101352.81
101352.81
101352.82
101352.82
101352.83
101352.83
101352.84
101352.85
101352.85
101352.91
101352.84
101353.4
101351.59
101359.65
101359.58
101359.48
101359.37
101359.23
101359.07
101358.89
101358.7
101358.48
101358.26
101358.02
101357.77
101357.51
101357.25
101356.98
101356.71
101356.43
101356.16
101355.9
101355.63
101355.38
101355.13
101354.89
101354.66
101354.44
101354.24
101354.04
101353.86
101353.69
101353.53
101353.38
101353.25
101353.12
101353.01
101352.91
101352.81
101352.73
101352.66
101352.6
101352.54
101352.5
101352.46
101352.43
101352.41
101352.39
101352.38
101352.37
101352.37
101352.38
101352.38
101352.39
101352.4
101352.42
101352.43
101352.45
101352.47
101352.49
101352.51
101352.53
101352.54
101352.56
101352.58
101352.6
101352.62
101352.63
101352.65
101352.66
101352.68
101352.69
101352.7
101352.71
101352.72
101352.73
101352.74
101352.75
101352.76
101352.77
101352.77
101352.78
101352.79
101352.79
101352.8
101352.8
101352.81
101352.81
101352.82
101352.82
101352.83
101352.83
101352.84
101352.85
101352.85
101352.91
101352.84
101353.38
101351.63
101359.37
101359.31
101359.22
101359.12
101358.99
101358.85
101358.69
101358.51
101358.31
101358.1
101357.88
101357.64
101357.4
101357.15
101356.9
101356.64
101356.38
101356.12
101355.86
101355.61
101355.36
101355.12
101354.89
101354.66
101354.45
101354.24
101354.05
101353.87
101353.7
101353.54
101353.4
101353.26
101353.14
101353.02
101352.92
101352.83
101352.75
101352.68
101352.61
101352.56
101352.51
101352.48
101352.45
101352.42
101352.41
101352.39
101352.39
101352.39
101352.39
101352.39
101352.4
101352.41
101352.43
101352.44
101352.46
101352.48
101352.5
101352.51
101352.53
101352.55
101352.57
101352.59
101352.6
101352.62
101352.64
101352.65
101352.67
101352.68
101352.69
101352.7
101352.72
101352.73
101352.74
101352.74
101352.75
101352.76
101352.77
101352.78
101352.78
101352.79
101352.79
101352.8
101352.81
101352.81
101352.82
101352.82
101352.82
101352.83
101352.83
101352.84
101352.85
101352.85
101352.91
101352.84
101353.35
101351.68
101359.1
101359.04
101358.96
101358.87
101358.75
101358.62
101358.47
101358.31
101358.13
101357.94
101357.73
101357.51
101357.29
101357.05
101356.81
101356.57
101356.32
101356.07
101355.82
101355.58
101355.34
101355.1
101354.88
101354.66
101354.45
101354.25
101354.06
101353.88
101353.71
101353.56
101353.41
101353.28
101353.15
101353.04
101352.94
101352.85
101352.77
101352.69
101352.63
101352.58
101352.53
101352.49
101352.46
101352.44
101352.42
101352.41
101352.4
101352.4
101352.4
101352.41
101352.41
101352.43
101352.44
101352.45
101352.47
101352.49
101352.5
101352.52
101352.54
101352.56
101352.58
101352.59
101352.61
101352.63
101352.64
101352.66
101352.67
101352.68
101352.7
101352.71
101352.72
101352.73
101352.74
101352.75
101352.76
101352.76
101352.77
101352.78
101352.79
101352.79
101352.8
101352.8
101352.81
101352.81
101352.82
101352.82
101352.83
101352.83
101352.83
101352.84
101352.85
101352.85
101352.91
101352.84
101353.33
101351.73
101358.83
101358.77
101358.7
101358.62
101358.51
101358.4
101358.26
101358.11
101357.95
101357.77
101357.58
101357.38
101357.16
101356.94
101356.72
101356.48
101356.25
101356.01
101355.78
101355.54
101355.31
101355.09
101354.87
101354.65
101354.45
101354.25
101354.07
101353.89
101353.72
101353.57
101353.43
101353.29
101353.17
101353.06
101352.96
101352.87
101352.78
101352.71
101352.65
101352.59
101352.55
101352.51
101352.48
101352.45
101352.44
101352.42
101352.42
101352.41
101352.41
101352.42
101352.43
101352.44
101352.45
101352.46
101352.48
101352.5
101352.51
101352.53
101352.55
101352.57
101352.58
101352.6
101352.62
101352.63
101352.65
101352.66
101352.68
101352.69
101352.7
101352.71
101352.72
101352.73
101352.74
101352.75
101352.76
101352.77
101352.77
101352.78
101352.79
101352.79
101352.8
101352.81
101352.81
101352.81
101352.82
101352.82
101352.83
101352.83
101352.84
101352.84
101352.85
101352.85
101352.91
101352.84
101353.31
101351.78
101358.56
101358.51
101358.45
101358.37
101358.27
101358.17
101358.04
101357.91
101357.76
101357.59
101357.42
101357.23
101357.03
101356.83
101356.61
101356.4
101356.17
101355.95
101355.72
101355.5
101355.28
101355.06
101354.85
101354.64
101354.44
101354.25
101354.07
101353.9
101353.73
101353.58
101353.44
101353.31
101353.19
101353.07
101352.97
101352.88
101352.8
101352.73
101352.67
101352.61
101352.56
101352.53
101352.49
101352.47
101352.45
101352.44
101352.43
101352.43
101352.43
101352.43
101352.44
101352.45
101352.46
101352.48
101352.49
101352.51
101352.52
101352.54
101352.56
101352.58
101352.59
101352.61
101352.62
101352.64
101352.65
101352.67
101352.68
101352.69
101352.71
101352.72
101352.73
101352.74
101352.75
101352.76
101352.76
101352.77
101352.78
101352.78
101352.79
101352.8
101352.8
101352.81
101352.81
101352.82
101352.82
101352.83
101352.83
101352.83
101352.84
101352.84
101352.85
101352.86
101352.91
101352.85
101353.28
101351.83
101358.29
101358.25
101358.19
101358.12
101358.03
101357.93
101357.82
101357.7
101357.56
101357.41
101357.25
101357.08
101356.9
101356.7
101356.51
101356.3
101356.09
101355.88
101355.67
101355.45
101355.24
101355.03
101354.82
101354.63
101354.43
101354.25
101354.07
101353.9
101353.74
101353.59
101353.45
101353.32
101353.2
101353.09
101352.99
101352.9
101352.82
101352.75
101352.68
101352.63
101352.58
101352.54
101352.51
101352.49
101352.47
101352.45
101352.45
101352.44
101352.44
101352.45
101352.45
101352.46
101352.47
101352.49
101352.5
101352.52
101352.53
101352.55
101352.57
101352.58
101352.6
101352.62
101352.63
101352.65
101352.66
101352.67
101352.69
101352.7
101352.71
101352.72
101352.73
101352.74
101352.75
101352.76
101352.77
101352.77
101352.78
101352.79
101352.79
101352.8
101352.8
101352.81
101352.81
101352.82
101352.82
101352.83
101352.83
101352.84
101352.84
101352.84
101352.85
101352.86
101352.91
101352.85
101353.26
101351.88
101358.03
101357.98
101357.93
101357.87
101357.79
101357.7
101357.6
101357.49
101357.36
101357.23
101357.08
101356.92
101356.75
101356.57
101356.39
101356.2
101356
101355.8
101355.6
101355.4
101355.19
101354.99
101354.8
101354.6
101354.42
101354.24
101354.06
101353.9
101353.74
101353.6
101353.46
101353.33
101353.21
101353.1
101353
101352.92
101352.83
101352.76
101352.7
101352.65
101352.6
101352.56
101352.53
101352.5
101352.48
101352.47
101352.46
101352.46
101352.46
101352.46
101352.47
101352.48
101352.49
101352.5
101352.51
101352.53
101352.54
101352.56
101352.58
101352.59
101352.61
101352.62
101352.64
101352.65
101352.67
101352.68
101352.69
101352.71
101352.72
101352.73
101352.74
101352.75
101352.75
101352.76
101352.77
101352.78
101352.78
101352.79
101352.8
101352.8
101352.81
101352.81
101352.82
101352.82
101352.83
101352.83
101352.83
101352.84
101352.84
101352.85
101352.85
101352.86
101352.91
101352.85
101353.23
101351.93
101357.76
101357.72
101357.67
101357.62
101357.55
101357.47
101357.38
101357.27
101357.16
101357.04
101356.9
101356.76
101356.6
101356.44
101356.27
101356.09
101355.9
101355.72
101355.53
101355.33
101355.14
101354.95
101354.76
101354.58
101354.4
101354.22
101354.06
101353.9
101353.74
101353.6
101353.47
101353.34
101353.22
101353.12
101353.02
101352.93
101352.85
101352.78
101352.72
101352.66
101352.62
101352.58
101352.55
101352.52
101352.5
101352.49
101352.48
101352.47
101352.47
101352.48
101352.48
101352.49
101352.5
101352.51
101352.53
101352.54
101352.56
101352.57
101352.59
101352.6
101352.62
101352.63
101352.65
101352.66
101352.68
101352.69
101352.7
101352.71
101352.72
101352.73
101352.74
101352.75
101352.76
101352.77
101352.77
101352.78
101352.79
101352.79
101352.8
101352.81
101352.81
101352.82
101352.82
101352.82
101352.83
101352.83
101352.84
101352.84
101352.84
101352.85
101352.86
101352.86
101352.91
101352.85
101353.21
101351.98
101357.5
101357.46
101357.42
101357.37
101357.3
101357.23
101357.15
101357.06
101356.95
101356.84
101356.72
101356.58
101356.44
101356.29
101356.13
101355.97
101355.8
101355.62
101355.44
101355.26
101355.08
101354.9
101354.72
101354.55
101354.37
101354.21
101354.04
101353.89
101353.74
101353.6
101353.47
101353.35
101353.23
101353.13
101353.03
101352.95
101352.87
101352.8
101352.74
101352.68
101352.64
101352.6
101352.57
101352.54
101352.52
101352.51
101352.5
101352.49
101352.49
101352.49
101352.5
101352.51
101352.52
101352.53
101352.54
101352.55
101352.57
101352.58
101352.6
101352.61
101352.63
101352.64
101352.66
101352.67
101352.68
101352.7
101352.71
101352.72
101352.73
101352.74
101352.75
101352.76
101352.76
101352.77
101352.78
101352.79
101352.79
101352.8
101352.8
101352.81
101352.81
101352.82
101352.82
101352.83
101352.83
101352.83
101352.84
101352.84
101352.85
101352.85
101352.86
101352.86
101352.91
101352.85
101353.19
101352.04
101357.24
101357.2
101357.16
101357.11
101357.06
101356.99
101356.92
101356.84
101356.74
101356.64
101356.53
101356.41
101356.28
101356.14
101356
101355.84
101355.69
101355.52
101355.36
101355.19
101355.02
101354.84
101354.67
101354.51
101354.34
101354.18
101354.03
101353.88
101353.74
101353.6
101353.47
101353.35
101353.24
101353.14
101353.05
101352.96
101352.88
101352.81
101352.75
101352.7
101352.65
101352.62
101352.58
101352.56
101352.54
101352.52
101352.51
101352.51
101352.51
101352.51
101352.51
101352.52
101352.53
101352.54
101352.55
101352.57
101352.58
101352.59
101352.61
101352.62
101352.64
101352.65
101352.67
101352.68
101352.69
101352.7
101352.71
101352.73
101352.74
101352.74
101352.75
101352.76
101352.77
101352.78
101352.78
101352.79
101352.8
101352.8
101352.81
101352.81
101352.82
101352.82
101352.83
101352.83
101352.83
101352.84
101352.84
101352.84
101352.85
101352.85
101352.86
101352.86
101352.91
101352.86
101353.16
101352.09
101356.97
101356.94
101356.91
101356.86
101356.81
101356.75
101356.69
101356.61
101356.53
101356.44
101356.34
101356.23
101356.11
101355.98
101355.85
101355.71
101355.56
101355.41
101355.26
101355.1
101354.94
101354.78
101354.62
101354.46
101354.31
101354.15
101354.01
101353.86
101353.73
101353.59
101353.47
101353.36
101353.25
101353.15
101353.06
101352.97
101352.9
101352.83
101352.77
101352.72
101352.67
101352.63
101352.6
101352.58
101352.56
101352.54
101352.53
101352.53
101352.53
101352.53
101352.53
101352.54
101352.55
101352.56
101352.57
101352.58
101352.59
101352.61
101352.62
101352.64
101352.65
101352.66
101352.68
101352.69
101352.7
101352.71
101352.72
101352.73
101352.74
101352.75
101352.76
101352.77
101352.78
101352.78
101352.79
101352.79
101352.8
101352.81
101352.81
101352.82
101352.82
101352.82
101352.83
101352.83
101352.84
101352.84
101352.84
101352.85
101352.85
101352.85
101352.86
101352.86
101352.9
101352.86
101353.14
101352.14
101356.71
101356.68
101356.65
101356.61
101356.57
101356.51
101356.45
101356.39
101356.31
101356.23
101356.14
101356.04
101355.93
101355.82
101355.7
101355.57
101355.44
101355.3
101355.15
101355.01
101354.86
101354.71
101354.56
101354.41
101354.26
101354.12
101353.98
101353.84
101353.71
101353.58
101353.47
101353.35
101353.25
101353.15
101353.06
101352.98
101352.91
101352.84
101352.79
101352.74
101352.69
101352.65
101352.62
101352.6
101352.58
101352.56
101352.55
101352.55
101352.54
101352.55
101352.55
101352.56
101352.56
101352.57
101352.58
101352.6
101352.61
101352.62
101352.63
101352.65
101352.66
101352.67
101352.69
101352.7
101352.71
101352.72
101352.73
101352.74
101352.75
101352.76
101352.77
101352.77
101352.78
101352.79
101352.79
101352.8
101352.81
101352.81
101352.82
101352.82
101352.82
101352.83
101352.83
101352.84
101352.84
101352.84
101352.85
101352.85
101352.85
101352.86
101352.86
101352.87
101352.9
101352.86
101353.12
101352.19
101356.45
101356.42
101356.4
101356.36
101356.32
101356.27
101356.22
101356.16
101356.09
101356.02
101355.93
101355.85
101355.75
101355.65
101355.54
101355.42
101355.3
101355.17
101355.04
101354.91
101354.77
101354.63
101354.49
101354.35
101354.21
101354.08
101353.94
101353.81
101353.69
101353.57
101353.46
101353.35
101353.25
101353.16
101353.07
101352.99
101352.92
101352.86
101352.8
101352.75
101352.71
101352.67
101352.64
101352.62
101352.6
101352.58
101352.57
101352.57
101352.56
101352.57
101352.57
101352.57
101352.58
101352.59
101352.6
101352.61
101352.62
101352.64
101352.65
101352.66
101352.67
101352.68
101352.7
101352.71
101352.72
101352.73
101352.74
101352.75
101352.76
101352.77
101352.77
101352.78
101352.79
101352.79
101352.8
101352.8
101352.81
101352.81
101352.82
101352.82
101352.83
101352.83
101352.84
101352.84
101352.84
101352.85
101352.85
101352.85
101352.85
101352.86
101352.86
101352.87
101352.9
101352.86
101353.1
101352.25
101356.19
101356.16
101356.14
101356.11
101356.07
101356.03
101355.98
101355.93
101355.87
101355.8
101355.73
101355.65
101355.56
101355.47
101355.37
101355.27
101355.15
101355.04
101354.92
101354.8
101354.67
101354.54
101354.41
101354.28
101354.16
101354.03
101353.9
101353.78
101353.66
101353.55
101353.44
101353.34
101353.25
101353.16
101353.08
101353
101352.93
101352.87
101352.82
101352.77
101352.73
101352.69
101352.66
101352.64
101352.62
101352.6
101352.59
101352.59
101352.59
101352.59
101352.59
101352.59
101352.6
101352.61
101352.62
101352.63
101352.64
101352.65
101352.66
101352.67
101352.69
101352.7
101352.71
101352.72
101352.73
101352.74
101352.75
101352.76
101352.77
101352.77
101352.78
101352.79
101352.79
101352.8
101352.8
101352.81
101352.82
101352.82
101352.82
101352.83
101352.83
101352.84
101352.84
101352.84
101352.85
101352.85
101352.85
101352.85
101352.86
101352.86
101352.87
101352.87
101352.9
101352.87
101353.08
101352.3
101355.92
101355.9
101355.88
101355.85
101355.82
101355.78
101355.74
101355.69
101355.64
101355.58
101355.51
101355.44
101355.37
101355.28
101355.2
101355.1
101355
101354.9
101354.79
101354.68
101354.56
101354.45
101354.33
101354.21
101354.09
101353.97
101353.86
101353.74
101353.63
101353.53
101353.43
101353.33
101353.24
101353.16
101353.08
101353.01
101352.94
101352.88
101352.83
101352.78
101352.75
101352.71
101352.68
101352.66
101352.64
101352.63
101352.62
101352.61
101352.61
101352.61
101352.61
101352.61
101352.62
101352.63
101352.64
101352.65
101352.66
101352.67
101352.68
101352.69
101352.7
101352.71
101352.72
101352.73
101352.74
101352.75
101352.76
101352.77
101352.77
101352.78
101352.79
101352.79
101352.8
101352.81
101352.81
101352.82
101352.82
101352.82
101352.83
101352.83
101352.84
101352.84
101352.84
101352.85
101352.85
101352.85
101352.85
101352.86
101352.86
101352.86
101352.87
101352.87
101352.9
101352.87
101353.06
101352.35
101355.66
101355.64
101355.62
101355.59
101355.57
101355.53
101355.5
101355.45
101355.41
101355.35
101355.3
101355.24
101355.17
101355.09
101355.02
101354.93
101354.84
101354.75
101354.65
101354.55
101354.45
101354.34
101354.24
101354.13
101354.02
101353.91
101353.8
101353.7
101353.6
101353.5
101353.4
101353.31
101353.23
101353.15
101353.08
101353.01
101352.95
101352.89
101352.84
101352.8
101352.76
101352.73
101352.7
101352.68
101352.66
101352.65
101352.64
101352.63
101352.63
101352.63
101352.63
101352.63
101352.64
101352.65
101352.66
101352.66
101352.67
101352.68
101352.69
101352.7
101352.71
101352.72
101352.73
101352.74
101352.75
101352.76
101352.77
101352.78
101352.78
101352.79
101352.8
101352.8
101352.81
101352.81
101352.82
101352.82
101352.83
101352.83
101352.83
101352.84
101352.84
101352.84
101352.85
101352.85
101352.85
101352.86
101352.86
101352.86
101352.86
101352.87
101352.87
101352.87
101352.9
101352.87
101353.04
101352.41
101355.39
101355.38
101355.36
101355.34
101355.31
101355.28
101355.25
101355.21
101355.17
101355.13
101355.08
101355.02
101354.96
101354.9
101354.83
101354.75
101354.68
101354.59
101354.51
101354.42
101354.33
101354.23
101354.13
101354.04
101353.94
101353.84
101353.74
101353.65
101353.55
101353.46
101353.38
101353.29
101353.22
101353.14
101353.07
101353.01
101352.95
101352.9
101352.86
101352.82
101352.78
101352.75
101352.72
101352.7
101352.68
101352.67
101352.66
101352.66
101352.65
101352.65
101352.65
101352.66
101352.66
101352.67
101352.68
101352.68
101352.69
101352.7
101352.71
101352.72
101352.73
101352.74
101352.75
101352.76
101352.76
101352.77
101352.78
101352.79
101352.79
101352.8
101352.8
101352.81
101352.82
101352.82
101352.82
101352.83
101352.83
101352.84
101352.84
101352.84
101352.85
101352.85
101352.85
101352.85
101352.86
101352.86
101352.86
101352.86
101352.87
101352.87
101352.87
101352.88
101352.9
101352.87
101353.02
101352.46
101355.12
101355.11
101355.09
101355.07
101355.05
101355.03
101355
101354.97
101354.93
101354.89
101354.85
101354.8
101354.75
101354.69
101354.63
101354.57
101354.5
101354.43
101354.35
101354.27
101354.19
101354.11
101354.02
101353.94
101353.85
101353.76
101353.67
101353.59
101353.5
101353.42
101353.34
101353.27
101353.2
101353.13
101353.07
101353.01
101352.96
101352.91
101352.87
101352.83
101352.8
101352.77
101352.74
101352.72
101352.71
101352.7
101352.69
101352.68
101352.68
101352.68
101352.68
101352.68
101352.69
101352.69
101352.7
101352.7
101352.71
101352.72
101352.73
101352.74
101352.75
101352.75
101352.76
101352.77
101352.78
101352.78
101352.79
101352.8
101352.8
101352.81
101352.81
101352.82
101352.82
101352.83
101352.83
101352.84
101352.84
101352.84
101352.85
101352.85
101352.85
101352.85
101352.86
101352.86
101352.86
101352.86
101352.86
101352.87
101352.87
101352.87
101352.88
101352.88
101352.9
101352.88
101353
101352.51
101354.85
101354.84
101354.82
101354.81
101354.79
101354.77
101354.74
101354.72
101354.69
101354.65
101354.61
101354.57
101354.53
101354.48
101354.43
101354.38
101354.32
101354.26
101354.19
101354.12
101354.05
101353.98
101353.9
101353.83
101353.75
101353.67
101353.6
101353.52
101353.45
101353.37
101353.3
101353.24
101353.17
101353.11
101353.06
101353
101352.96
101352.91
101352.88
101352.84
101352.81
101352.79
101352.76
101352.75
101352.73
101352.72
101352.71
101352.71
101352.7
101352.7
101352.7
101352.71
101352.71
101352.71
101352.72
101352.73
101352.73
101352.74
101352.75
101352.76
101352.76
101352.77
101352.78
101352.78
101352.79
101352.8
101352.8
101352.81
101352.81
101352.82
101352.82
101352.83
101352.83
101352.84
101352.84
101352.84
101352.85
101352.85
101352.85
101352.85
101352.86
101352.86
101352.86
101352.86
101352.87
101352.87
101352.87
101352.87
101352.87
101352.87
101352.88
101352.88
101352.9
101352.88
101352.99
101352.56
101354.57
101354.56
101354.55
101354.54
101354.52
101354.5
101354.48
101354.46
101354.43
101354.41
101354.38
101354.34
101354.3
101354.26
101354.22
101354.18
101354.13
101354.07
101354.02
101353.96
101353.9
101353.84
101353.77
101353.71
101353.64
101353.58
101353.51
101353.45
101353.38
101353.32
101353.26
101353.2
101353.14
101353.09
101353.04
101353
101352.96
101352.92
101352.88
101352.85
101352.83
101352.8
101352.78
101352.77
101352.76
101352.75
101352.74
101352.73
101352.73
101352.73
101352.73
101352.73
101352.73
101352.74
101352.74
101352.75
101352.76
101352.76
101352.77
101352.77
101352.78
101352.79
101352.79
101352.8
101352.8
101352.81
101352.82
101352.82
101352.82
101352.83
101352.83
101352.84
101352.84
101352.84
101352.85
101352.85
101352.85
101352.86
101352.86
101352.86
101352.86
101352.86
101352.87
101352.87
101352.87
101352.87
101352.87
101352.87
101352.88
101352.88
101352.88
101352.88
101352.9
101352.88
101352.97
101352.61
101354.29
101354.28
101354.27
101354.26
101354.25
101354.23
101354.21
101354.2
101354.18
101354.15
101354.13
101354.1
101354.07
101354.04
101354
101353.97
101353.93
101353.88
101353.84
101353.79
101353.74
101353.69
101353.64
101353.58
101353.53
101353.47
101353.42
101353.36
101353.31
101353.26
101353.21
101353.16
101353.11
101353.07
101353.02
101352.99
101352.95
101352.92
101352.89
101352.86
101352.84
101352.82
101352.8
101352.79
101352.78
101352.77
101352.76
101352.76
101352.76
101352.76
101352.76
101352.76
101352.76
101352.76
101352.77
101352.77
101352.78
101352.78
101352.79
101352.79
101352.8
101352.8
101352.81
101352.82
101352.82
101352.82
101352.83
101352.83
101352.84
101352.84
101352.84
101352.85
101352.85
101352.85
101352.86
101352.86
101352.86
101352.86
101352.86
101352.87
101352.87
101352.87
101352.87
101352.87
101352.87
101352.88
101352.88
101352.88
101352.88
101352.88
101352.88
101352.89
101352.9
101352.89
101352.96
101352.66
101354
101353.99
101353.98
101353.97
101353.96
101353.95
101353.94
101353.93
101353.91
101353.89
101353.87
101353.85
101353.83
101353.8
101353.78
101353.75
101353.72
101353.68
101353.65
101353.61
101353.57
101353.53
101353.49
101353.45
101353.4
101353.36
101353.32
101353.27
101353.23
101353.19
101353.15
101353.11
101353.07
101353.04
101353
101352.97
101352.94
101352.92
101352.89
101352.87
101352.85
101352.84
101352.83
101352.81
101352.81
101352.8
101352.79
101352.79
101352.79
101352.79
101352.79
101352.79
101352.79
101352.79
101352.8
101352.8
101352.8
101352.81
101352.81
101352.82
101352.82
101352.82
101352.83
101352.83
101352.84
101352.84
101352.84
101352.85
101352.85
101352.85
101352.86
101352.86
101352.86
101352.86
101352.86
101352.87
101352.87
101352.87
101352.87
101352.87
101352.87
101352.88
101352.88
101352.88
101352.88
101352.88
101352.88
101352.88
101352.88
101352.89
101352.89
101352.89
101352.9
101352.89
101352.94
101352.71
101353.7
101353.69
101353.69
101353.68
101353.67
101353.67
101353.66
101353.65
101353.64
101353.62
101353.61
101353.59
101353.58
101353.56
101353.54
101353.52
101353.5
101353.47
101353.45
101353.42
101353.39
101353.36
101353.33
101353.3
101353.27
101353.24
101353.21
101353.18
101353.14
101353.11
101353.08
101353.06
101353.03
101353
101352.98
101352.95
101352.93
101352.91
101352.9
101352.88
101352.87
101352.86
101352.85
101352.84
101352.83
101352.83
101352.82
101352.82
101352.82
101352.82
101352.82
101352.82
101352.82
101352.82
101352.82
101352.83
101352.83
101352.83
101352.83
101352.84
101352.84
101352.84
101352.85
101352.85
101352.85
101352.86
101352.86
101352.86
101352.86
101352.87
101352.87
101352.87
101352.87
101352.87
101352.87
101352.88
101352.88
101352.88
101352.88
101352.88
101352.88
101352.88
101352.88
101352.88
101352.89
101352.89
101352.89
101352.89
101352.89
101352.89
101352.89
101352.89
101352.9
101352.89
101352.93
101352.77
101353.39
101353.39
101353.38
101353.38
101353.37
101353.37
101353.36
101353.36
101353.35
101353.34
101353.33
101353.33
101353.32
101353.3
101353.29
101353.28
101353.27
101353.25
101353.24
101353.22
101353.2
101353.19
101353.17
101353.15
101353.13
101353.11
101353.09
101353.07
101353.05
101353.03
101353.01
101353
101352.98
101352.96
101352.95
101352.93
101352.92
101352.91
101352.9
101352.89
101352.88
101352.87
101352.87
101352.86
101352.86
101352.85
101352.85
101352.85
101352.85
101352.85
101352.85
101352.85
101352.85
101352.85
101352.85
101352.85
101352.86
101352.86
101352.86
101352.86
101352.86
101352.87
101352.87
101352.87
101352.87
101352.87
101352.87
101352.88
101352.88
101352.88
101352.88
101352.88
101352.88
101352.88
101352.88
101352.88
101352.89
101352.89
101352.89
101352.89
101352.89
101352.89
101352.89
101352.89
101352.89
101352.89
101352.89
101352.89
101352.89
101352.89
101352.89
101352.9
101352.9
101352.89
101352.92
101352.82
101353.07
101353.06
101353.06
101353.06
101353.06
101353.06
101353.06
101353.05
101353.05
101353.05
101353.05
101353.04
101353.04
101353.04
101353.03
101353.03
101353.02
101353.02
101353.01
101353.01
101353
101353
101352.99
101352.98
101352.98
101352.97
101352.96
101352.96
101352.95
101352.95
101352.94
101352.93
101352.93
101352.92
101352.92
101352.91
101352.91
101352.9
101352.9
101352.9
101352.89
101352.89
101352.89
101352.89
101352.89
101352.88
101352.88
101352.88
101352.88
101352.88
101352.88
101352.88
101352.88
101352.88
101352.88
101352.88
101352.89
101352.89
101352.89
101352.89
101352.89
101352.89
101352.89
101352.89
101352.89
101352.89
101352.89
101352.89
101352.89
101352.89
101352.89
101352.89
101352.89
101352.89
101352.89
101352.89
101352.9
101352.9
101352.9
101352.9
101352.9
101352.9
101352.9
101352.9
101352.9
101352.9
101352.9
101352.9
101352.9
101352.9
101352.9
101352.9
101352.9
101352.9
101352.91
101352.87
)
;

boundaryField
{
    inlet
    {
        type            zeroGradient;
    }
    outlet
    {
        type            fixedValue;
        value           uniform 101352.9;
    }
    top
    {
        type            fixedValue;
        value           uniform 101352.9;
    }
    upstreamWall
    {
        type            symmetryPlane;
    }
    plate
    {
        type            zeroGradient;
    }
    frontAndBack
    {
        type            empty;
    }
}


// ************************************************************************* //
