/*--------------------------------*- C++ -*----------------------------------*\
| =========                 |                                                 |
| \\      /  F ield         | OpenFOAM: The Open Source CFD Toolbox           |
|  \\    /   O peration     | Version:  2512                                  |
|   \\  /    A nd           | Website:  www.openfoam.com                      |
|    \\/     M anipulation  |                                                 |
\*---------------------------------------------------------------------------*/
FoamFile
{
    version     2.0;
    format      ascii;
    arch        "LSB;label=32;scalar=64";
    class       volVectorField;
    location    "0.199986";
    object      wallShearStress;
}
// * * * * * * * * * * * * * * * * * * * * * * * * * * * * * * * * * * * * * //

dimensions      [1 -1 -2 0 0 0 0];

internalField   uniform (0 0 0);

boundaryField
{
    inlet
    {
        type            calculated;
        value           uniform (0 0 0);
    }
    outlet
    {
        type            calculated;
        value           uniform (0 0 0);
    }
    top
    {
        type            calculated;
        value           uniform (0 0 0);
    }
    upstreamWall
    {
        type            symmetryPlane;
    }
    plate
    {
        type            calculated;
        value           nonuniform List<vector> 
96
(
(-10.941089 -0.0613609 0)
(-15.751748 -0.14487372 0)
(-15.993203 -0.16043858 0)
(-13.994869 -0.10640289 0)
(-12.289402 -0.042890775 0)
(-11.398764 0.00093371738 0)
(-11.360293 0.017699477 0)
(-11.530109 0.015799659 0)
(-11.72189 0.0092011102 0)
(-11.743304 0.0027557375 0)
(-11.659924 -0.00096613722 0)
(-11.516375 -0.0024994806 0)
(-11.346536 -0.0030215048 0)
(-11.168688 -0.0032114824 0)
(-10.985669 -0.0032704799 0)
(-10.800457 -0.0032055843 0)
(-10.620123 -0.0030316248 0)
(-10.446504 -0.0028228031 0)
(-10.27919 -0.0026207101 0)
(-10.118606 -0.0024248929 0)
(-9.9650472 -0.0022375633 0)
(-9.8182595 -0.0020492483 0)
(-9.6798007 -0.0018639237 0)
(-9.5485197 -0.0017030474 0)
(-9.4229209 -0.00156639 0)
(-9.3024175 -0.001445696 0)
(-9.1867544 -0.0013320968 0)
(-9.076184 -0.0012219476 0)
(-8.9708559 -0.001122764 0)
(-8.8695502 -0.0010371549 0)
(-8.7719137 -0.00096185369 0)
(-8.6774758 -0.00089093001 0)
(-8.5867685 -0.00082381556 0)
(-8.4992381 -0.00076342336 0)
(-8.4146695 -0.00070963769 0)
(-8.3325495 -0.00066101085 0)
(-8.2529776 -0.00061463971 0)
(-8.1759858 -0.00057228492 0)
(-8.1010936 -0.0005342338 0)
(-8.028235 -0.00049893101 0)
(-7.9573651 -0.00046576301 0)
(-7.8884496 -0.00043563821 0)
(-7.8211117 -0.00040836471 0)
(-7.7553554 -0.00038250645 0)
(-7.6912367 -0.00035823019 0)
(-7.6286008 -0.00033618436 0)
(-7.567248 -0.00031577144 0)
(-7.5072432 -0.0002964073 0)
(-7.448534 -0.00027852406 0)
(-7.3909688 -0.00026202731 0)
(-7.3345216 -0.00024654393 0)
(-7.2791633 -0.00023212145 0)
(-7.2247944 -0.00021862011 0)
(-7.171448 -0.00020602211 0)
(-7.1189752 -0.00019432888 0)
(-7.067407 -0.00018319156 0)
(-7.0167345 -0.00017290467 0)
(-6.9668078 -0.00016329035 0)
(-6.9176886 -0.00015413333 0)
(-6.869353 -0.00014560759 0)
(-6.8216953 -0.00013762801 0)
(-6.7747669 -0.00013009154 0)
(-6.7284782 -0.00012299116 0)
(-6.6828859 -0.00011634986 0)
(-6.6378518 -0.00011003677 0)
(-6.5935229 -0.00010410902 0)
(-6.5496965 -9.8565798e-05 0)
(-6.5064972 -9.3300077e-05 0)
(-6.4638055 -8.8352314e-05 0)
(-6.4216887 -8.3696711e-05 0)
(-6.3800286 -7.9274656e-05 0)
(-6.3389552 -7.5114574e-05 0)
(-6.2982743 -7.1180268e-05 0)
(-6.2581802 -6.7466523e-05 0)
(-6.2184296 -6.3954118e-05 0)
(-6.1792609 -6.064712e-05 0)
(-6.1403811 -5.7500768e-05 0)
(-6.1021 -5.4541574e-05 0)
(-6.0640476 -5.1727552e-05 0)
(-6.026615 -4.9078173e-05 0)
(-5.9893461 -4.6559758e-05 0)
(-5.9527258 -4.4187956e-05 0)
(-5.9161961 -4.1925505e-05 0)
(-5.8803644 -3.9796811e-05 0)
(-5.8445433 -3.7770353e-05 0)
(-5.8094631 -3.5859782e-05 0)
(-5.7743187 -3.40377e-05 0)
(-5.7399695 -3.2332125e-05 0)
(-5.7054473 -3.0690708e-05 0)
(-5.6718178 -2.9178721e-05 0)
(-5.6378424 -2.7692767e-05 0)
(-5.6049184 -2.6309681e-05 0)
(-5.5716019 -2.5519953e-05 0)
(-5.5375993 -2.2441757e-05 0)
(-5.5112074 -2.6682214e-05 0)
(-5.4582745 -1.8714227e-05 0)
)
;
    }
    frontAndBack
    {
        type            empty;
    }
}


// ************************************************************************* //
