/*--------------------------------*- C++ -*----------------------------------*\
| =========                 |                                                 |
| \\      /  F ield         | OpenFOAM: The Open Source CFD Toolbox           |
|  \\    /   O peration     | Version:  2512                                  |
|   \\  /    A nd           | Website:  www.openfoam.com                      |
|    \\/     M anipulation  |                                                 |
\*---------------------------------------------------------------------------*/
FoamFile
{
    version     2.0;
    format      ascii;
    arch        "LSB;label=32;scalar=64";
    class       volScalarField;
    location    "0.399984";
    object      omega;
}
// * * * * * * * * * * * * * * * * * * * * * * * * * * * * * * * * * * * * * //

dimensions      [0 0 -1 0 0 0 0];

internalField   nonuniform List<scalar> 
8800
(
908.64801
789.36271
722.59935
675.42853
648.24881
625.68432
613.25695
601.44227
595.54156
588.92095
586.30953
582.03441
582.61514
1191.8687
908.64436
789.37014
722.59092
675.43958
648.23637
625.70027
613.23607
601.4738
595.49156
588.9999
586.2432
582.16224
582.36258
632.64476
908.63648
789.38612
722.57282
675.46319
648.21006
625.73345
613.19398
601.53464
595.3997
589.15516
585.93874
582.93464
580.65463
585.19923
908.62381
789.41174
722.54398
675.50055
648.16916
625.78355
613.13392
601.6144
595.29565
589.29534
585.75003
583.17038
580.59305
580.25812
908.6058
789.44796
722.5036
675.55231
648.11391
625.84845
613.06231
601.69835
595.21044
589.35558
585.80626
582.80776
581.3511
579.29515
908.58198
789.49551
722.45127
675.61848
648.04559
625.92453
612.98698
601.7739
595.15388
589.3716
585.86809
582.68796
581.37769
579.26255
908.55199
789.55479
722.38711
675.69823
647.96648
626.00745
612.91486
601.83434
595.12076
589.38862
585.82635
582.87071
581.02866
579.83902
908.51562
789.62575
722.31194
675.7899
647.87955
626.09313
612.85002
601.87908
595.1066
589.39422
585.8139
582.88557
581.08938
579.69066
908.4729
789.70777
722.22728
675.89095
647.78813
626.17867
612.7925
601.91382
595.10306
589.38424
585.84935
582.81443
581.1808
579.61524
908.42412
789.79962
722.13547
675.99811
647.69562
626.26265
612.73874
601.94929
595.09313
589.38572
585.86673
582.79621
581.18403
579.61583
908.36985
789.89932
722.03959
676.10748
647.60539
626.34448
612.68434
601.99544
595.06207
589.42093
585.83615
582.83861
581.14199
579.64623
908.31102
790.00427
721.94332
676.2147
647.52091
626.42297
612.628
602.05372
595.0115
589.48174
585.78033
582.89835
581.09332
579.68077
908.24884
790.11126
721.85072
676.31521
647.44598
626.49501
612.57417
602.11433
594.95985
589.53945
585.7368
582.93877
581.06263
579.69962
908.18481
790.21678
721.76584
676.40464
647.38457
626.55551
612.53164
602.16222
594.92753
589.57216
585.72268
582.95185
581.05283
579.701
908.12053
790.3173
721.69223
676.47935
647.3401
626.59937
612.5084
602.18732
594.92239
589.57826
585.73188
582.94792
581.05481
579.69336
908.05761
790.40972
721.63234
676.53725
647.31409
626.62435
612.50639
602.19057
594.93753
589.5696
585.75069
582.93879
581.05925
579.68345
907.99744
790.49189
721.58694
676.57855
647.30497
626.63303
612.51999
602.1817
594.95999
589.55899
585.76877
582.93164
581.06094
579.67457
907.94098
790.56301
721.55475
676.60611
647.3078
626.63231
612.53931
602.17212
594.97926
589.55349
585.7819
582.92856
581.05839
579.66671
907.88862
790.62394
721.53242
676.62509
647.31547
626.6306
612.55517
602.16921
594.99083
589.55497
585.78928
582.92981
581.05146
579.65898
907.84002
790.67718
721.51498
676.64191
647.32072
626.63453
612.56269
602.17473
594.995
589.5621
585.79209
582.93412
581.04105
579.64952
907.79421
790.7265
721.4968
676.66276
647.31813
626.64726
612.56145
602.18681
594.99427
589.57235
585.79258
582.93959
581.02889
579.63626
907.7498
790.77622
721.47272
676.69233
647.30486
626.66916
612.55297
602.20313
594.99076
589.58378
585.79215
582.94494
581.016
579.6181
907.7053
790.8302
721.43915
676.73316
647.28014
626.69972
612.53801
602.22334
594.98431
589.59678
585.79024
582.95074
581.00217
579.59585
907.65962
790.89081
721.39484
676.78544
647.24465
626.73861
612.51601
602.24885
594.97311
589.6132
585.78507
582.95848
580.98636
579.5718
907.61258
790.95808
721.34131
676.84686
647.20053
626.7847
612.48706
602.28013
594.95642
589.63382
585.77601
582.96878
580.96836
579.54807
907.56521
791.02919
721.28288
676.91254
647.15219
626.83422
612.45443
602.31414
594.93697
589.65611
585.76508
582.97987
580.94975
579.52538
907.51987
791.09868
721.22606
676.97525
647.1064
626.88052
612.42423
602.34518
594.91956
589.67598
585.75554
582.98915
580.93268
579.50347
907.47996
791.15941
721.17825
677.02693
647.07042
626.91657
612.40227
602.36821
594.9079
589.69034
585.74943
582.99488
580.91839
579.48221
907.44923
791.20421
721.14583
677.061
647.04934
626.93796
612.39138
602.38097
594.90322
589.69812
585.74725
582.99655
580.90711
579.46161
907.43087
791.22783
721.13229
677.0744
647.04437
626.94402
612.39106
602.38393
594.90452
589.69988
585.74807
582.99459
580.89824
579.44187
907.42661
791.22832
721.13746
677.06799
647.05329
626.93689
612.3989
602.37882
594.91013
589.69669
585.75094
582.98959
580.89118
579.42305
907.43624
791.20745
721.15816
677.04543
647.07237
626.91971
612.41222
602.36768
594.91832
589.68975
585.75476
582.98225
580.88524
579.4052
907.45761
791.16996
721.18953
677.01175
647.09746
626.89598
612.42837
602.35261
594.92763
589.68028
585.75877
582.97328
580.87997
579.38838
907.48706
791.12234
721.22636
676.97219
647.12499
626.86893
612.4454
602.33548
594.93706
589.66932
585.76249
582.96338
580.87516
579.37268
907.5202
791.07149
721.26389
676.93166
647.15197
626.8416
612.46167
602.31814
594.94577
589.6581
585.76558
582.95339
580.87062
579.35842
907.55254
791.02384
721.298
676.89463
647.17585
626.8168
612.4758
602.30233
594.95312
589.64777
585.76787
582.94409
580.86633
579.34588
907.58011
790.98476
721.3252
676.86501
647.19435
626.79711
612.4865
602.28982
594.95848
589.63948
585.76915
582.93632
580.86227
579.33547
907.60005
790.958
721.34305
676.84555
647.20589
626.78445
612.49287
602.28182
594.96146
589.63406
585.76932
582.93064
580.85841
579.32743
907.61097
790.94504
721.35071
676.83728
647.20992
626.77952
612.49468
602.27881
594.96201
589.63182
585.76844
582.92733
580.85479
579.32182
907.61336
790.94462
721.34936
676.8389
647.20759
626.78128
612.49275
602.28011
594.96064
589.63241
585.76683
582.92612
580.85153
579.31836
907.6095
790.95283
721.34217
676.84692
647.20142
626.78726
612.48868
602.28411
594.95829
589.63476
585.76498
582.92637
580.84878
579.3165
907.60281
790.96421
721.33338
676.85671
647.19472
626.7942
612.4846
602.28871
594.95613
589.63759
585.76349
582.92722
580.84674
579.31556
907.59675
790.97352
721.32685
676.86405
647.1902
626.79927
612.48209
602.29211
594.955
589.63973
585.76271
582.92788
580.84544
579.31491
907.5935
790.97782
721.32447
676.86692
647.18901
626.80116
612.48174
602.2935
594.95514
589.64066
585.76268
582.92795
580.84477
579.31416
907.59328
790.97736
721.32569
676.86594
647.19038
626.80045
612.48296
602.29323
594.95614
589.64057
585.76314
582.92751
580.8445
579.3133
907.59465
790.97471
721.32835
676.86346
647.19259
626.79882
612.4846
602.29242
594.95732
589.64018
585.76371
582.92699
580.84442
579.31255
907.59573
790.9729
721.33013
676.86199
647.19394
626.79799
612.48562
602.29215
594.95813
589.64014
585.76414
582.9268
580.84441
579.31217
907.59542
790.97341
721.33009
676.86253
647.19387
626.79859
612.48574
602.29281
594.95845
589.64073
585.76439
582.92712
580.84448
579.31227
907.59403
790.97558
721.32883
676.86441
647.19295
626.8001
612.48541
602.29408
594.95859
589.64175
585.76467
582.92783
580.84474
579.31276
907.59265
790.97762
721.32762
676.86617
647.19219
626.8015
612.48526
602.29528
594.95889
589.64278
585.76512
582.92865
580.84522
579.31345
907.59225
790.97816
721.32738
676.86677
647.19221
626.80212
612.48562
602.29602
594.95952
589.64357
585.76582
582.9294
580.84591
579.31417
907.59294
790.97715
721.32808
676.86626
647.1929
626.80202
612.48642
602.29634
594.96041
589.64415
585.76671
582.93009
580.84676
579.31492
907.5942
790.97541
721.32916
676.86528
647.19384
626.80168
612.48735
602.29656
594.9614
589.64471
585.7677
582.93083
580.84774
579.31576
907.59535
790.9739
721.3301
676.86448
647.19465
626.80153
612.48823
602.29695
594.9624
589.64544
585.76876
582.93175
580.84885
579.31678
907.59609
790.97297
721.33071
676.86409
647.19528
626.8017
612.48904
602.29759
594.96342
589.64639
585.76992
582.93286
580.85008
579.31801
907.59646
790.97256
721.33107
676.86405
647.19578
626.80212
612.48984
602.29843
594.9645
589.64752
585.77118
582.93417
580.85147
579.31941
907.5966
790.97244
721.33129
676.86423
647.19626
626.8027
612.49068
602.29942
594.96567
589.64879
585.77257
582.93562
580.85298
579.32097
907.59663
790.97245
721.33146
676.8645
647.19675
626.80338
612.49159
602.30051
594.96694
589.65019
585.77407
582.93721
580.85463
579.32267
907.59664
790.9725
721.33163
676.86482
647.19729
626.80413
612.49258
602.3017
594.9683
589.65169
585.77569
582.93891
580.8564
579.32449
907.59664
790.97256
721.33181
676.86519
647.19788
626.80495
612.49365
602.30298
594.96977
589.6533
585.77742
582.94073
580.85829
579.32643
907.59665
790.97261
721.33202
676.86559
647.19851
626.80585
612.49479
602.30436
594.97133
589.65502
585.77926
582.94266
580.86029
579.32848
907.59666
790.97266
721.33226
676.86603
647.1992
626.80683
612.49603
602.30583
594.973
589.65685
585.78121
582.94471
580.86241
579.33065
907.59668
790.97272
721.33251
676.86651
647.19996
626.80788
612.49735
602.30741
594.97477
589.65879
585.78327
582.94686
580.86463
579.33292
907.59669
790.97279
721.33278
676.86704
647.20079
626.80902
612.49878
602.30909
594.97666
589.66084
585.78545
582.94913
580.86697
579.33531
907.5967
790.97287
721.33308
676.86763
647.20168
626.81025
612.50031
602.31088
594.97866
589.663
585.78774
582.95151
580.86942
579.33782
907.59672
790.97296
721.3334
676.86826
647.20266
626.81157
612.50194
602.31278
594.98077
589.66528
585.79014
582.95401
580.87199
579.34043
907.59672
790.97306
721.33377
676.86896
647.20372
626.813
612.50368
602.31479
594.98299
589.66767
585.79265
582.95662
580.87466
579.34316
907.59673
790.97318
721.33416
676.86971
647.20487
626.81452
612.50553
602.31692
594.98533
589.67018
585.79528
582.95934
580.87745
579.346
907.59674
790.97332
721.3346
676.87054
647.2061
626.81615
612.5075
602.31916
594.98779
589.67281
585.79803
582.96218
580.88036
579.34895
907.59674
790.97348
721.33508
676.87143
647.20743
626.81788
612.50958
602.32153
594.99037
589.67555
585.8009
582.96513
580.88338
579.35202
907.59674
790.97366
721.3356
676.8724
647.20886
626.81973
612.51179
602.32401
594.99308
589.67842
585.80388
582.96821
580.88651
579.3552
907.59673
790.97385
721.33617
676.87344
647.21039
626.82169
612.51411
602.32662
594.9959
589.6814
585.80699
582.9714
580.88977
579.3585
907.59673
790.97407
721.33679
676.87456
647.21202
626.82376
612.51656
602.32935
594.99886
589.68452
585.81022
582.97471
580.89315
579.36192
907.59674
790.9743
721.33746
676.87577
647.21376
626.82596
612.51914
602.33222
595.00194
589.68776
585.81358
582.97816
580.89665
579.36547
907.59674
790.97455
721.33819
676.87707
647.2156
626.82829
612.52185
602.33522
595.00516
589.69114
585.81707
582.98174
580.90029
579.36916
907.59675
790.97482
721.33897
676.87845
647.21757
626.83074
612.52469
602.33836
595.00852
589.69466
585.82071
582.98546
580.90407
579.37298
907.59675
790.97511
721.33981
676.87993
647.21965
626.83333
612.52768
602.34165
595.01204
589.69833
585.8245
582.98933
580.90801
579.37696
907.59676
790.97542
721.34071
676.8815
647.22185
626.83607
612.53083
602.34511
595.01571
589.70217
585.82846
582.99337
580.91211
579.38111
907.59677
790.97576
721.34167
676.88317
647.22419
626.83895
612.53413
602.34873
595.01957
589.7062
585.8326
582.9976
580.9164
579.38545
907.59678
790.97611
721.34268
676.88492
647.22661
626.84193
612.53755
602.35246
595.02353
589.71033
585.83685
583.00194
580.9208
579.38989
145139.09
235901.17
272934.02
268559.66
255172.16
244585.89
243959.51
245676.74
248433.11
249106.39
248692.8
247532.99
245986.49
244338.36
242616.07
240845.82
239110.36
237421.28
235775.78
234184.27
232652.17
231175.24
229776.04
228438.92
227148.19
225900.93
224695.96
223537.49
222428.67
221353.86
220311.8
219297.4
218319.36
217369.98
216447.95
215547.49
214671.06
213819.59
212986.81
212173.14
211378.3
210602.34
209840.47
209093.6
208362.69
207645.83
206940.76
206248.81
205569.38
204900.65
204242.68
203595.18
202957.07
202328.94
201709
201097.8
200495.43
199899.87
199312.31
198732.33
198158.74
197592.29
197031.93
196478.43
195930.11
195388.93
194852.32
194321.96
193796.43
193276.53
192760.94
192251.24
191745.08
191244.96
190747.8
190256.72
189767.96
189285.6
188804.83
188330.82
187857.61
187391.64
186925.54
186467.43
186008.16
185557.54
185104.8
184661.5
184214.7
183778.69
183336.93
182908.22
182472.87
182028.72
181680.39
180988.16
17815.157
69226.494
115374.08
139015.86
155005.45
163142.39
161774.89
155060.49
143718.54
133606.21
125800.05
119537.95
114700.28
110922.44
107889.19
105406.55
103315.22
101473.78
99830.634
98352.555
97017.774
95800.3
94682.635
93639.396
92662.733
91750.842
90898.942
90100.708
89348.127
88635.172
87960.076
87320.369
86713.625
86135.488
85582.983
85054.726
84549.497
84065.043
83599.346
83151.137
82719.411
82302.805
81900.04
81510.331
81132.727
80766.316
80410.402
80064.43
79727.656
79399.484
79079.482
78767.097
78461.847
78163.364
77871.225
77585.064
77304.613
77029.47
76759.412
76494.164
76233.484
75977.147
75724.921
75476.666
75232.113
74991.247
74753.782
74519.643
74288.64
74060.684
73835.566
73613.32
73393.668
73176.728
72962.145
72750.135
72540.228
72332.828
72127.296
71924.223
71722.777
71523.766
71326.137
71130.979
70936.941
70745.438
70554.757
70366.755
70179.201
69994.517
69809.819
69627.978
69447.741
69257.113
69115.779
68823.889
1626.3255
7816.4548
23777.092
41171.552
55895.188
68280.879
78005.256
84072.035
85014.798
83184.505
78014.162
73209.305
69501.028
66714.439
64325.46
62300.757
60599.235
59150.648
57904.687
56816.777
55848.488
54977.402
54186.749
53452.23
52770.19
52138.366
51552.519
51007.508
50495.228
50010.24
49552.384
49120.608
48714.059
48327.599
47958.862
47607.537
47273.639
46954.937
46649.356
46356.298
46075.623
45805.851
45545.775
45295.335
45053.878
44820.377
44594.364
44375.747
44163.69
43957.713
43757.696
43563.127
43373.635
43189.002
43008.845
42832.995
42661.154
42493.031
42328.562
42167.43
42009.48
41854.581
41702.528
41553.22
41406.475
41262.251
41120.332
40980.698
40843.18
40707.717
40574.184
40442.551
40312.668
40184.567
40058.046
39933.195
39809.762
39687.921
39567.353
39448.316
39330.403
39213.976
39098.529
38984.554
38871.412
38759.742
38648.743
38539.265
38430.259
38322.83
38215.691
38109.936
38005.737
37894.962
37812.756
37644.14
658.44159
1199.6585
3068.1827
6805.7772
12932.533
18659.096
26293.188
34145.135
42112.601
48546.005
52084.514
52919.902
52019.464
49840.545
47731.017
46052.147
44603.172
43250.479
42075.534
41042.354
40107.018
39270.54
38509.701
37821.976
37197.096
36623.771
36095.234
35605.937
35148.023
34718.304
34316.133
33939.621
33587.243
33253.599
32937.111
32637.72
32355.208
32086.961
31831.058
31587.064
31355.055
31133.201
30920.394
30716.771
30521.658
30333.935
30153.205
29979.489
29811.793
29649.705
29493.201
29341.688
29194.832
29052.455
28914.152
28779.799
28649.071
28521.7
28397.661
28276.595
28158.383
28042.898
27929.939
27819.407
27711.144
27605.078
27501.022
27398.957
27298.718
27200.247
27103.449
27008.251
26914.563
26822.357
26731.508
26642.028
26553.775
26466.79
26380.92
26296.239
26212.558
26130.004
26048.343
25967.764
25887.977
25809.236
25731.18
25654.166
25577.718
25502.294
25427.386
25353.188
25280.709
25203.042
25145.718
25028.307
587.5614
649.54169
855.15683
1429.8324
2743.4097
4143.7232
6062.9101
8538.3155
12210.5
17394.96
23486.996
30087.679
35306.085
37809.772
38010.783
37486.358
36364.84
35216.556
34274.5
33329.268
32408.578
31585.705
30814.055
30100.355
29455.718
28862.628
28316.711
27812.233
27345.187
26915.49
26517.117
26146.515
25800.558
25475.258
25169.944
24883.384
24614.568
24360.594
24119.944
23892.157
23676.964
23472.248
23277.094
23091.61
22914.926
22745.882
22584.115
22429.606
22281.188
22138.536
22001.62
21869.728
21742.555
21619.93
21501.39
21386.824
21275.881
21168.282
21064.012
20962.671
20864.157
20768.325
20674.965
20583.984
20495.208
20408.56
20323.848
20241.052
20160.001
20080.637
20002.869
19926.606
19851.777
19778.324
19706.155
19635.241
19565.487
19496.876
19429.323
19362.818
19297.269
19232.695
19168.982
19106.182
19044.161
18982.997
18922.529
18862.884
18803.855
18745.591
18687.96
18630.711
18575.265
18515.415
18471.549
18381.583
579.49982
586.9053
617.61795
712.69408
960.12883
1213.7362
1728.3245
2339.4138
3204.6148
4429.834
6373.8047
9191.9814
14106.432
19847.721
25073.016
28310.735
29591.983
29546.027
29141.756
28460.513
27734.855
27095.935
26397.152
25705.235
25064.024
24449.22
23878.585
23347.028
22850.475
22394.377
21972.006
21580.505
21215.187
20876.773
20563.496
20271.382
19998.306
19741.795
19500.875
19274.686
19061.916
18860.642
18670.133
18490.224
18319.737
18157.558
18003.331
17856.855
17716.835
17583.041
17455.35
17332.929
17215.51
17102.894
16994.551
16890.367
16789.961
16693.035
16599.565
16509.111
16421.581
16336.802
16254.549
16174.736
16097.158
16021.742
15948.278
15876.744
15806.956
15738.859
15672.353
15607.341
15543.751
15481.512
15420.539
15360.792
15302.181
15244.672
15188.199
15132.725
15078.185
15024.56
14971.78
14919.843
14868.671
14818.277
14768.577
14719.601
14671.257
14623.557
14576.543
14529.753
14484.78
14435.954
14400.427
14327.334
578.08055
578.32261
582.02252
596.64148
643.81927
701.97655
833.99126
979.81265
1217.3891
1446.0218
1966.0653
2573.1789
3799.2288
5628.4295
9116.023
13610.221
18393.868
21845.316
23596.943
24131.01
24020.772
23672.885
23184.039
22686.749
22176.552
21611.502
21076.411
20553.621
20046.22
19570.727
19122.145
18704.571
18313.931
17951.056
17616.306
17305.071
17014.676
16744.523
16493.712
16259.909
16040.483
15834.485
15641.046
15459.422
15288.099
15126.136
14973.085
14828.417
14690.83
14560.142
14436.037
14317.611
14204.622
14096.797
13993.547
13894.745
13799.966
13708.896
13621.483
13537.246
13456.106
13377.847
13302.232
13229.176
13158.435
13089.948
13023.476
12958.997
12896.309
12835.36
12776.035
12718.235
12661.88
12606.894
12553.185
12500.712
12449.378
12399.148
12349.95
12301.745
12254.466
12208.091
12162.55
12117.834
12073.87
12030.659
11988.132
11946.293
11905.085
11864.47
11824.558
11784.803
11746.839
11705.45
11675.554
11613.766
578.48086
576.72112
576.24874
577.56978
584.22612
597.3262
629.68244
664.28039
738.94646
800.79519
948.32438
1083.3613
1359.8461
1768.9004
2605.1652
3881.6353
6198.382
9737.4873
13731.456
17109.212
19209.196
20045.829
20179.922
20048.503
19748.811
19352.314
18984.891
18547.625
18092.348
17647.939
17204.034
16782.308
16380.054
15998.199
15641.926
15308.492
14997.248
14707.377
14438.769
14189.274
13955.474
13738.625
13536.653
13347.852
13170.578
13004.257
12848.017
12700.909
12561.839
12430.501
12306.316
12188.396
12076.481
11970.168
11868.84
11772.333
11680.165
11592.011
11507.767
11426.922
11349.401
11274.934
11203.274
11134.335
11067.828
11003.702
10941.689
10881.761
10823.7
10767.457
10712.894
10659.914
10608.425
10558.347
10509.578
10462.078
10415.737
10370.526
10326.356
10283.2
10240.971
10199.661
10159.178
10119.533
10080.628
10042.485
10005.009
9968.223
9932.0556
9896.4734
9861.5909
9826.8479
9793.8527
9757.7738
9731.9124
9678.1545
578.55469
576.74068
575.4888
573.85702
574.06731
575.49206
580.93508
589.42626
610.56131
629.42246
670.38868
716.4652
781.2391
909.01357
1055.3177
1379.4805
1930.9983
2870.4321
4463.461
7119.3838
10416.145
13597.72
15778.037
16873.016
17227.817
17189.397
17025.98
16744.976
16441.312
16115.546
15737.802
15365.247
14985.837
14612.183
14253.256
13908.879
13584.345
13277.7
12990.9
12723.556
12473.115
12240.844
12025.077
11823.923
11636.165
11461.732
11298.666
11145.641
11002.05
10867.192
10740.125
10620.158
10506.88
10399.716
10298.069
10201.698
10110.05
10022.796
9939.7573
9860.3961
9784.6325
9712.1365
9642.6549
9576.0861
9512.0987
9450.65
9391.4388
9334.4308
9279.3886
9226.2648
9174.8952
9125.1897
9077.0347
9030.3533
8985.0264
8941.02
8898.2026
8856.5591
8815.9759
8776.4432
8737.8455
8700.2004
8663.382
8627.4307
8592.2094
8557.7776
8523.9983
8490.931
8458.4657
8426.6024
8395.425
8364.4006
8335.0723
8302.9395
8280.0911
8232.2841
578.52994
576.76566
575.45913
573.50836
572.28985
570.69572
570.74364
571.51874
574.75251
580.20004
589.76496
607.39366
624.35438
662.77843
699.50096
790.56965
901.18089
1149.7504
1542.3991
2233.2307
3355.7919
5362.9351
8061.8902
10904.987
13099.713
14361.281
14820.783
14891.197
14812.663
14629.862
14380.325
14132.511
13826.201
13509.439
13185.697
12857.83
12540.3
12231.023
11936.209
11656.99
11393.827
11147.003
10916.425
10701.366
10500.732
10314.579
10141.016
9978.7391
9827.9269
9686.9714
9554.561
9430.4122
9313.7458
9203.7998
9100.0606
9002.1333
8909.3873
8821.5026
8738.1862
8658.8939
8583.5164
8511.6618
8443.0734
8377.6171
8314.9272
8254.9588
8197.3782
8142.1424
8088.9926
8037.8811
7988.6153
7941.1104
7895.2314
7850.902
7807.9862
7766.4546
7726.1533
7687.0824
7649.0987
7612.215
7576.2813
7541.345
7507.2396
7474.0434
7441.5707
7409.928
7378.9235
7348.668
7318.9963
7289.9593
7261.589
7233.4036
7206.8624
7177.7452
7157.2177
7113.9587
578.47101
576.81121
575.37905
573.57715
571.99965
570.15332
568.59125
567.1916
566.36583
566.60131
567.7299
571.33756
575.89236
586.97726
597.69924
622.87366
650.10941
719.87548
806.61524
991.44119
1289.8879
1803.1283
2656.9771
4134.4314
6343.2756
8850.8617
10989.315
12298.681
12874.331
13029.508
12991.664
12874.794
12678.558
12474.683
12232.89
11962.811
11687.493
11402.108
11120.929
10844.766
10579.325
10325.689
10085.211
9859.268
9647.0309
9448.7294
9263.5421
9090.5618
8929.8644
8780.1008
8639.8884
8509.5697
8387.5922
8273.0987
8165.7067
8064.727
7969.5068
7879.7066
7794.8844
7714.5145
7638.4187
7566.1523
7497.4527
7432.1301
7369.8002
7310.3983
7253.5621
7199.236
7147.1375
7097.2156
7049.2474
7003.1529
6958.7734
6916.0329
6874.7772
6834.9803
6796.4653
6759.2472
6723.1516
6688.2147
6654.2498
6621.3358
6589.2623
6558.1488
6527.7562
6498.2433
6469.3564
6441.2653
6413.7401
6386.8934
6360.6919
6334.7183
6310.3413
6283.5746
6264.8772
6225.1741
578.41036
576.85677
575.29861
573.63265
571.90424
570.1492
568.25875
566.49584
564.58806
563.1182
561.67739
561.07768
561.25511
562.53181
564.94413
571.12701
578.33833
595.86861
617.00068
663.77944
748.85212
868.3707
1114.5305
1504.9913
2173.0644
3259.5779
5092.582
7286.2975
9299.7411
10630.285
11271.467
11473.694
11466.851
11396.91
11248.646
11075.88
10883.438
10655.023
10419.329
10170.683
9922.6768
9677.2611
9438.0705
9208.9194
8990.3395
8783.653
8589.0121
8406.502
8235.6001
8076.186
7927.0467
7788.5298
7659.1826
7538.3512
7425.7954
7320.2923
7221.3141
7128.422
7040.9694
6958.5133
6880.733
6807.1535
6737.4959
6671.4862
6608.7469
6549.1644
6492.358
6438.2515
6386.5381
6337.1575
6289.8573
6244.559
6201.0791
6159.3407
6119.1703
6080.5439
6043.2611
6007.3508
5972.6066
5939.0878
5906.57
5875.1637
5844.6131
5815.0803
5786.27
5758.396
5731.1387
5704.7313
5678.8735
5653.7454
5629.2412
5605.0148
5582.3441
5557.4336
5540.2045
5503.3292
578.37319
576.87223
575.25643
573.63772
571.86829
570.13823
568.21797
566.38017
564.33264
562.42525
560.37433
558.56297
556.79673
555.58911
554.53611
554.77094
555.66969
558.48179
563.75769
573.49252
594.52497
625.34052
696.79688
784.32307
981.22818
1285.6661
1801.9629
2675.4776
4164.4886
6086.6829
7955.7107
9268.7101
9929.8225
10166.773
10188.124
10141.743
10032.266
9887.0327
9730.1943
9535.7756
9331.7367
9116.2148
8896.846
8678.5352
8464.1366
8256.9793
8058.2453
7869.8708
7691.4178
7523.9245
7366.6405
7219.6311
7082.2567
6954.0474
6834.726
6723.1135
6619.0784
6521.917
6430.712
6345.2126
6264.8341
6189.1076
6117.7222
6050.2875
5986.466
5926.049
5868.6596
5814.1871
5762.3002
5712.9207
5665.7701
5620.7656
5577.6985
5536.489
5496.9435
5459.0376
5422.5482
5387.5152
5353.7009
5321.1859
5289.7084
5259.409
5229.987
5201.6458
5174.0339
5147.4202
5121.4175
5096.3244
5071.767
5047.996
5024.8292
5001.9938
4980.6822
4957.2486
4941.2126
4906.6137
578.35868
576.86287
575.2409
573.61749
571.85801
570.10795
568.21423
566.33506
564.30719
562.29619
560.14957
558.04244
555.83668
553.75467
551.68947
549.82996
548.39108
547.19823
547.30233
548.27969
551.48161
558.16459
574.73902
596.33322
652.42703
722.4318
876.4661
1132.2544
1533.3227
2260.3073
3472.3493
5173.9988
6886.2053
8154.3612
8807.2969
9061.3009
9103.2635
9071.3315
8987.7659
8866.0682
8731.7939
8568.7567
8391.6683
8203.2616
8009.402
7814.8399
7621.9693
7435.0392
7254.4451
7082.6169
6919.6562
6766.0187
6621.6892
6486.4979
6360.0625
6241.8301
6131.6635
6028.9444
5932.7854
5843.272
5759.3591
5680.6602
5606.7955
5537.2297
5471.693
5409.8337
5351.3049
5295.9386
5243.3837
5193.5298
5146.0801
5100.9371
5057.8686
5016.7886
4977.4826
4939.9229
4903.8647
4869.3551
4836.1269
4804.2786
4773.5129
4743.9971
4715.3875
4687.9262
4661.2071
4635.5519
4610.5069
4586.4352
4562.8889
4540.1893
4518.0777
4496.3522
4476.1292
4453.8731
4438.8146
4406.0635
578.35582
576.84284
575.23541
573.58948
571.85245
570.07511
568.2106
566.29916
564.30362
562.25013
560.12222
557.92515
555.67635
553.34647
551.02891
548.62322
546.34751
544.06503
542.02399
540.39014
539.11935
539.33321
541.13029
545.36797
557.01591
573.40513
615.95146
677.15627
796.84394
1019.1679
1336.9264
1953.2189
2963.6663
4475.5483
6043.1617
7234.0154
7865.7957
8120.2829
8171.4725
8149.5566
8082.6933
7980.9999
7865.8154
7726.7323
7572.2712
7406.8366
7234.3489
7060.5389
6887.0067
6717.8188
6554.1163
6397.5771
6248.747
6108.291
5975.9306
5851.8118
5735.5419
5626.8976
5525.2662
5430.6957
5342.212
5259.6771
5182.5506
5110.1326
5042.2487
4978.3451
4918.1452
4861.3801
4807.6937
4756.9246
4708.7683
4663.0957
4619.6568
4578.3534
4538.9502
4501.4117
4465.4742
4431.1855
4398.2528
4366.7866
4336.4582
4307.4561
4279.3975
4252.5583
4226.4813
4201.537
4177.2078
4153.9185
4131.1489
4109.2891
4088.0052
4067.1619
4047.8117
4026.4906
4012.2368
3980.992
578.35471
576.82266
575.22964
573.56402
571.84491
570.04706
568.20291
566.27006
564.29613
562.22033
560.11216
557.88798
555.64254
553.26696
550.8837
548.37214
545.86164
543.27145
540.6861
538.13853
535.67891
533.42651
531.69737
530.6852
531.47885
533.93026
541.27903
554.5338
585.50512
644.02663
736.06371
926.87682
1194.3113
1716.3342
2599.1473
3937.5247
5370.8203
6476.0519
7069.8255
7312.381
7367.3246
7350.5001
7294.7425
7208.4504
7108.8528
6989.1343
6853.0211
6706.6614
6552.884
6396.8649
6240.6558
6087.6441
5938.9462
5796.596
5660.7069
5532.293
5411.0958
5297.2779
5190.5665
5090.7401
4997.3546
4910.2678
4829.0109
4752.9587
4682.066
4615.4842
4553.0789
4494.4035
4439.1282
4387.017
4337.7609
4291.1892
4247.0363
4205.1831
4165.3763
4127.5648
4091.4711
4057.1343
4024.2423
3992.9096
3962.7814
3934.0601
3906.3297
3879.8925
3854.2464
3829.8034
3805.9879
3783.2806
3761.0934
3739.88
3719.2368
3699.0861
3680.4329
3659.8458
3646.2552
3616.2386
578.35099
576.80545
575.22096
573.54301
571.83349
570.02427
568.1905
566.24675
564.28349
562.19727
560.09923
557.86476
555.62692
553.23715
550.85413
548.30346
545.77667
543.06226
540.41521
537.53983
534.84726
531.84611
529.28573
526.33641
524.43444
522.17029
522.1881
523.357
527.74889
538.42316
562.28814
612.83611
689.68268
850.26271
1087.3669
1538.93
2324.2742
3522.4895
4835.4882
5848.3025
6393.8382
6614.8279
6666.2142
6652.3444
6604.4334
6530.6372
6443.4015
6338.8949
6218.3992
6087.9622
5950.3021
5810.0978
5668.918
5530.4049
5395.2441
5265.5907
5141.6847
5024.2389
4913.4615
4809.1667
4711.3582
4619.7239
4534.0864
4453.9702
4379.3402
4309.3751
4244.2021
4183.0708
4125.7354
4071.8461
4021.0923
3973.2577
3928.0538
3885.3374
3844.8346
3806.4732
3769.9671
3735.3337
3702.2514
3670.8266
3640.6874
3612.0388
3584.4412
3558.2118
3532.8137
3508.6895
3485.2147
3462.9166
3441.1467
3420.4143
3400.2544
3380.6348
3362.5326
3342.509
3329.4632
3300.4437
578.34356
576.79107
575.20819
573.52536
571.81825
570.00554
568.17422
566.22791
564.26676
562.17877
560.08231
557.8464
555.60997
553.2178
550.83625
548.27821
545.74914
543.01511
540.34118
537.42424
534.616
531.52643
528.6079
525.40919
522.44757
519.38887
516.5749
514.39471
512.68411
513.1774
515.93823
524.04886
543.15182
584.83667
651.29634
789.4597
1004.2128
1402.096
2117.5887
3203.1086
4409.4785
5326.6006
5813.3544
6007.287
6051.505
6039.2879
5997.2451
5933.0385
5855.8627
5763.4228
5655.885
5539.1734
5415.104
5288.5666
5160.6853
5034.8974
4912.0991
4793.8486
4680.9523
4573.6336
4472.3519
4376.8776
4287.3268
4203.3218
4124.7768
4051.1835
3982.6269
3918.4259
3858.5247
3802.3887
3749.7207
3700.2469
3653.6472
3609.7543
3568.2644
3529.0841
3491.9157
3456.7487
3423.2592
3391.5299
3361.1855
3332.4174
3304.7761
3278.5781
3253.2655
3229.2962
3206.0102
3183.9678
3162.4722
3142.0755
3122.2641
3103.0343
3085.3596
3065.7513
3053.1503
3024.9315
578.33228
576.77813
575.19203
573.51011
571.79927
569.98956
568.15371
566.21239
564.24519
562.16456
560.05953
557.83415
555.58513
553.20836
550.8077
548.27322
545.71264
543.01602
540.28524
537.42708
534.5123
531.50381
528.38712
525.26062
521.92443
518.75849
515.22822
512.18612
508.69265
506.24097
503.5315
503.27438
504.88152
510.77644
526.01876
560.06322
619.89286
740.06897
937.89515
1297.114
1961.983
2961.9778
4068.384
4887.345
5309.9087
5474.3838
5510.6417
5499.0249
5460.6842
5403.9754
5334.7245
5252.241
5155.2056
5049.9782
4937.6983
4822.9219
4706.9842
4592.4877
4480.8355
4373.007
4270.0189
4171.9846
4079.4059
3992.1119
3910.1047
3833.1575
3761.1
3693.631
3630.6874
3571.7767
3516.7414
3465.2215
3416.8608
3371.464
3328.6866
3288.4158
3250.3319
3214.3989
3180.2875
3148.0493
3117.3143
3088.2432
3060.3946
3034.0619
3008.6869
2984.7203
2961.4874
2939.5605
2918.2126
2898.0201
2878.4394
2859.4726
2842.1194
2822.7947
2810.5526
2782.9641
578.31811
576.76442
575.17315
573.49404
571.77816
569.97313
568.13137
566.19648
564.22188
562.14982
560.03515
557.82094
555.55925
553.19715
550.77976
548.26446
545.68177
543.00972
540.25088
537.42044
534.47313
531.48555
528.33758
525.19689
521.8409
518.5527
515.00198
511.57887
507.90284
504.41437
500.84127
497.54558
494.88236
493.12187
494.01032
498.15874
510.48221
538.337
593.13246
700.29801
884.06188
1218.1378
1847.455
2781.5324
3791.7916
4511.7612
4868.6581
5004.9692
5032.0537
5020.4199
4984.0637
4933.5451
4870.4333
4795.9673
4707.8221
4612.24
4510.3788
4405.8942
4300.52
4196.1571
4094.4477
3996.0569
3902.0441
3812.559
3727.8938
3648.1078
3572.987
3502.5121
3436.4746
3374.6272
3316.86
3262.8364
3212.3126
3165.0566
3120.6703
3079.023
3039.7603
3002.8249
2967.8711
2934.9224
2903.6107
2874.0587
2845.844
2819.2163
2793.6406
2769.5315
2746.2274
2724.2835
2702.9696
2682.859
2663.4045
2644.5835
2627.4597
2608.2983
2596.3408
2569.2315
578.30223
576.74684
575.15362
573.47422
571.75699
569.95209
568.10965
566.1749
564.20024
562.12793
560.014
557.79849
555.53882
553.17347
550.76061
548.23855
545.66543
542.97958
540.23979
537.38245
534.471
531.43297
528.34781
525.11757
521.86256
518.42424
515.01387
511.34738
507.81364
503.90452
500.32026
496.19636
492.7386
488.65778
485.94641
482.96142
483.26103
486.01381
496.07118
519.62777
569.6219
667.97181
840.76718
1160.3948
1765.7086
2647.8691
3562.3842
4185.2926
4478.5375
4588.825
4606.0577
4594.0731
4559.1442
4513.5108
4455.3634
4387.2875
4306.8835
4219.5507
4126.7259
4031.2483
3935.2283
3839.935
3747.127
3657.3509
3571.4344
3489.7507
3412.2862
3339.2682
3270.5048
3205.9632
3145.4642
3088.8045
3035.831
2986.3159
2939.965
2896.629
2855.9044
2817.7158
2781.6887
2747.8225
2715.7417
2685.5326
2656.7899
2629.7116
2603.7987
2579.4062
2555.9135
2533.8246
2512.44
2492.2941
2472.8717
2454.0856
2437.1097
2417.9995
2406.2612
2379.494
578.2842
576.72395
575.1321
573.44808
571.73418
569.92399
568.08646
566.14499
564.17715
562.09604
559.99148
557.76404
555.51726
553.13564
550.7406
548.1961
545.64765
542.931
540.22518
537.32604
534.46063
531.36741
528.34249
525.04143
521.86078
518.3357
515.00767
511.24101
507.7785
503.75468
500.177
495.89307
492.23691
487.73344
484.12529
479.62191
476.52035
472.95
472.33219
474.14564
482.48561
503.19304
548.87163
641.31099
806.78476
1119.9085
1711.5561
2547.9205
3367.559
3896.7369
4130.6223
4216.9289
4225.5511
4212.9732
4178.9597
4137.044
4083.2742
4020.3124
3946.4641
3866.0835
3781.2366
3693.7398
3605.9973
3518.9112
3434.0448
3352.0941
3273.4971
3198.7655
3127.8889
3061.066
2998.1471
2939.0739
2883.6815
2831.7966
2783.2439
2737.8678
2695.3665
2655.6503
2618.3006
2583.2959
2550.2433
2519.1953
2489.7562
2462.0725
2435.6813
2410.8681
2387.0693
2364.7109
2343.1555
2322.8602
2303.383
2284.5247
2267.6224
2248.4577
2236.8798
2210.3275
578.26055
576.69536
575.10301
573.4146
571.70123
569.88619
568.05021
566.10308
564.1379
562.05005
559.94939
557.71365
555.47217
553.08035
550.69244
548.13573
545.59627
542.8656
540.17016
537.25605
534.40107
531.29382
528.27676
524.96662
521.78577
518.26351
514.91753
511.17551
507.66273
503.69586
500.01474
495.82306
491.97446
487.57165
483.56493
479.00831
474.9086
470.4093
466.54735
462.98304
461.09828
462.3467
469.44788
487.99039
530.67622
618.73321
781.62222
1093.6347
1680.0219
2472.6778
3197.5235
3636.9731
3817.4184
3883.0243
3884.237
3870.6927
3837.7826
3798.5632
3748.4389
3689.4006
3621.4396
3547.1496
3469.2775
3388.9543
3308.497
3228.8354
3151.0648
3076.0399
3004.0883
2935.7118
2870.8948
2809.7716
2752.2288
2698.1761
2647.4607
2599.9489
2555.4646
2513.9111
2474.9613
2438.5754
2404.3317
2372.2498
2341.9359
2313.4867
2286.4692
2261.0989
2236.8711
2214.1214
2192.2941
2171.7385
2152.1213
2133.0879
2116.1881
2096.8687
2085.3957
2058.938
578.22704
576.6602
575.05693
573.36834
571.64402
569.83001
567.98212
566.03708
564.05879
561.97445
559.85913
557.62865
555.37039
552.98644
550.57859
548.03354
545.46959
542.75604
540.02961
537.14047
534.24527
531.17405
528.10385
524.84502
521.59347
518.14287
514.7033
511.05851
507.42345
503.58484
499.74608
495.71878
491.66514
487.46156
483.18091
478.8249
474.31382
469.85796
465.16234
460.77316
456.20174
452.60172
449.70406
450.51083
456.69897
473.59982
514.51507
599.29009
764.18263
1080.2617
1666.7973
2415.3534
3043.2453
3398.9191
3534.188
3580.4416
3577.7933
3561.9376
3530.0136
3492.5207
3446.1536
3390.4081
3327.5212
3258.686
3186.8418
3112.9725
3038.9029
2965.8098
2894.4685
2825.775
2759.9472
2697.4019
2638.1549
2582.2477
2529.598
2480.1284
2433.6973
2390.2233
2349.4869
2311.4453
2275.7662
2242.4353
2211.0537
2181.6665
2153.8653
2127.7969
2103.0101
2079.7483
2057.5424
2036.6176
2016.7733
1997.4652
1980.4958
1960.9268
1949.5042
1923.025
578.18238
576.6162
574.98813
573.30292
571.55199
569.74374
567.86672
565.93021
563.91975
561.84744
559.69612
557.4819
555.18291
552.82045
550.3662
547.84911
545.2319
542.55425
539.76627
536.92268
533.95595
530.94193
527.7883
524.60056
521.25156
517.88835
514.33507
510.7967
507.02988
503.31856
499.3283
495.44908
491.22485
487.1857
482.71639
478.52968
473.80469
469.49127
464.50984
460.10912
454.91331
450.56464
445.40953
441.75025
438.04862
438.51701
444.04572
459.75213
499.76032
582.73623
753.59351
1079.5567
1668.7324
2367.3072
2899.6658
3175.4939
3276.3293
3305.8693
3300.3937
3281.2887
3251.8546
3215.5282
3172.3537
3119.5764
3060.8873
2996.9243
2930.2304
2862.1452
2793.9048
2726.8302
2661.4348
2598.5286
2538.3318
2481.0978
2426.8887
2375.7285
2327.5462
2282.3093
2239.8138
2200.0423
2162.752
2127.9281
2095.2645
2064.7481
2035.9931
2009.0738
1983.589
1959.6911
1936.9925
1915.5905
1895.4264
1875.7467
1858.6312
1838.7227
1827.2946
1800.679
578.13082
576.5631
574.90068
573.2163
571.42901
569.62406
567.70767
565.7771
563.72388
561.66073
559.46289
557.26155
554.91176
552.56659
550.05677
547.56214
544.88405
542.23484
539.38008
536.57181
533.53184
530.56086
527.32705
524.19081
520.75438
517.45167
513.80375
510.33493
506.46653
502.8338
498.7358
494.94346
490.60662
486.66137
482.0763
477.98749
473.14502
468.92515
463.81787
459.48526
454.1117
449.70342
444.09588
439.73287
434.11054
430.37021
426.05837
426.28478
431.3428
446.2856
486.09509
570.52925
749.75907
1089.883
1681.8094
2319.7279
2759.8778
2966.1379
3040.0175
3055.1525
3047.8618
3026.5506
2999.2007
2964.2093
2923.1434
2873.1846
2817.9601
2758.5468
2696.6327
2633.866
2571.048
2509.4442
2449.521
2391.8448
2336.71
2284.3039
2234.6886
2187.9189
2143.8328
2102.4684
2063.5806
2027.1965
1993.0804
1961.217
1931.3203
1903.3799
1877.0469
1852.3792
1829.0647
1807.0759
1786.4911
1766.3443
1748.9992
1728.6648
1717.1732
1690.3042
578.07888
576.50421
574.80637
573.11663
571.29182
569.48272
567.5263
565.59301
563.49705
561.43291
559.1894
556.98902
554.59043
552.24849
549.6867
547.19793
544.46464
541.82426
538.91109
536.11492
533.01342
530.05808
526.75983
523.6429
520.13953
516.8598
513.14302
509.70065
505.76229
502.15906
497.99109
494.23062
489.82519
485.91318
481.2626
477.20705
472.30383
468.11536
462.95226
458.64494
453.21545
448.80883
443.11122
438.64069
432.70134
428.27581
422.29103
418.45278
413.70795
413.78293
418.53879
433.29253
473.84614
561.86927
750.195
1118.5613
1702.4525
2268.672
2621.3319
2769.3713
2822.0769
2826.16
2817.2018
2794.861
2768.8421
2735.1809
2695.4946
2648.4996
2596.5443
2541.3193
2483.8903
2425.9142
2368.0843
2311.3597
2256.335
2203.4287
2152.9185
2104.993
2059.5833
2016.82
1976.4796
1938.6529
1903.0831
1869.8112
1838.6034
1809.4477
1782.1011
1756.5144
1732.4494
1709.758
1688.6417
1667.9325
1650.2643
1629.421
1617.8038
1590.5591
578.03169
576.44517
574.71678
573.01535
571.15859
569.33797
567.34762
565.40283
563.27094
561.19544
558.91397
556.70235
554.2638
551.9108
549.30713
546.80757
544.03068
541.37984
538.42159
535.61532
532.46763
529.50252
526.15742
523.03098
519.48068
516.19153
512.42848
508.97652
504.99344
501.38006
497.17002
493.39832
488.95471
485.02972
480.34629
476.27523
471.34604
467.13858
461.95795
457.62657
452.18902
447.74952
442.05026
437.5235
431.56165
426.98229
420.78155
416.25156
409.99751
406.04648
401.0277
401.047
405.71462
420.77618
462.73708
556.68563
759.43623
1159.1718
1724.8778
2210.2799
2482.9497
2585.0819
2619.7551
2617.55
2606.0086
2583.8911
2558.2442
2526.2828
2487.8103
2443.5242
2394.6823
2343.1561
2289.8242
2236.0356
2182.6853
2130.4632
2079.9416
2031.488
1985.2015
1941.3526
1899.7833
1860.676
1823.7796
1789.1999
1756.6639
1726.2358
1697.7048
1671.0285
1646.0642
1622.5428
1600.7717
1579.4021
1561.3045
1539.8729
1528.0619
1500.3104
577.99167
576.38995
574.63883
572.92181
571.0412
569.20409
567.1886
565.22634
563.06806
560.97407
558.66493
556.43364
553.96618
551.59223
548.95862
546.43674
543.62909
540.95446
537.96495
535.1333
531.95421
528.96197
525.58582
522.43031
518.8499
515.52947
511.73796
508.2522
504.24317
500.59309
496.3606
492.54882
488.08742
484.1184
479.42319
475.30344
470.37001
466.10834
460.93277
456.5405
451.11929
446.61055
440.94055
436.33267
430.41144
425.7264
419.55497
414.82709
408.42943
403.75745
397.31956
393.23822
388.09718
388.14426
392.90407
409.82262
454.69749
557.92433
780.17136
1209.1175
1742.7055
2143.1696
2343.7087
2413.0089
2431.8265
2427.0093
2412.262
2391.4749
2365.9253
2335.4534
2298.2205
2256.1554
2210.109
2161.7454
2112.1778
2062.3522
2013.1647
1965.1793
1918.7491
1874.3367
1831.9083
1791.7807
1753.7481
1717.9948
1684.2427
1652.6264
1622.8791
1595.0513
1569.021
1544.5246
1521.9598
1499.826
1481.1765
1459.0811
1446.9973
1418.5987
577.9589
576.3408
574.57455
572.84
570.9438
569.08788
567.056
565.07338
562.898
560.78198
558.4551
556.19987
553.7141
551.31409
548.66175
546.11152
543.28493
540.57947
537.57109
534.70588
531.50834
528.47956
525.08582
521.89048
518.29387
514.92999
511.1243
507.59109
503.57067
499.86867
495.62848
491.75979
487.29547
483.26392
478.57182
474.38319
469.46038
465.12256
459.96685
455.49009
450.09997
445.49699
439.87157
435.15788
429.2968
424.49094
418.39464
413.51943
407.1916
402.28147
395.74813
390.90247
384.35695
380.13652
374.99588
375.47694
380.78044
399.8434
449.20776
565.33509
812.19747
1264.418
1748.5343
2065.9785
2204.3089
2251.2437
2258.0713
2251.6446
2234.9599
2215.1638
2190.0492
2160.2604
2124.2764
2084.0955
2040.804
1995.5665
1949.5472
1903.4768
1858.031
1813.8906
1771.2119
1730.4993
1691.6407
1654.9258
1620.1186
1587.423
1556.561
1527.6436
1500.5086
1474.9621
1451.4448
1428.434
1409.089
1386.2583
1373.8058
1344.6106
577.93256
576.29789
574.52305
572.77076
570.86584
568.99055
566.94968
564.94588
562.76134
560.62219
558.28604
556.00545
553.51032
551.0825
548.4209
545.84015
543.00459
540.26563
537.24882
534.34684
531.14171
528.07256
524.67245
521.43276
517.83148
514.41885
510.61073
507.0239
503.00398
499.24295
495.00701
491.07325
486.6179
482.51454
477.83729
473.56926
468.66858
464.24279
459.11811
454.54364
449.19536
444.48358
438.91303
434.07775
428.2871
423.34476
417.33691
412.30685
406.08555
400.99113
394.56314
389.43934
382.83366
377.7841
371.20706
366.83467
361.95733
362.82396
368.92263
390.47695
446.22604
578.86158
858.66992
1319.4263
1737.8769
1977.4452
2068.4417
2099.0113
2098.1634
2089.7843
2072.3159
2052.6768
2028.2858
1998.9163
1964.4724
1926.2859
1885.6273
1843.3431
1800.4534
1757.8159
1715.8352
1675.2424
1636.0658
1598.7433
1563.1374
1529.5338
1497.6941
1467.7782
1439.6307
1413.0655
1388.5595
1364.5934
1344.3817
1320.7507
1307.8053
1277.6575
577.91132
576.26078
574.48233
572.71278
570.80448
568.91035
566.86619
564.84167
562.65404
560.49216
558.15322
555.84761
553.35009
550.8947
548.23121
545.62008
542.78335
540.01088
536.99384
534.0549
530.85079
527.74085
524.34332
521.0586
517.46188
513.9995
510.19845
506.55659
502.54684
498.7249
494.50297
490.50172
486.06511
481.88687
477.23415
472.88291
468.01383
463.49542
458.41095
453.73316
448.43551
443.6082
438.10089
433.13609
427.42386
422.3358
416.4246
411.22979
405.12672
399.84402
393.55758
388.20897
381.75172
376.36909
369.7799
364.46374
357.98311
353.42993
348.93937
350.13709
357.2897
382.05961
447.11312
599.85966
921.54473
1366.9906
1708.7614
1881.1749
1938.8498
1955.3295
1951.2521
1939.3196
1923.0313
1903.3141
1879.5934
1850.7586
1817.7709
1781.4117
1743.0181
1703.505
1663.5735
1624.1546
1585.4529
1548.0991
1512.1146
1477.8898
1445.2851
1414.5127
1385.4695
1357.9604
1332.5523
1307.6315
1286.5103
1262.0248
1248.4157
1217.1617
577.89406
576.22873
574.45018
572.66446
570.75658
568.84467
566.80128
564.75717
562.57083
560.38738
558.05035
555.72096
553.22604
550.74438
548.08435
545.44421
542.61197
539.80745
536.79617
533.82177
530.62495
527.47578
524.08741
520.75923
517.17391
513.66336
509.87642
506.1811
502.18873
498.30739
494.10679
490.03944
485.62892
481.37701
476.75614
472.32265
467.49235
462.88195
457.84461
453.0637
447.82328
442.88008
437.44218
432.34677
426.71867
421.48292
415.67366
410.31117
404.33156
398.85752
392.72027
387.15127
380.87132
375.22603
368.82314
363.13034
356.65094
351.01975
344.74645
339.95617
335.96243
337.54354
346.19308
375.30546
453.4212
631.58925
990.36633
1398.8258
1663.2687
1778.3641
1815.648
1820.4196
1814.9241
1801.4127
1785.5949
1765.9697
1742.6445
1714.2887
1682.5114
1648.0137
1611.8504
1575.0171
1537.9285
1501.4191
1465.719
1431.3454
1398.3228
1366.9314
1337.1662
1308.8288
1282.6193
1256.7944
1234.8683
1209.484
1195.1382
1162.6504
577.87993
576.201
574.4247
572.62417
570.71912
568.79093
566.75092
564.68881
562.50652
560.30325
557.97107
555.61979
553.13062
550.62477
547.97154
545.30464
542.48044
539.6463
536.6445
533.63732
530.45169
527.26618
523.89102
520.52253
516.9528
513.39747
509.62893
505.88382
501.91318
497.97638
493.80144
489.67223
485.29205
480.97101
476.38604
471.87516
467.08739
462.39014
457.40327
452.52467
447.34423
442.29087
436.92438
431.70433
426.16143
420.7842
415.07681
409.55311
403.69557
398.03703
392.04634
386.26514
380.16113
374.26967
368.07548
362.08686
355.83181
349.76797
343.51401
337.4885
331.56232
326.42835
323.13783
325.23077
336.56025
371.9113
467.07447
677.9994
1057.9961
1408.0335
1603.0365
1674.4656
1697.2866
1695.9459
1688.3416
1674.2545
1658.4615
1639.0967
1615.8676
1588.3195
1557.8555
1525.2738
1491.2648
1456.8048
1422.3594
1388.5666
1355.6807
1324.0614
1293.8541
1264.8811
1238.014
1211.3701
1188.7594
1162.4639
1147.4797
1113.704
577.86818
576.17731
574.40436
572.59078
570.68975
568.74717
566.71177
564.63374
562.4568
560.23597
557.91
555.53933
553.05731
550.53002
547.88503
545.19442
542.37971
539.51933
536.52849
533.49225
530.31927
527.10156
523.74101
520.33681
516.78396
513.18898
509.43997
505.65076
501.70275
497.71684
493.56816
489.38417
485.03449
480.65223
476.10276
471.52332
466.77696
462.00275
457.06428
452.0991
446.97535
441.82431
436.52442
431.19385
425.72941
420.22667
414.61205
408.94526
403.19785
397.37537
391.51606
385.54586
379.59961
373.48824
367.48504
361.2362
355.21306
348.82583
342.83308
336.30669
330.44649
323.85879
318.5638
312.74697
310.86225
313.72937
328.21492
372.31423
488.16941
742.1667
1116.046
1396.1172
1531.0481
1573.7249
1584.6594
1580.6567
1570.1491
1556.8511
1541.0514
1521.8054
1498.8027
1472.2142
1442.9669
1412.0333
1380.1224
1347.9373
1316.0157
1284.7751
1254.5742
1225.2864
1197.9908
1170.678
1147.5202
1120.3614
1104.8637
1069.8356
577.85831
576.15744
574.38797
572.56348
570.66651
568.71191
566.68111
564.58978
562.41808
560.1826
557.86264
555.47581
553.00064
550.4555
547.81833
545.108
542.30219
539.42004
536.43934
533.37904
530.21763
526.97331
523.62597
520.19233
516.65457
513.02698
509.29523
505.46987
501.54161
497.51558
493.38952
489.16093
484.8372
480.40531
475.88564
471.25086
466.53877
461.70279
456.80379
451.76951
446.69131
441.46282
436.21557
430.79803
425.39458
419.79397
414.25015
408.47293
402.80796
396.86052
391.09751
384.98543
379.1521
372.87894
367.00878
360.57437
354.70836
348.10636
342.29608
335.51103
329.82641
322.84002
317.40781
310.29756
305.57715
299.38591
298.83369
302.86261
321.44416
378.39153
518.38436
815.95625
1156.1477
1364.8068
1450.5455
1476.6778
1478.3111
1472.9393
1461.4564
1448.1604
1432.4718
1413.3496
1390.4908
1364.6985
1336.824
1307.5394
1277.7006
1247.6977
1218.1853
1189.0898
1161.7341
1134.0111
1110.4947
1082.6013
1066.6836
1030.515
577.84992
576.14145
574.37461
572.54182
570.64792
568.68419
566.65683
564.5554
562.3876
560.14103
557.82552
555.42649
552.95636
550.3978
547.76631
545.04123
542.24184
539.34347
536.37001
533.29189
530.13865
526.87475
523.53663
520.08148
516.55413
512.9029
509.18288
505.33154
501.41651
497.36192
493.25078
488.9908
484.68387
480.21746
475.71669
471.044
466.35312
461.47551
456.60028
451.52033
446.4687
441.1902
435.97254
430.50036
425.12967
419.46961
413.96179
408.12025
402.49439
396.47802
390.75673
384.57181
378.78171
372.43346
366.60568
360.09729
354.26813
347.59975
341.81126
334.97927
329.27956
322.27811
316.72323
309.55997
304.24608
297.05585
292.46032
286.5957
286.9264
292.98439
317.29972
391.54147
562.52867
887.69974
1170.7102
1318.0086
1368.101
1382.1817
1380.0497
1372.1286
1360.716
1347.4152
1331.6843
1312.4971
1290.1909
1265.2541
1238.8399
1211.1657
1183.2956
1155.1282
1128.2792
1100.5648
1076.9782
1048.5884
1032.3519
995.23901
577.84272
576.12926
574.36355
572.52536
570.6328
568.66317
566.63729
564.52937
562.36321
560.10956
557.79591
555.38918
552.92113
550.35419
547.72501
544.9908
542.19398
539.28569
536.31507
533.22621
530.07609
526.80058
523.46588
519.99819
516.47455
512.80983
509.09383
505.228
501.31726
497.24719
493.14055
488.8641
484.56183
480.07801
475.58192
470.89096
466.2046
461.30805
456.43689
451.33759
446.28917
440.99135
435.77542
430.28461
424.91329
419.23628
413.72418
407.86885
402.23319
396.20834
390.469
384.2842
378.46375
372.12904
366.25264
359.77846
353.87352
347.27081
341.36624
334.6471
328.77176
321.95111
316.13155
309.23125
303.49223
296.5582
290.95815
284.19959
279.25016
274.39645
275.43658
284.55278
317.23864
412.77549
627.82295
945.48056
1162.2921
1258.0645
1287.3793
1292.0212
1287.9664
1278.2711
1267.2416
1253.9236
1238.2293
1218.9693
1197.3914
1173.2898
1148.2638
1121.9805
1096.4445
1069.3591
1046.148
1017.6478
1001.245
963.50217
577.83653
576.12069
574.35432
572.51363
570.62038
568.64806
566.62137
564.51053
562.34343
560.08668
557.77197
555.36196
552.8927
550.32229
547.69169
544.95387
542.15539
539.24335
536.27078
533.17806
530.02563
526.74622
523.40876
519.9372
516.41025
512.74178
509.02177
505.15246
501.23683
497.16368
493.05107
488.77218
484.46253
479.97721
475.47196
470.78083
466.08305
461.18816
456.30265
451.20757
446.14102
440.85087
435.61192
430.13347
424.73276
419.07441
413.5246
407.69642
402.01211
396.02586
390.22346
384.0926
378.19006
371.92991
365.94622
359.57419
353.52873
347.06484
340.97619
334.44395
328.32834
321.75611
315.62531
309.04828
302.90737
296.37125
290.22025
283.79821
277.67916
271.63251
266.15779
262.68127
264.76417
277.88333
323.5738
443.65714
701.66401
980.99026
1134.9696
1191.8229
1208.4835
1207.3407
1201.564
1191.5041
1180.4528
1167.0173
1151.4286
1132.1425
1111.293
1088
1064.8123
1039.182
1016.9987
988.95625
972.63979
934.75451
577.83129
576.1152
574.34666
572.50583
570.61019
568.63779
566.60838
564.49752
562.32733
560.07068
557.75251
555.34277
552.8696
550.29967
547.66464
544.92755
542.12404
539.21309
536.23478
533.14358
529.98461
526.70725
523.36229
519.89346
516.35789
512.69299
508.96304
505.09833
501.17118
497.10396
492.97792
488.70659
484.38124
479.9055
475.38179
470.70277
465.98318
461.10355
456.19216
451.11626
446.01883
440.75279
435.47681
430.02862
424.58329
418.96293
413.35909
407.57859
401.8286
395.90216
390.01963
383.96376
377.96317
371.79693
365.69309
359.43839
353.24571
346.92779
340.65922
334.30742
327.97312
321.62183
315.22752
308.91749
302.46239
296.24257
289.71744
283.64859
277.03766
271.21291
264.54676
259.29574
253.30993
251.48746
255.2171
273.95759
337.23814
492.4029
769.7599
990.74718
1093.3771
1124.4365
1131.8005
1128.4918
1120.6023
1110.6212
1099.8936
1086.1435
1070.6101
1051.4519
1031.7871
1008.5938
988.30942
961.48201
945.65289
908.34792
577.82702
576.11197
574.3405
572.50092
570.60202
568.63108
566.59799
564.48878
562.31447
560.05975
557.73696
555.32948
552.85112
550.28383
547.64299
544.90899
542.09894
539.1916
536.20594
533.11898
529.9517
526.67934
523.32499
519.86205
516.31585
512.65788
508.91585
505.05934
501.11844
497.06089
492.91915
488.65927
484.31593
479.85375
475.30939
470.64644
465.90305
461.04251
456.10361
451.05039
445.92108
440.682
435.36897
429.95288
424.46439
418.88222
413.22803
407.49296
401.68413
395.81169
389.86039
383.86854
377.78768
371.69704
365.49977
359.33383
353.03296
346.81838
340.42554
334.19266
327.71729
321.50068
314.94878
308.78813
302.16064
296.10206
289.39272
283.49096
276.68334
271.00751
264.07438
258.73686
251.69651
247.12107
240.85712
240.96838
247.302
274.97863
360.06408
558.917
819.68993
978.64724
1041.5661
1058.3609
1058.7859
1053.7854
1045.5962
1035.496
1024.9134
1010.8102
995.72232
976.02453
958.67292
933.97306
919.20721
883.47872
577.82383
576.11007
574.33585
572.49776
570.59583
568.62659
566.59009
564.48277
562.30463
560.05206
557.72502
555.31999
552.8369
550.2724
547.62629
544.89548
542.07954
539.17584
536.18362
533.10082
529.92622
526.65862
523.29611
519.83861
516.28329
512.63157
508.87935
505.02999
501.07768
497.02833
492.87382
488.62333
484.26567
479.81427
475.25383
470.60324
465.84179
460.9954
456.03622
450.99918
445.8471
440.62649
435.28793
429.89284
424.37578
418.81739
413.13134
407.42301
401.57888
395.73619
389.7461
383.78695
377.66399
371.60858
365.36648
359.2374
352.89014
346.71241
340.27373
334.07485
327.55774
321.36773
314.78385
308.63519
301.99443
295.92188
289.23212
283.27209
276.53973
270.72874
263.96169
258.33374
251.55507
246.15072
239.51284
234.62799
229.70406
230.88224
241.29583
282.84972
392.29592
629.63716
845.56613
951.31345
985.5385
992.66466
990.67624
983.66672
975.7723
965.49168
955.22172
939.99013
926.5903
905.03223
892.05599
859.14977
577.82167
576.10866
574.33261
572.4954
570.59146
568.6232
566.58445
564.4782
562.29756
560.04617
557.71637
555.31267
552.82654
550.26353
547.61407
544.88492
542.06532
539.16346
536.16722
533.08648
529.90748
526.64217
523.27485
519.81991
516.25935
512.61046
508.85253
505.00631
501.0478
497.0019
492.84069
488.59397
484.22909
479.78178
475.2136
470.56739
465.79771
460.95594
455.98809
450.95583
445.79474
440.57891
435.23119
429.84064
424.31453
418.76009
413.06553
407.36002
401.50853
395.66678
389.67139
383.71013
377.58525
371.52309
365.28435
359.14157
352.80565
346.60399
340.18846
333.95084
327.47409
321.22403
314.70538
308.46624
301.92634
295.72
289.18188
283.02671
276.51789
270.42568
263.98119
257.95136
251.62188
245.63523
239.50289
233.55556
227.8123
222.38257
219.14628
222.02412
238.29336
298.57642
442.34505
688.46303
846.63639
910.1089
928.9814
929.53617
926.26596
918.28937
910.84452
899.61659
890.70632
873.29767
862.87256
834.18532
577.82035
576.10726
574.33053
572.49326
570.58859
568.62024
566.5807
564.4743
562.29278
560.0412
557.71045
555.30653
552.8194
550.2561
547.60559
544.87609
542.05539
539.1531
536.15572
533.07446
529.89432
526.62836
523.25991
519.80416
516.24252
512.59262
508.8337
504.98622
501.02688
496.9794
492.81756
488.56885
484.20367
479.75382
475.1858
470.53635
465.76746
460.92154
455.95534
450.91776
445.75947
440.53679
435.19341
429.79403
424.27433
418.70846
413.02304
407.30274
401.464
395.60305
389.62518
383.63899
377.53792
371.44333
365.23663
359.05165
352.75858
346.502
340.14346
333.83436
327.43304
321.0901
314.67071
308.31118
301.9011
295.53946
289.16962
282.81577
276.52231
270.17808
264.00625
257.66378
251.66758
245.30552
239.55307
233.13269
227.7286
221.21807
216.47099
210.41629
209.4604
214.89296
240.60293
323.2269
509.43937
722.45898
828.58386
863.23735
872.72845
870.54948
865.71083
856.69174
850.69398
837.81645
830.45332
807.32158
577.8196
576.10582
574.32927
572.49124
570.5868
568.61759
566.5783
564.47091
562.28966
560.03694
557.70653
555.30131
552.8146
550.24983
547.59984
544.86865
542.0486
539.1444
536.14781
533.06437
529.88521
526.61676
523.24953
519.79093
516.2308
512.57763
508.82058
504.96932
501.01229
496.96044
492.80145
488.54766
484.18598
479.7302
475.1665
470.5101
465.74652
460.89242
455.93275
450.88549
445.73524
440.50108
435.16758
429.75451
424.24697
418.66474
412.99427
407.25435
401.43397
395.54946
389.59412
383.57956
377.5061
371.37733
365.2044
358.97822
352.72635
346.42019
340.11168
333.74312
327.4022
320.98836
314.64121
308.19801
301.87305
295.41423
289.14256
282.67852
276.4947
270.03196
263.97347
257.51316
251.62186
245.15983
239.48051
233.0089
227.58875
221.09395
215.99737
209.5245
204.99816
199.59904
200.39465
209.94963
250.56563
364.99018
573.01478
732.09286
797.81417
815.21543
818.66139
813.93874
809.2997
799.29329
794.29751
777.40995
577.81918
576.10462
574.32851
572.48961
570.58567
568.61549
566.57674
564.46823
562.28758
560.0336
557.70386
555.29722
552.81128
550.24491
547.59579
544.86282
542.04376
539.13756
536.14213
533.05643
529.87861
526.60763
523.24195
519.7805
516.22217
512.56581
508.81086
504.95601
501.00142
496.94551
492.78937
488.531
484.17266
479.71169
475.15187
470.48958
465.73055
460.86975
455.91539
450.8605
445.71646
440.47359
435.14733
429.72435
424.22521
418.63171
412.97096
407.21826
401.40906
395.51013
389.56752
383.53682
377.47767
371.33101
365.17395
358.92825
352.69356
346.36656
340.07605
333.68605
327.36294
320.92839
314.59707
308.13626
301.82203
295.35268
289.0815
282.62071
276.41859
269.9833
263.8752
257.48239
251.49098
245.15863
239.30245
233.0513
227.33764
221.20167
215.62408
209.65877
204.20114
198.55321
193.50423
189.86765
192.44116
209.50204
270.16509
425.45958
615.76677
721.72576
760.54341
766.85251
767.01823
760.60383
756.48452
744.0714
577.81893
576.10394
574.32801
572.48865
570.58491
568.6142
566.57566
564.46655
562.28611
560.03144
557.70192
555.29451
552.80881
550.2416
547.59273
544.85883
542.04005
539.13282
536.1377
533.05087
529.8734
526.60119
523.2359
519.77311
516.21522
512.55741
508.80295
504.94652
500.99249
496.93488
492.77936
488.51915
484.16149
479.69856
475.13948
470.4751
465.71686
460.85384
455.9003
450.84311
445.69987
440.45468
435.12913
429.70387
424.20525
418.60965
412.94905
407.19465
401.38498
395.48503
389.54097
383.51038
377.44828
371.30345
365.14121
358.89988
352.6568
346.33786
340.03439
333.65774
327.31516
320.90157
314.54149
308.11258
301.75628
295.33459
289.00227
282.61145
276.32152
269.98682
263.75467
257.50399
251.33903
245.20604
239.108
233.13654
227.09356
221.33603
215.31814
209.84661
203.79965
198.7218
192.55212
188.16578
182.17819
181.26372
186.68008
216.09998
298.81194
485.6002
635.81781
697.46978
719.40151
719.29345
718.38678
709.15591
577.81884
576.10389
574.32773
572.48843
570.58444
568.61379
566.57495
564.46588
562.28507
560.03044
557.7005
555.29315
552.80695
550.2398
547.59037
544.85655
542.03713
539.13
536.13415
533.04747
529.86916
526.59716
523.23091
519.76841
516.20943
512.55199
508.79629
504.94035
500.9849
496.92791
492.77078
488.51136
484.15184
479.68991
475.12868
470.46557
465.70482
460.84341
455.88692
450.83177
445.68503
440.44242
435.11269
429.69072
424.18704
418.59568
412.92888
407.17993
401.3626
395.46969
389.51609
383.4946
377.42055
371.28744
365.11023
358.88391
352.62207
346.32225
339.99533
333.64291
327.27104
320.8881
314.49137
308.1013
301.69895
295.32658
288.93618
282.60794
276.2448
269.98898
263.6658
257.51246
251.23798
245.21992
238.99662
233.15201
226.97424
221.3467
215.20113
209.83817
203.70528
198.65848
192.51678
187.83448
181.70868
177.53919
172.3103
173.38381
183.64981
231.00937
342.93171
530.31271
633.019
665.53637
677.31809
672.85266
577.819
576.10433
574.32776
572.48878
570.58432
568.61404
566.57465
564.46597
562.28454
560.03033
557.69966
555.29277
552.80576
550.23912
547.58877
544.85551
542.03505
539.12857
536.13155
533.0456
529.86599
526.59481
523.22712
519.76555
516.20496
512.54858
508.79109
504.93637
500.97891
496.92333
492.76396
488.50615
484.14413
479.68404
475.12003
470.45902
465.69514
460.83617
455.87616
450.82381
445.67309
440.43374
435.09948
429.68132
424.17246
418.58557
412.91281
407.16913
401.34491
395.45823
389.49666
383.48249
377.39926
371.27468
365.08698
358.87045
352.59682
346.30798
339.96806
333.62765
327.24174
320.8717
314.46
308.08363
301.6654
295.30757
288.90051
282.58724
276.20806
269.96513
263.63037
257.48239
251.20782
245.17867
238.97791
233.09273
226.97549
221.25926
215.23563
209.7012
203.7968
198.4382
192.69253
187.48621
181.95832
176.8621
171.68901
166.89274
163.64386
166.92604
185.57677
258.19191
402.44793
551.52842
615.02621
629.69112
577.81943
576.105
574.32812
572.48941
570.58461
568.61461
566.57484
564.46645
562.28457
560.03066
557.69948
555.29291
552.80531
550.23902
547.58802
544.85514
542.03396
539.12788
536.13006
533.04454
529.86406
526.59334
523.2247
519.76363
516.20202
512.54619
508.7876
504.93347
500.97485
496.91988
492.75929
488.50213
484.13882
479.6794
475.11405
470.45373
465.68847
460.83018
455.86876
450.81709
445.66495
440.42623
435.09056
429.67297
424.16275
418.57631
412.90229
407.15888
401.33361
395.44688
389.48463
383.46988
377.38663
371.26056
365.07396
358.85445
352.58374
346.28961
339.95537
333.60628
327.22999
320.84663
314.44975
308.05416
301.65724
295.27292
288.89521
282.54622
276.20675
269.91578
263.63537
257.42067
251.22326
245.09902
239.00913
232.98852
227.02832
221.12285
215.31783
209.52777
203.91777
198.21778
192.8652
187.2082
182.19171
176.50504
171.94362
166.09281
162.28343
156.46989
156.18638
163.49626
196.26214
304.31091
449.10325
555.17869
577.82012
576.10572
574.3288
572.49012
570.58528
568.6153
566.57547
564.46708
562.28512
560.03118
557.69991
555.29328
552.80558
550.2392
547.58809
544.85508
542.03378
539.12753
536.12961
533.04387
529.86329
526.59231
523.22359
519.7622
516.20055
512.54431
508.78574
504.9311
500.97259
496.917
492.75661
488.49869
484.13572
479.67536
475.11052
470.44905
465.68451
460.8248
455.86437
450.81094
445.66013
440.41926
435.08533
429.66509
424.15713
418.56743
412.89633
407.14888
401.32739
395.4356
389.47828
383.45708
377.38035
371.24594
365.06806
358.83761
352.5786
346.27002
339.95146
333.5834
327.22776
320.81993
314.44957
308.02322
301.65934
295.23735
288.89975
282.50551
276.21424
269.86872
263.64712
257.36618
251.2407
245.03622
239.03188
232.91928
227.05241
221.05239
215.33674
209.45944
203.9281
198.15463
192.86113
187.1651
182.14958
176.52366
171.80744
166.25575
161.81636
156.43929
152.30824
148.00827
149.54069
165.05103
216.69278
393.23064
577.82099
576.10646
574.32971
572.49088
570.58623
568.61607
566.57643
564.46783
562.28607
560.03186
557.70081
555.29385
552.80639
550.23962
547.58876
544.8553
542.03429
539.12751
536.12992
533.04357
529.86338
526.59168
523.22343
519.76122
516.20011
512.54294
508.78502
504.92931
500.97156
496.91475
492.75527
488.49595
484.13407
479.6721
475.10855
470.44522
465.68222
460.82036
455.86176
450.80586
445.65721
440.41348
435.0821
429.65856
424.15361
418.56008
412.89255
407.14062
401.3234
395.42631
389.47417
383.44661
377.37624
371.23409
365.06413
358.82412
352.57507
346.25465
339.94853
333.56592
327.22553
320.8002
314.44801
308.00133
301.65818
295.21352
288.89861
282.48002
276.21284
269.84179
263.64509
257.33809
251.23685
245.00925
239.02245
232.8993
227.03017
221.04782
215.29487
209.47605
203.86053
198.19876
192.75768
187.2541
181.97795
176.69568
171.52147
166.53894
161.41837
156.8097
151.62377
147.60724
142.40596
140.78933
145.30972
220.79421
577.82202
576.10733
574.33079
572.49179
570.58738
568.61701
566.57763
564.46878
562.28729
560.03279
557.70201
555.29471
552.80754
550.24037
547.58983
544.8559
542.03524
539.12794
536.13071
533.04377
529.86399
526.59163
523.22383
519.76087
516.20029
512.54227
508.78494
504.9283
500.97122
496.91338
492.75465
488.49419
484.13315
479.66993
475.10732
470.44263
465.68067
460.81733
455.85988
450.80238
445.65497
440.40952
435.0795
429.65412
424.15062
418.55512
412.88916
407.13513
401.3196
395.42026
389.46996
383.43994
377.37166
371.22672
365.05922
358.81598
352.56988
346.24565
339.94308
333.55603
327.21979
320.78952
314.44177
307.99007
301.65115
295.20201
288.89052
282.46843
276.20353
269.83024
263.63424
257.32722
251.22283
245.00174
239.00094
232.90028
226.99463
221.06271
215.24079
209.50494
203.79376
198.23365
192.68325
187.29679
181.88731
176.75931
171.41097
166.61029
161.31547
156.84762
151.57836
147.52954
142.22051
138.69004
133.77482
144.66041
577.82318
576.1084
574.33203
572.49292
570.58869
568.6182
566.57902
564.47002
562.28872
560.03403
557.70345
555.29593
552.80895
550.24153
547.59118
544.85696
542.0365
539.12886
536.13184
533.04453
529.86495
526.59219
523.2246
519.76121
516.20084
512.54237
508.78526
504.92813
500.97128
496.91293
492.75443
488.49345
484.13264
479.6689
475.10649
470.44129
465.6795
460.8157
455.85833
450.80045
445.65302
440.40731
435.07711
429.65163
424.14776
418.55238
412.88578
407.13215
401.31565
395.41705
389.4654
383.43654
377.36644
371.22315
365.0533
358.81225
352.56321
346.24178
339.93561
333.55203
327.21148
320.78537
314.43267
307.98557
301.64148
295.1967
288.88084
282.46154
276.1947
269.82076
263.62713
257.31455
251.21748
244.98672
238.99582
232.88489
226.98932
221.04593
215.23878
209.48084
203.80275
198.19351
192.71034
187.23663
181.93278
176.67778
171.48433
166.48269
161.456
156.62684
151.82964
147.1777
142.60452
138.0754
133.85353
129.52382
577.82449
576.10969
574.33343
572.4943
570.59018
568.61966
566.58058
564.47154
562.29034
560.03559
557.7051
555.29749
552.8106
550.24306
547.59279
544.85844
542.03803
539.13024
536.13326
533.04579
529.86623
526.59329
523.22571
519.76213
516.20175
512.54309
508.78594
504.92864
500.97171
496.91322
492.7546
488.4935
484.13252
479.66872
475.10607
470.44088
465.67875
460.81506
455.85723
450.79959
445.65154
440.40624
435.0752
429.65037
424.14539
418.55095
412.88291
407.13058
401.31224
395.41537
389.4614
383.43477
377.3618
371.22132
365.04798
358.81037
352.5572
346.23982
339.92894
333.54992
327.20428
320.78286
314.42524
307.9822
301.63446
295.19158
288.8753
282.45329
276.19221
269.80764
263.62935
257.29504
251.22571
244.95913
239.01157
232.8473
227.01439
220.99498
215.27894
209.40793
203.86773
198.08922
192.80695
187.09815
182.06258
176.49923
171.66345
166.23772
161.7186
156.28517
152.19589
146.72329
143.10628
137.46129
134.54023
127.6713
577.82595
576.11118
574.33498
572.49588
570.59183
568.62134
566.58233
564.4733
562.29215
560.03741
557.70696
555.29934
552.81247
550.24491
547.59464
544.86026
542.03982
539.13199
536.13497
533.04744
529.86782
526.59482
523.22715
519.76351
516.20302
512.5443
508.78701
504.92966
500.97257
496.91404
492.75522
488.49412
484.13288
479.66912
475.10615
470.44107
465.67854
460.81503
455.85672
450.79935
445.6507
440.4058
435.07402
429.64974
424.14383
418.55015
412.88095
407.12961
401.30985
395.41426
389.45855
383.43353
377.35847
371.21995
365.04415
358.80887
352.55289
346.23815
339.92423
333.54793
327.19933
320.78029
314.4204
307.97857
301.63034
295.1861
288.87286
282.44478
276.19277
269.79458
263.6346
257.27543
251.23767
244.93132
239.03192
232.80943
227.04528
220.94461
215.32283
209.34279
203.92621
198.00873
192.87924
187.00337
182.14847
176.38773
171.76798
166.10315
161.84295
156.13586
152.32044
146.58668
143.19932
137.38274
134.53022
127.53925
577.82756
576.11283
574.33669
572.49764
570.59365
568.6232
566.58424
564.47525
562.29415
560.03944
557.70901
555.30142
552.81456
550.24701
547.59672
544.86233
542.04188
539.13402
536.13696
533.04939
529.86971
526.59666
523.22891
519.76522
516.20462
512.54586
508.78845
504.93105
500.97381
496.91525
492.75625
488.49513
484.1337
479.66993
475.10674
470.44167
465.67888
460.81542
455.85679
450.79953
445.6505
440.40577
435.07354
429.6495
424.14306
418.5497
412.87987
407.12897
401.30845
395.41342
389.45682
383.4325
377.3564
371.21873
365.04175
358.80743
352.55017
346.23646
339.92124
333.5459
327.19619
320.77777
314.41732
307.97527
301.62766
295.18157
288.8711
282.43839
276.19265
269.78551
263.63699
257.26281
251.24343
244.9142
239.04188
232.78709
227.06008
220.91652
215.34273
209.30908
203.95043
197.97081
192.90595
186.96288
182.17671
176.34448
171.79847
166.05737
161.87184
156.09564
152.33723
146.56011
143.20043
137.37042
134.51803
127.51704
577.8293
576.11463
574.33854
572.49955
570.59561
568.62522
566.58631
564.47737
562.29631
560.04164
557.71125
555.30368
552.81683
550.2493
547.59902
544.86463
542.04415
539.13629
536.13919
533.05159
529.87186
526.59877
523.23096
519.76722
516.20654
512.54772
508.79021
504.93275
500.9754
496.91677
492.75766
488.49647
484.1349
479.67108
475.10773
470.44262
465.67966
460.81617
455.85735
450.80006
445.65082
440.40609
435.07362
429.6496
424.1429
418.54959
412.87946
407.12865
401.30779
395.41288
389.4559
383.43174
377.35522
371.21776
365.04032
358.80623
352.5485
346.23501
339.91935
333.54418
327.19412
320.7757
314.41516
307.97273
301.62555
295.1784
288.86925
282.43432
276.19135
269.78023
263.63652
257.25609
251.24396
244.90579
239.04369
232.77676
227.06325
220.90429
215.34702
209.29541
203.95512
197.9566
192.91007
186.94883
182.17994
176.33039
171.8011
166.04346
161.87242
156.08422
152.33369
146.5519
143.19437
137.3634
134.51064
127.50816
577.83117
576.11655
574.34052
572.50158
570.5977
568.62737
566.58851
564.47963
562.29862
560.04399
557.71363
555.3061
552.81928
550.25177
547.60149
544.86711
542.04663
539.13875
536.14163
533.05401
529.87424
526.60111
523.23325
519.76945
516.20871
512.54983
508.79224
504.93472
500.97728
496.91858
492.75937
488.49811
484.13643
479.67253
475.10907
470.44388
465.68079
460.81723
455.85828
450.80092
445.65154
440.40674
435.07413
429.65004
424.14318
418.54981
412.87953
407.12866
401.30763
395.41269
389.45552
383.43134
377.35463
371.21714
365.0395
358.8054
352.54747
346.23396
339.91811
333.5429
327.1927
320.77417
314.41357
307.97092
301.62384
295.17626
288.86747
282.4318
276.18956
269.77723
263.63483
257.25247
251.24252
244.90151
239.04246
232.77186
227.06217
220.89885
215.34595
209.28961
203.95379
197.95074
192.90817
186.94312
182.17745
176.32467
171.79819
166.03771
161.86876
156.0791
152.32868
146.5467
143.18878
137.35756
134.50466
127.5018
577.83315
576.11859
574.34262
572.50374
570.59992
568.62965
566.59084
564.48202
562.30106
560.04648
557.71617
555.30867
552.82188
550.25439
547.60413
544.86976
542.04928
539.1414
536.14426
533.05662
529.87682
526.60366
523.23575
519.77191
516.21111
512.55217
508.79452
504.93693
500.97941
496.92063
492.76134
488.49999
484.13823
479.67424
475.11069
470.44541
465.68222
460.81856
455.85951
450.80206
445.65258
440.40768
435.07496
429.65079
424.14382
418.55036
412.87995
407.12899
401.30785
395.41281
389.45554
383.43127
377.35444
371.21687
365.03912
358.80493
352.54688
346.2333
339.91734
333.54203
327.19174
320.77311
314.41243
307.96966
301.62252
295.17478
288.866
282.43009
276.18794
269.7753
263.63307
257.2503
251.24063
244.89906
239.04045
232.76914
227.06002
220.89588
215.34362
209.28646
203.95119
197.94747
192.90524
186.93972
182.17421
176.32108
171.79468
166.03388
161.86492
156.07507
152.32455
146.54248
143.18445
137.35303
134.50001
127.49684
577.83526
576.12075
574.34484
572.50602
570.60225
568.63204
566.5933
564.48453
562.30362
560.04909
557.71883
555.31137
552.82461
550.25715
547.60692
544.87256
542.05209
539.14421
536.14706
533.05941
529.87959
526.6064
523.23845
519.77456
516.21371
512.55472
508.797
504.93935
500.98176
496.92291
492.76354
488.50212
484.14027
479.67619
475.11255
470.44718
465.6839
460.82015
455.861
450.80346
445.65388
440.40888
435.07607
429.65179
424.14472
418.55117
412.88066
407.12961
401.30836
395.41324
389.45586
383.43149
377.35456
371.2169
365.03905
358.80478
352.54664
346.23296
339.91691
333.54152
327.19113
320.77241
314.41165
307.96879
301.62158
295.17374
288.86489
282.42888
276.18667
269.77391
263.63165
257.24874
251.23905
244.89733
239.03872
232.76724
227.05814
220.89381
215.34156
209.28422
203.94896
197.94507
192.90282
186.93716
182.1716
176.31834
171.79188
166.03095
161.86191
156.07193
152.32133
146.53914
143.18102
137.34946
134.49635
127.49293
577.83747
576.12302
574.34717
572.50841
570.6047
568.63455
566.59587
564.48716
562.3063
560.05183
557.72161
555.3142
552.82748
550.26005
547.60985
544.87551
542.05505
539.14717
536.15002
533.06236
529.88252
526.6093
523.24132
519.7774
516.2165
512.55746
508.79969
504.94197
500.98432
496.92539
492.76595
488.50444
484.14251
479.67836
475.11463
470.44917
465.6858
460.82196
455.86272
450.80508
445.6554
440.41031
435.0774
429.65303
424.14586
418.55221
412.88161
407.13046
401.30912
395.4139
389.45642
383.43196
377.35495
371.21719
365.03925
358.80489
352.54665
346.23289
339.91675
333.54128
327.19081
320.77201
314.41117
307.96823
301.62094
295.17302
288.86409
282.42801
276.18573
269.77289
263.63056
257.24757
251.23782
244.89602
239.03735
232.76578
227.05663
220.89222
215.33992
209.28249
203.94716
197.9432
192.90089
186.93514
182.16952
176.31617
171.78964
166.02863
161.85952
156.06944
152.31878
146.53648
143.1783
137.34663
134.49344
127.48982
577.8398
576.12541
574.34961
572.51091
570.60727
568.63717
566.59855
564.4899
562.3091
560.05468
557.72451
555.31715
552.83047
550.26308
547.6129
544.87858
542.05814
539.15027
536.15313
533.06546
529.8856
526.61237
523.24436
519.7804
516.21946
512.56037
508.80255
504.94477
500.98705
496.92806
492.76854
488.50696
484.14495
479.68071
475.1169
470.45135
465.6879
460.82396
455.86463
450.80689
445.65713
440.41194
435.07893
429.65446
424.1472
418.55345
412.88276
407.13151
401.31008
395.41476
389.45719
383.43264
377.35553
371.21769
365.03966
358.80521
352.54689
346.23304
339.91682
333.54127
327.19072
320.77184
314.41092
307.9679
301.62054
295.17255
288.86355
282.4274
276.18505
269.77215
263.62975
257.2467
251.23688
244.89501
239.03629
232.76465
227.05545
220.89096
215.33861
209.28112
203.94573
197.9417
192.89934
186.93352
182.16785
176.31443
171.78785
166.02677
161.8576
156.06745
152.31673
146.53435
143.17611
137.34436
134.49111
127.48731
577.84224
576.12791
574.35217
572.51353
570.60994
568.63991
566.60135
564.49275
562.31201
560.05765
557.72753
555.32021
552.83358
550.26623
547.61608
544.88179
542.06137
539.15351
536.15637
533.0687
529.88884
526.61558
523.24755
519.78356
516.22259
512.56345
508.80557
504.94774
500.98996
496.93091
492.77131
488.50966
484.14757
479.68325
475.11935
470.45372
465.69017
460.82615
455.86672
450.80889
445.65903
440.41375
435.08064
429.65608
424.14872
418.55487
412.88408
407.13274
401.31121
395.4158
389.45814
383.4335
377.3563
371.21836
365.04024
358.80571
352.5473
346.23338
339.91707
333.54144
327.1908
320.77186
314.41086
307.96777
301.62033
295.17228
288.86321
282.427
276.18458
269.77162
263.62915
257.24604
251.23617
244.89424
239.03547
232.76376
227.05451
220.88997
215.33756
209.28002
203.94458
197.9405
192.89809
186.93221
182.16651
176.31302
171.78639
166.02527
161.85604
156.06583
152.31507
146.53263
143.17433
137.34252
134.48923
127.48527
577.84479
576.13051
574.35483
572.51625
570.61272
568.64275
566.60425
564.49571
562.31503
560.06072
557.73066
555.32339
552.8368
550.26949
547.61938
544.88512
542.06472
539.15688
536.15975
533.07207
529.89221
526.61894
523.25089
519.78687
516.22586
512.56668
508.80876
504.95087
500.99303
496.93391
492.77425
488.51252
484.15036
479.68596
475.12197
470.45625
465.69262
460.8285
455.86898
450.81105
445.6611
440.41572
435.08251
429.65785
424.15039
418.55645
412.88556
407.13412
401.31249
395.41699
389.45923
383.4345
377.3572
371.21918
365.04097
358.80635
352.54786
346.23385
339.91746
333.54175
327.19104
320.77202
314.41095
307.96779
301.62028
295.17216
288.86302
282.42675
276.18427
269.77125
263.62872
257.24556
251.23563
244.89365
239.03482
232.76306
227.05377
220.88917
215.33672
209.27914
203.94365
197.93952
192.89707
186.93114
182.1654
176.31186
171.7852
166.02403
161.85476
156.0645
152.31371
146.53122
143.17288
137.34102
134.48768
127.4836
577.84745
576.13323
574.35761
572.51908
570.61562
568.6457
566.60726
564.49878
562.31816
560.0639
557.73389
555.32667
552.84013
550.27286
547.62279
544.88856
542.06818
539.16036
536.16324
533.07558
529.89571
526.62243
523.25436
519.79032
516.22928
512.57006
508.81209
504.95415
500.99626
496.93707
492.77734
488.51554
484.1533
479.68882
475.12474
470.45894
465.69521
460.831
455.87139
450.81336
445.66331
440.41783
435.08453
429.65976
424.1522
418.55816
412.88717
407.13563
401.31391
395.4183
389.46045
383.43562
377.35823
371.22012
365.04182
358.80712
352.54853
346.23444
339.91797
333.54218
327.19139
320.7723
314.41115
307.96793
301.62034
295.17216
288.86296
282.42662
276.18407
269.77101
263.62842
257.24521
251.23522
244.89319
239.03432
232.7625
227.05317
220.88852
215.33603
209.27841
203.94287
197.93871
192.89623
186.93024
182.16449
176.3109
171.78419
166.023
161.85369
156.06339
152.31257
146.53004
143.17166
137.33977
134.4864
127.4822
577.85023
576.13606
574.36049
572.52203
570.61862
568.64876
566.61038
564.50196
562.32139
560.06719
557.73723
555.33007
552.84357
550.27634
547.62631
544.89211
542.07177
539.16397
536.16686
533.07921
529.89933
526.62605
523.25797
519.79391
516.23283
512.57358
508.81557
504.95758
500.99963
496.94038
492.78058
488.51871
484.15639
479.69182
475.12767
470.46177
465.69795
460.83365
455.87394
450.81582
445.66566
440.42008
435.08667
429.66181
424.15414
418.56
412.88891
407.13727
401.31544
395.41973
389.46178
383.43685
377.35937
371.22116
365.04277
358.80798
352.5493
346.23513
339.91857
333.54271
327.19183
320.77267
314.41144
307.96815
301.6205
295.17225
288.86298
282.42659
276.18397
269.77086
263.6282
257.24495
251.2349
244.89283
239.03391
232.76205
227.05268
220.88798
215.33545
209.2778
203.94221
197.93803
192.8955
186.92948
182.1637
176.31007
171.78334
166.02212
161.85277
156.06245
152.3116
146.52904
143.17063
137.33871
134.48531
127.481
577.85312
576.139
574.36349
572.52508
570.62173
568.65193
566.6136
564.50524
562.32473
560.07059
557.74068
555.33356
552.84712
550.27993
547.62994
544.89578
542.07546
539.16769
536.1706
533.08295
529.90308
526.6298
523.2617
519.79762
516.23652
512.57723
508.81918
504.96115
501.00314
496.94383
492.78397
488.52202
484.15963
479.69498
475.13074
470.46475
465.70084
460.83644
455.87663
450.8184
445.66814
440.42246
435.08895
429.66397
424.1562
418.56195
412.89075
407.13901
401.31707
395.42126
389.46321
383.43818
377.3606
371.22229
365.0438
358.80892
352.55016
346.2359
339.91925
333.54331
327.19235
320.77311
314.4118
307.96844
301.62071
295.17241
288.86306
282.42662
276.18394
269.77078
263.62806
257.24476
251.23466
244.89254
239.03358
232.76166
227.05226
220.88752
215.33495
209.27727
203.94164
197.93743
192.89487
186.92881
182.16301
176.30935
171.78259
166.02135
161.85196
156.06162
152.31076
146.52816
143.16973
137.33779
134.48437
127.47996
577.85611
576.14205
574.3666
572.52824
570.62494
568.6552
566.61693
564.50863
562.32817
560.07408
557.74423
555.33717
552.85077
550.28363
547.63368
544.89955
542.07927
539.17152
536.17445
533.08681
529.90695
526.63367
523.26556
519.80146
516.24034
512.58102
508.82293
504.96485
501.00679
496.94742
492.78749
488.52548
484.163
479.69827
475.13394
470.46786
465.70386
460.83935
455.87944
450.82112
445.67075
440.42496
435.09134
429.66625
424.15837
418.56401
412.8927
407.14085
401.3188
395.42289
389.46472
383.43959
377.3619
371.2235
365.04491
358.80993
352.55107
346.23673
339.91999
333.54396
327.19292
320.7736
314.41222
307.96879
301.62098
295.17262
288.8632
282.4267
276.18395
269.77074
263.62796
257.24461
251.23446
244.89229
239.03329
232.76133
227.05189
220.88711
215.33451
209.27679
203.94112
197.93689
192.89429
186.9282
182.16239
176.30869
171.7819
166.02066
161.85123
156.06088
152.30999
146.52738
143.16892
137.33697
134.48353
127.47904
577.85923
576.14522
574.36981
572.53151
570.62827
568.65859
566.62037
564.51212
562.33172
560.07769
557.74789
555.34088
552.85453
550.28743
547.63752
544.90343
542.08318
539.17546
536.17841
533.09079
529.91094
526.63765
523.26954
519.80543
516.24429
512.58494
508.82681
504.96868
501.01057
496.95115
492.79115
488.52907
484.16651
479.7017
475.13728
470.47111
465.70701
460.8424
455.88239
450.82396
445.67348
440.42758
435.09384
429.66864
424.16065
418.56617
412.89475
407.14278
401.32062
395.42459
389.46632
383.44108
377.36328
371.22478
365.04608
358.81101
352.55204
346.23761
339.92077
333.54466
327.19353
320.77413
314.41267
307.96917
301.62128
295.17285
288.86336
282.42681
276.18399
269.77073
263.62788
257.2445
251.23428
244.89207
239.03303
232.76102
227.05155
220.88672
215.33409
209.27634
203.94063
197.93639
192.89375
186.92763
182.16181
176.30808
171.78127
166.02002
161.85055
156.06019
152.30929
146.52666
143.16818
137.33622
134.48276
127.47818
577.86245
576.1485
574.37315
572.5349
570.63171
568.66208
566.62392
564.51573
562.33538
560.0814
557.75166
555.34469
552.85839
550.29134
547.64148
544.90743
542.08721
539.17951
536.18249
533.09489
529.91504
526.64176
523.27364
519.80952
516.24836
512.58899
508.83082
504.97265
501.01449
496.95501
492.79495
488.53279
484.17016
479.70526
475.14076
470.47449
465.71029
460.84558
455.88546
450.82691
445.67633
440.43031
435.09646
429.67114
424.16303
418.56843
412.89688
407.14479
401.32252
395.42637
389.46798
383.44263
377.36472
371.22611
365.0473
358.81213
352.55306
346.23853
339.92159
333.5454
327.19417
320.7747
314.41314
307.96957
301.6216
295.17311
288.86354
282.42693
276.18404
269.77073
263.62781
257.24439
251.23411
244.89186
239.03277
232.76072
227.05122
220.88635
215.33368
209.27591
203.94015
197.93589
192.89323
186.92708
182.16124
176.30748
171.78065
166.0194
161.8499
156.05953
152.30861
146.52597
143.16747
137.33552
134.48204
127.47738
577.8658
576.15189
574.37659
572.5384
570.63526
568.66569
566.62758
564.51944
562.33915
560.08522
557.75553
555.34862
552.86237
550.29536
547.64554
544.91153
542.09134
539.18368
536.18668
533.0991
529.91927
526.64599
523.27787
519.81374
516.25256
512.59316
508.83497
504.97676
501.01855
496.95901
492.79888
488.53665
484.17394
479.70896
475.14436
470.478
465.7137
460.84889
455.88865
450.83
445.67929
440.43315
435.09918
429.67374
424.1655
418.57078
412.89911
407.14689
401.3245
395.42823
389.46972
383.44425
377.36622
371.22749
365.04857
358.81329
352.55411
346.23949
339.92245
333.54616
327.19483
320.77528
314.41363
307.96998
301.62193
295.17337
288.86372
282.42705
276.18408
269.77073
263.62774
257.24428
251.23394
244.89165
239.03251
232.76041
227.05088
220.88597
215.33326
209.27547
203.93966
197.9354
192.8927
186.92652
182.16068
176.30689
171.78003
166.01878
161.84925
156.05888
152.30795
146.5253
143.16677
137.33483
134.48133
127.4766
577.86927
576.15541
574.38016
572.54202
570.63894
568.66941
566.63136
564.52327
562.34304
560.08916
557.75952
555.35266
552.86645
550.2995
547.64972
544.91575
542.0956
539.18797
536.19099
533.10343
529.92361
526.65034
523.28222
519.81809
516.25689
512.59747
508.83924
504.98099
501.02274
496.96314
492.80295
488.54065
484.17786
479.7128
475.14811
470.48165
465.71724
460.85232
455.89197
450.8332
445.68237
440.43611
435.10201
429.67644
424.16807
418.57322
412.90142
407.14908
401.32655
395.43015
389.47151
383.44592
377.36776
371.22892
365.04988
358.81449
352.5552
346.24047
339.92332
333.54694
327.19551
320.77586
314.41412
307.9704
301.62226
295.17363
288.8639
282.42717
276.18412
269.77072
263.62766
257.24415
251.23375
244.89142
239.03224
232.76008
227.05052
220.88557
215.33282
209.27502
203.93916
197.93489
192.89215
186.92595
182.1601
176.30628
171.77941
166.01816
161.84859
156.05822
152.30728
146.52462
143.16608
137.33414
134.48063
127.47583
577.87286
576.15905
574.38385
572.54576
570.64273
568.67326
566.63526
564.52723
562.34704
560.09322
557.76363
555.35682
552.87066
550.30375
547.65402
544.92009
542.09997
539.19237
536.19543
533.10789
529.92808
526.65482
523.28671
519.82257
516.26136
512.60191
508.84366
504.98537
501.02707
496.96742
492.80716
488.54479
484.18193
479.71677
475.15199
470.48543
465.72091
460.85588
455.89542
450.83652
445.68557
440.43917
435.10494
429.67924
424.17074
418.57575
412.90381
407.15134
401.32867
395.43214
389.47337
383.44765
377.36936
371.23039
365.05123
358.81572
352.55631
346.24147
339.92421
333.54773
327.19619
320.77646
314.41462
307.97081
301.62258
295.17387
288.86406
282.42727
276.18414
269.77069
263.62755
257.244
251.23354
244.89116
239.03193
232.75973
227.05014
220.88513
215.33236
209.27453
203.93862
197.93435
192.89157
186.92535
182.1595
176.30564
171.77875
166.01751
161.8479
156.05754
152.30659
146.52392
143.16537
137.33344
134.47992
127.47505
577.87659
576.16283
574.38768
572.54963
570.64666
568.67724
566.63929
564.53131
562.35118
560.09741
557.76787
555.36111
552.875
550.30814
547.65844
544.92455
542.10448
539.19691
536.19999
533.11248
529.93269
526.65944
523.29133
519.82718
516.26596
512.6065
508.84821
504.98989
501.03154
496.97184
492.81152
488.54908
484.18613
479.72089
475.15601
470.48935
465.72473
460.85958
455.89899
450.83997
445.68889
440.44236
435.10799
429.68215
424.17351
418.57838
412.9063
407.15368
401.33087
395.4342
389.47529
383.44943
377.37101
371.23191
365.05261
358.81698
352.55745
346.24249
339.92511
333.54853
327.19688
320.77705
314.41511
307.97121
301.62289
295.17411
288.8642
282.42735
276.18414
269.77063
263.62741
257.24382
251.23329
244.89086
239.03159
232.75933
227.04971
220.88466
215.33185
209.274
203.93805
197.93377
192.89096
186.92471
182.15885
176.30496
171.77806
166.01683
161.84718
156.05682
152.30587
146.5232
143.16462
137.33271
134.47918
127.47425
577.88046
576.16674
574.39164
572.55365
570.65072
568.68136
566.64346
564.53553
562.35545
560.10174
557.77225
555.36554
552.87948
550.31266
547.66301
544.92917
542.10913
539.20159
536.2047
533.11721
529.93745
526.66421
523.2961
519.83195
516.27072
512.61124
508.85293
504.99457
501.03618
496.97642
492.81604
488.55353
484.1905
479.72517
475.16019
470.49342
465.72869
460.86342
455.90271
450.84356
445.69234
440.44567
435.11116
429.68518
424.17638
418.5811
412.90887
407.1561
401.33314
395.43633
389.47727
383.45127
377.3727
371.23347
365.05403
358.81828
352.5586
346.24353
339.92602
333.54933
327.19757
320.77764
314.41559
307.9716
301.62318
295.17432
288.86432
282.4274
276.1841
269.77054
263.62724
257.2436
251.233
244.89053
239.0312
232.75889
227.04924
220.88415
215.3313
209.27343
203.93742
197.93314
192.89029
186.92402
182.15816
176.30424
171.77733
166.01611
161.84641
156.05607
152.30511
146.52243
143.16384
137.33194
134.47841
127.47342
577.88448
576.17081
574.39576
572.55782
570.65495
568.68563
566.64779
564.53991
562.35988
560.10622
557.77678
555.37012
552.88411
550.31734
547.66774
544.93393
542.11393
539.20644
536.20958
533.12211
529.94236
526.66914
523.30104
519.83689
516.27565
512.61615
508.85781
504.99942
501.04098
496.98117
492.82073
488.55814
484.19503
479.72961
475.16453
470.49766
465.73281
460.86742
455.90658
450.84729
445.69593
440.44911
435.11446
429.68832
424.17937
418.58393
412.91155
407.15862
401.3355
395.43853
389.47932
383.45316
377.37445
371.23507
365.05549
358.8196
352.55979
346.24459
339.92695
333.55015
327.19826
320.77822
314.41606
307.97198
301.62345
295.17451
288.86441
282.42742
276.18403
269.77041
263.62703
257.24334
251.23267
244.89015
239.03077
232.75841
227.04872
220.88358
215.33069
209.27281
203.93674
197.93247
192.88957
186.92328
182.15742
176.30346
171.77654
166.01533
161.8456
156.05526
152.3043
146.52162
143.16301
137.33114
134.47759
127.47254
577.88867
576.17505
574.40005
572.56216
570.65934
568.69008
566.65229
564.54446
562.36449
560.11088
557.78149
555.37488
552.88892
550.3222
547.67264
544.93888
542.11892
539.21146
536.21463
533.12719
529.94746
526.67426
523.30616
519.84201
516.28076
512.62125
508.86288
505.00446
501.04597
496.98611
492.8256
488.56295
484.19975
479.73424
475.16906
470.50207
465.7371
460.87158
455.9106
450.85117
445.69967
440.4527
435.11789
429.69159
424.18248
418.58688
412.91433
407.16123
401.33795
395.44082
389.48144
383.45513
377.37625
371.23673
365.05699
358.82096
352.561
346.24568
339.92789
333.55097
327.19895
320.77881
314.41652
307.97234
301.62371
295.17467
288.86448
282.42741
276.18392
269.77025
263.62677
257.24304
251.23229
244.88972
239.03029
232.75787
227.04815
220.88295
215.33003
209.27213
203.936
197.93173
192.8888
186.92248
182.15663
176.30263
171.77569
166.0145
161.84472
156.0544
152.30344
146.52075
143.16213
137.33028
134.47672
127.47162
577.89305
576.17949
574.40453
572.5667
570.66392
568.69472
566.65698
564.54921
562.36929
560.11573
557.7864
555.37984
552.89393
550.32726
547.67775
544.94403
542.12411
539.21669
536.21989
533.13248
529.95278
526.67958
523.3115
519.84735
516.28609
512.62656
508.86817
505.00971
501.05118
496.99127
492.83069
488.56796
484.20468
479.73907
475.17378
470.50668
465.74158
460.87593
455.91481
450.85524
445.70358
440.45645
435.12147
429.69501
424.18573
418.58995
412.91723
407.16396
401.34051
395.4432
389.48365
383.45717
377.37813
371.23845
365.05855
358.82237
352.56225
346.24679
339.92886
333.55181
327.19965
320.7794
314.41698
307.9727
301.62395
295.17483
288.86452
282.42738
276.18379
269.77006
263.62648
257.2427
251.23186
244.88924
239.02976
232.75728
227.04753
220.88228
215.32932
209.27139
203.93521
197.93094
192.88796
186.92162
182.15577
176.30174
171.77479
166.01361
161.84379
156.05348
152.30252
146.51983
143.1612
137.32937
134.4758
127.47064
577.89754
576.18402
574.40912
572.57134
570.66862
568.69946
566.66178
564.55406
562.3742
560.12069
557.79142
555.38491
552.89905
550.33243
547.68297
544.9493
542.12942
539.22203
536.22527
533.13789
529.95821
526.68503
523.31696
519.85281
516.29155
512.63201
508.87359
505.0151
501.05653
496.99655
492.83592
488.57311
484.20974
479.74403
475.17864
470.51142
465.74619
460.88041
455.91914
450.85941
445.7076
440.46031
435.12516
429.69852
424.18906
418.59311
412.9202
407.16675
401.34312
395.44563
389.4859
383.45925
377.38003
371.24018
365.06011
358.82377
352.56349
346.24789
339.9298
333.55262
327.20031
320.77994
314.41739
307.973
301.62412
295.1749
288.86448
282.42727
276.18356
269.76977
263.62609
257.24225
251.23133
244.88866
239.02912
232.75657
227.04679
220.88147
215.32848
209.27053
203.93428
197.93002
192.88699
186.92062
182.15478
176.3007
171.77374
166.01259
161.84271
156.05243
152.30146
146.51877
143.16012
137.32832
134.47475
127.46953
)
;

boundaryField
{
    inlet
    {
        type            fixedValue;
        value           uniform 1000;
    }
    outlet
    {
        type            inletOutlet;
        inletValue      uniform 1000;
        value           nonuniform List<scalar> 
80
(
180988.16
68823.889
37644.14
25028.307
18381.583
14327.334
11613.766
9678.1545
8232.2841
7113.9587
6225.1741
5503.3292
4906.6137
4406.0635
3980.992
3616.2386
3300.4437
3024.9315
2782.9641
2569.2315
2379.494
2210.3275
2058.938
1923.025
1800.679
1690.3042
1590.5591
1500.3104
1418.5987
1344.6106
1277.6575
1217.1617
1162.6504
1113.704
1069.8356
1030.515
995.23901
963.50217
934.75451
908.34792
883.47872
859.14977
834.18532
807.32158
777.40995
744.0714
709.15591
672.85266
629.69112
555.17869
393.23064
220.79421
144.66041
129.52382
127.6713
127.53925
127.51704
127.50816
127.5018
127.49684
127.49293
127.48982
127.48731
127.48527
127.4836
127.4822
127.481
127.47996
127.47904
127.47818
127.47738
127.4766
127.47583
127.47505
127.47425
127.47342
127.47254
127.47162
127.47064
127.46953
)
;
    }
    top
    {
        type            zeroGradient;
    }
    upstreamWall
    {
        type            symmetryPlane;
    }
    plate
    {
        type            omegaWallFunction;
        blending        binomial;
        n               2;
        value           nonuniform List<scalar> 
96
(
145139.09
235901.17
272934.02
268559.66
255172.16
244585.89
243959.51
245676.74
248433.11
249106.39
248692.8
247532.99
245986.49
244338.36
242616.07
240845.82
239110.36
237421.28
235775.78
234184.27
232652.17
231175.24
229776.04
228438.92
227148.19
225900.93
224695.96
223537.49
222428.67
221353.86
220311.8
219297.4
218319.36
217369.98
216447.95
215547.49
214671.06
213819.59
212986.81
212173.14
211378.3
210602.34
209840.47
209093.6
208362.69
207645.83
206940.76
206248.81
205569.38
204900.65
204242.68
203595.18
202957.07
202328.94
201709
201097.8
200495.43
199899.87
199312.31
198732.33
198158.74
197592.29
197031.93
196478.43
195930.11
195388.93
194852.32
194321.96
193796.43
193276.53
192760.94
192251.24
191745.08
191244.96
190747.8
190256.72
189767.96
189285.6
188804.83
188330.82
187857.61
187391.64
186925.54
186467.43
186008.16
185557.54
185104.8
184661.5
184214.7
183778.69
183336.93
182908.22
182472.87
182028.72
181680.39
180988.16
)
;
    }
    frontAndBack
    {
        type            empty;
    }
}


// ************************************************************************* //
