/*--------------------------------*- C++ -*----------------------------------*\
| =========                 |                                                 |
| \\      /  F ield         | OpenFOAM: The Open Source CFD Toolbox           |
|  \\    /   O peration     | Version:  2512                                  |
|   \\  /    A nd           | Website:  www.openfoam.com                      |
|    \\/     M anipulation  |                                                 |
\*---------------------------------------------------------------------------*/
FoamFile
{
    version     2.0;
    format      ascii;
    arch        "LSB;label=32;scalar=64";
    class       volVectorField;
    location    "0.399984";
    object      wallShearStress;
}
// * * * * * * * * * * * * * * * * * * * * * * * * * * * * * * * * * * * * * //

dimensions      [1 -1 -2 0 0 0 0];

internalField   uniform (0 0 0);

boundaryField
{
    inlet
    {
        type            calculated;
        value           uniform (0 0 0);
    }
    outlet
    {
        type            calculated;
        value           uniform (0 0 0);
    }
    top
    {
        type            calculated;
        value           uniform (0 0 0);
    }
    upstreamWall
    {
        type            symmetryPlane;
    }
    plate
    {
        type            calculated;
        value           nonuniform List<vector> 
96
(
(-10.941089 -0.061360887 0)
(-15.751748 -0.14487367 0)
(-15.993203 -0.16043861 0)
(-13.99487 -0.10640289 0)
(-12.289402 -0.042890773 0)
(-11.398764 0.00093368373 0)
(-11.360292 0.017699485 0)
(-11.530109 0.015799695 0)
(-11.72189 0.0092010902 0)
(-11.743304 0.0027557304 0)
(-11.659924 -0.00096613861 0)
(-11.516375 -0.0024994833 0)
(-11.346536 -0.003021515 0)
(-11.168688 -0.0032114778 0)
(-10.985669 -0.0032704835 0)
(-10.800457 -0.0032055828 0)
(-10.620123 -0.0030316283 0)
(-10.446504 -0.0028227996 0)
(-10.27919 -0.0026207117 0)
(-10.118606 -0.0024248923 0)
(-9.9650473 -0.0022375637 0)
(-9.8182596 -0.0020492479 0)
(-9.6798007 -0.0018639237 0)
(-9.5485197 -0.0017030472 0)
(-9.4229208 -0.0015663902 0)
(-9.3024175 -0.0014456961 0)
(-9.1867544 -0.001332097 0)
(-9.076184 -0.0012219478 0)
(-8.9708559 -0.0011227641 0)
(-8.8695502 -0.0010371551 0)
(-8.7719137 -0.00096185375 0)
(-8.6774758 -0.00089093002 0)
(-8.5867685 -0.00082381554 0)
(-8.4992381 -0.00076342336 0)
(-8.4146695 -0.00070963769 0)
(-8.3325495 -0.00066101088 0)
(-8.2529776 -0.00061463977 0)
(-8.1759858 -0.00057228499 0)
(-8.1010936 -0.00053423387 0)
(-8.028235 -0.00049893105 0)
(-7.9573651 -0.00046576303 0)
(-7.8884496 -0.00043563823 0)
(-7.8211117 -0.00040836474 0)
(-7.7553554 -0.0003825065 0)
(-7.6912367 -0.00035823024 0)
(-7.6286008 -0.00033618441 0)
(-7.567248 -0.00031577147 0)
(-7.5072432 -0.00029640731 0)
(-7.448534 -0.00027852409 0)
(-7.3909688 -0.00026202733 0)
(-7.3345216 -0.00024654397 0)
(-7.2791633 -0.00023212148 0)
(-7.2247944 -0.00021862014 0)
(-7.171448 -0.00020602213 0)
(-7.1189752 -0.00019432891 0)
(-7.067407 -0.00018319157 0)
(-7.0167345 -0.00017290469 0)
(-6.9668079 -0.00016329036 0)
(-6.9176886 -0.00015413335 0)
(-6.869353 -0.00014560761 0)
(-6.8216953 -0.00013762801 0)
(-6.7747669 -0.00013009156 0)
(-6.7284782 -0.00012299118 0)
(-6.6828859 -0.00011634989 0)
(-6.6378517 -0.00011003681 0)
(-6.5935229 -0.00010410904 0)
(-6.5496965 -9.8565843e-05 0)
(-6.5064971 -9.3300123e-05 0)
(-6.4638054 -8.835236e-05 0)
(-6.4216886 -8.3696755e-05 0)
(-6.3800285 -7.9274688e-05 0)
(-6.338955 -7.5114587e-05 0)
(-6.2982741 -7.118027e-05 0)
(-6.25818 -6.7466509e-05 0)
(-6.2184294 -6.3954099e-05 0)
(-6.1792606 -6.0647098e-05 0)
(-6.1403808 -5.750074e-05 0)
(-6.1020998 -5.4541545e-05 0)
(-6.0640474 -5.1727521e-05 0)
(-6.0266148 -4.9078145e-05 0)
(-5.9893459 -4.6559736e-05 0)
(-5.9527256 -4.4187947e-05 0)
(-5.9161959 -4.1925506e-05 0)
(-5.8803642 -3.9796813e-05 0)
(-5.8445431 -3.777035e-05 0)
(-5.8094629 -3.5859774e-05 0)
(-5.7743185 -3.4037698e-05 0)
(-5.7399693 -3.2332136e-05 0)
(-5.7054472 -3.0690736e-05 0)
(-5.6718177 -2.9178755e-05 0)
(-5.6378422 -2.7692796e-05 0)
(-5.6049182 -2.6309711e-05 0)
(-5.5716018 -2.5520001e-05 0)
(-5.5375991 -2.2441839e-05 0)
(-5.5112071 -2.6682278e-05 0)
(-5.4582742 -1.8714237e-05 0)
)
;
    }
    frontAndBack
    {
        type            empty;
    }
}


// ************************************************************************* //
