/*--------------------------------*- C++ -*----------------------------------*\
| =========                 |                                                 |
| \\      /  F ield         | OpenFOAM: The Open Source CFD Toolbox           |
|  \\    /   O peration     | Version:  2512                                  |
|   \\  /    A nd           | Website:  www.openfoam.com                      |
|    \\/     M anipulation  |                                                 |
\*---------------------------------------------------------------------------*/
FoamFile
{
    version     2.0;
    format      ascii;
    arch        "LSB;label=32;scalar=64";
    class       surfaceScalarField;
    location    "0.0399697";
    object      phi;
}
// * * * * * * * * * * * * * * * * * * * * * * * * * * * * * * * * * * * * * //

dimensions      [1 0 -1 0 0 0 0];

oriented        oriented;

internalField   nonuniform List<scalar> 
3514
(
1.07551e-06
8.91829e-11
1.07534e-06
1.70058e-10
1.07506e-06
2.78775e-10
1.07465e-06
4.12369e-10
1.07405e-06
5.94737e-10
1.07317e-06
8.78462e-10
1.07182e-06
1.3549e-09
1.06882e-06
3.00013e-09
1.06421e-06
4.61224e-09
4.00039e-07
6.64168e-07
1.2027e-06
1.889e-10
1.20251e-06
3.60234e-10
1.20219e-06
5.90509e-10
1.20173e-06
8.73489e-10
1.20107e-06
1.25978e-09
1.20009e-06
1.86072e-09
1.19857e-06
2.86998e-09
1.19522e-06
6.34598e-09
1.19014e-06
9.69532e-09
6.71437e-07
9.18744e-07
1.34492e-06
2.99946e-10
1.34471e-06
5.73267e-10
1.34436e-06
9.38932e-10
1.34385e-06
1.38879e-09
1.34311e-06
2.00294e-09
1.34201e-06
2.95752e-09
1.34032e-06
4.56322e-09
1.33665e-06
1.00117e-08
1.33081e-06
1.55378e-08
8.51792e-07
1.15045e-06
1.50397e-06
4.2355e-10
1.50373e-06
8.11941e-10
1.50335e-06
1.32834e-09
1.50277e-06
1.9646e-09
1.50194e-06
2.83329e-09
1.50072e-06
4.18194e-09
1.49882e-06
6.45532e-09
1.49482e-06
1.40129e-08
1.4881e-06
2.22547e-08
9.67896e-07
1.372e-06
1.68183e-06
5.61074e-10
1.68156e-06
1.07938e-09
1.68113e-06
1.76351e-09
1.68049e-06
2.60794e-09
1.67956e-06
3.76097e-09
1.67819e-06
5.54851e-09
1.67608e-06
8.56924e-09
1.67172e-06
1.83677e-08
1.66401e-06
2.99712e-08
1.03897e-06
1.59293e-06
1.88072e-06
7.14034e-10
1.88042e-06
1.37907e-09
1.87994e-06
2.2498e-09
1.87922e-06
3.32668e-09
1.87818e-06
4.79728e-09
1.87666e-06
7.07342e-09
1.87429e-06
1.09304e-08
1.86956e-06
2.3098e-08
1.86072e-06
3.88162e-08
1.07899e-06
1.8207e-06
2.10313e-06
8.84125e-10
2.1028e-06
1.7149e-09
2.10225e-06
2.79319e-09
2.10145e-06
4.12959e-09
2.10029e-06
5.9548e-09
2.09859e-06
8.7747e-09
2.09596e-06
1.35668e-08
2.09082e-06
2.82306e-08
2.08072e-06
4.89157e-08
1.09812e-06
2.0616e-06
2.35185e-06
1.07325e-09
2.35147e-06
2.09121e-09
2.35086e-06
3.40034e-09
2.34997e-06
5.02643e-09
2.34867e-06
7.24758e-09
2.34678e-06
1.06724e-08
2.34383e-06
1.65093e-08
2.33827e-06
3.37985e-08
2.32679e-06
6.03862e-08
1.10357e-06
2.32134e-06
2.62997e-06
1.28355e-09
2.62955e-06
2.51282e-09
2.62887e-06
4.07872e-09
2.62787e-06
6.02813e-09
2.62643e-06
8.69126e-09
2.62431e-06
1.2789e-08
2.62103e-06
1.97917e-08
2.61498e-06
3.98423e-08
2.60204e-06
7.33276e-08
1.1003e-06
2.60531e-06
2.94099e-06
1.51744e-09
2.94052e-06
2.98507e-09
2.93976e-06
4.83662e-09
2.93864e-06
7.14684e-09
2.93703e-06
1.03032e-08
2.93467e-06
1.51492e-08
2.93101e-06
2.34507e-08
2.92444e-06
4.64104e-08
2.90995e-06
8.78162e-08
1.0915e-06
2.91876e-06
3.28879e-06
1.77766e-09
3.28826e-06
3.51389e-09
3.28741e-06
5.68333e-09
3.28616e-06
8.39611e-09
3.28436e-06
1.21029e-08
3.28173e-06
1.77808e-08
3.27765e-06
2.75266e-08
3.2705e-06
5.35592e-08
3.25442e-06
1.03897e-07
1.07909e-06
3.26683e-06
3.67771e-06
2.06726e-09
3.67712e-06
4.10583e-09
3.67617e-06
6.62918e-09
3.67478e-06
9.79099e-09
3.67277e-06
1.41116e-08
3.66984e-06
2.07142e-08
3.6653e-06
3.20629e-08
3.65751e-06
6.13525e-08
3.63983e-06
1.21578e-07
1.06416e-06
3.65475e-06
4.11263e-06
2.38972e-09
4.11197e-06
4.76814e-09
4.11091e-06
7.68566e-09
4.10936e-06
1.13482e-08
4.10711e-06
1.63532e-08
4.10385e-06
2.39832e-08
4.0988e-06
3.71065e-08
4.09029e-06
6.986e-08
4.07105e-06
1.40822e-07
1.04729e-06
4.08792e-06
4.59898e-06
2.74891e-09
4.59824e-06
5.50884e-09
4.59706e-06
8.86549e-09
4.59533e-06
1.30863e-08
4.59283e-06
1.88539e-08
4.58918e-06
2.76246e-08
4.58358e-06
4.27074e-08
4.57429e-06
7.91548e-08
4.55356e-06
1.61546e-07
1.02878e-06
4.57207e-06
5.14285e-06
3.14917e-09
5.14202e-06
6.33675e-09
5.14071e-06
1.01828e-08
5.13877e-06
1.50256e-08
5.13598e-06
2.16424e-08
5.13193e-06
3.16784e-08
5.12571e-06
4.89187e-08
5.11556e-06
8.93103e-08
5.09349e-06
1.83613e-07
1.00883e-06
5.11345e-06
5.75104e-06
3.59531e-09
5.75011e-06
7.26161e-09
5.74864e-06
1.16531e-08
5.74648e-06
1.71885e-08
5.74337e-06
2.475e-08
5.73886e-06
3.61878e-08
5.73199e-06
5.57951e-08
5.7209e-06
1.00396e-07
5.69768e-06
2.06835e-07
9.87571e-07
5.71893e-06
6.43114e-06
4.09269e-09
6.43011e-06
8.29408e-09
6.42847e-06
1.32934e-08
6.42606e-06
1.95997e-08
6.4226e-06
2.82109e-08
6.41759e-06
4.1199e-08
6.40999e-06
6.33927e-08
6.39791e-06
1.12472e-07
6.37378e-06
2.30972e-07
9.65184e-07
6.39617e-06
7.19168e-06
4.64719e-09
7.19053e-06
9.44587e-09
7.1887e-06
1.51223e-08
7.18601e-06
2.22856e-08
7.18216e-06
3.20616e-08
7.1766e-06
4.67602e-08
7.16823e-06
7.17668e-08
7.15512e-06
1.25585e-07
7.13035e-06
2.55733e-07
9.4185e-07
7.15369e-06
8.04216e-06
5.26525e-09
8.04087e-06
1.07297e-08
8.03883e-06
1.71601e-08
8.03584e-06
2.52749e-08
8.03157e-06
3.63408e-08
8.0254e-06
5.29214e-08
8.0162e-06
8.09698e-08
8.00203e-06
1.39757e-07
7.97698e-06
2.80785e-07
9.17776e-07
8.00105e-06
8.99321e-06
5.95387e-09
8.99178e-06
1.21593e-08
8.98951e-06
1.94283e-08
8.98619e-06
2.85981e-08
8.98144e-06
4.10892e-08
8.97463e-06
5.97326e-08
8.96455e-06
9.10484e-08
8.94932e-06
1.54984e-07
8.92434e-06
3.05763e-07
8.93189e-07
8.94893e-06
1.00567e-05
6.72061e-09
1.00551e-05
1.37494e-08
1.00526e-05
2.19498e-08
1.00489e-05
3.22871e-08
1.00437e-05
4.63483e-08
1.00362e-05
6.72423e-08
1.00252e-05
1.02039e-07
1.00089e-05
1.71223e-07
9.98441e-06
3.30279e-07
8.68325e-07
1.00093e-05
1.1246e-05
7.5735e-09
1.12443e-05
1.55155e-08
1.12415e-05
2.47485e-08
1.12374e-05
3.63745e-08
1.12316e-05
5.21592e-08
1.12233e-05
7.54947e-08
1.12114e-05
1.13964e-07
1.11942e-05
1.88393e-07
1.11705e-05
3.53941e-07
8.43416e-07
1.11955e-05
1.2576e-05
8.52095e-09
1.2574e-05
1.74739e-08
1.25709e-05
2.78488e-08
1.25664e-05
4.0893e-08
1.256e-05
5.85612e-08
1.25509e-05
8.45269e-08
1.25381e-05
1.26824e-07
1.25201e-05
2.06362e-07
1.24977e-05
3.76366e-07
8.18687e-07
1.25224e-05
1.40632e-05
9.57164e-09
1.4061e-05
1.96409e-08
1.40576e-05
3.12746e-08
1.40526e-05
4.58733e-08
1.40456e-05
6.55887e-08
1.40357e-05
9.43641e-08
1.4022e-05
1.40596e-07
1.40034e-05
2.24951e-07
1.39825e-05
3.97209e-07
7.94343e-07
1.40069e-05
1.57263e-05
1.07342e-08
1.57239e-05
2.20326e-08
1.57201e-05
3.50483e-08
1.57146e-05
5.13429e-08
1.57069e-05
7.32684e-08
1.56963e-05
1.05015e-07
1.56817e-05
1.55221e-07
1.56627e-05
2.43936e-07
1.56437e-05
4.16173e-07
7.70565e-07
1.56675e-05
1.7586e-05
1.20171e-08
1.75834e-05
2.46637e-08
1.75793e-05
3.91889e-08
1.75733e-05
5.73223e-08
1.75649e-05
8.16149e-08
1.75535e-05
1.16464e-07
1.75381e-05
1.70602e-07
1.7519e-05
2.63049e-07
1.75021e-05
4.33032e-07
7.47508e-07
1.75252e-05
1.96657e-05
1.34279e-08
1.96629e-05
2.75466e-08
1.96583e-05
4.37098e-08
1.96518e-05
6.3822e-08
1.96428e-05
9.06248e-08
1.96306e-05
1.2867e-07
1.96146e-05
1.86601e-07
1.95957e-05
2.81997e-07
1.95811e-05
4.47647e-07
7.25309e-07
1.96033e-05
2.19914e-05
1.4973e-08
2.19883e-05
3.06895e-08
2.19833e-05
4.86153e-08
2.19763e-05
7.08373e-08
2.19667e-05
1.00271e-07
2.19538e-05
1.4155e-07
2.19374e-05
2.03035e-07
2.19189e-05
3.00471e-07
2.19066e-05
4.59971e-07
7.04095e-07
2.19278e-05
2.45921e-05
1.66572e-08
2.45887e-05
3.40945e-08
2.45834e-05
5.38968e-08
2.45759e-05
7.8342e-08
2.45657e-05
1.10496e-07
2.45522e-05
1.54984e-07
2.45356e-05
2.19678e-07
2.45179e-05
3.18173e-07
2.45078e-05
4.70059e-07
6.83997e-07
2.45279e-05
2.75003e-05
1.84832e-08
2.74967e-05
3.77551e-08
2.7491e-05
5.95264e-08
2.74831e-05
8.62811e-08
2.74724e-05
1.21199e-07
2.74586e-05
1.68802e-07
2.7442e-05
2.36271e-07
2.74253e-05
3.34841e-07
2.74173e-05
4.7808e-07
6.65192e-07
2.74361e-05
3.07525e-05
2.04525e-08
3.07486e-05
4.16522e-08
3.07427e-05
6.54504e-08
3.07344e-05
9.45613e-08
3.07234e-05
1.32232e-07
3.07094e-05
1.8277e-07
3.06932e-05
2.52502e-07
3.06778e-05
3.50215e-07
3.06717e-05
4.84219e-07
6.47782e-07
3.06891e-05
3.43893e-05
2.25682e-08
3.43852e-05
4.57507e-08
3.43791e-05
7.15808e-08
3.43706e-05
1.0306e-07
3.43594e-05
1.43445e-07
3.43454e-05
1.96727e-07
3.43297e-05
2.68259e-07
3.43154e-05
3.64432e-07
3.43105e-05
4.89206e-07
6.32535e-07
3.43257e-05
3.84562e-05
2.48448e-08
3.8452e-05
4.99818e-08
3.84458e-05
7.76866e-08
3.84376e-05
1.11332e-07
3.84269e-05
1.54122e-07
3.8414e-05
2.09669e-07
3.83999e-05
2.82309e-07
3.83881e-05
3.76219e-07
3.83854e-05
4.91924e-07
6.17753e-07
3.84002e-05
4.30039e-05
2.73848e-08
4.29992e-05
5.46643e-08
4.29924e-05
8.45087e-08
4.29831e-05
1.20641e-07
4.29711e-05
1.66107e-07
4.29566e-05
2.24131e-07
4.29408e-05
2.98093e-07
4.29268e-05
3.90281e-07
4.292e-05
4.98729e-07
6.11328e-07
4.29264e-05
4.80908e-05
2.87739e-08
4.80889e-05
5.65905e-08
4.80862e-05
8.71809e-08
4.80825e-05
1.24415e-07
4.80776e-05
1.70933e-07
4.80722e-05
2.29594e-07
4.80673e-05
3.02934e-07
4.80658e-05
3.91773e-07
4.80721e-05
4.92488e-07
5.93188e-07
4.80902e-05
5.37682e-05
5.37583e-05
5.37447e-05
5.37274e-05
5.3706e-05
5.36798e-05
5.36494e-05
5.36171e-05
5.35878e-05
5.3568e-05
1.93082e-07
4.71086e-07
1.0272e-07
9.03628e-08
7.75818e-08
2.51378e-08
6.50043e-08
1.25775e-08
5.71803e-08
7.82394e-09
5.16743e-08
5.50605e-09
4.75042e-08
4.17012e-09
4.42055e-08
3.29866e-09
4.15169e-08
2.68867e-09
3.92727e-08
2.24414e-09
3.73627e-08
1.91004e-09
3.5711e-08
1.65169e-09
3.4264e-08
1.44702e-09
3.29825e-08
1.28148e-09
3.18371e-08
1.14547e-09
3.08051e-08
1.03197e-09
2.98688e-08
9.36265e-10
2.90143e-08
8.5449e-10
2.82302e-08
7.84182e-10
2.75072e-08
7.22905e-10
2.68378e-08
6.69454e-10
2.62157e-08
6.2206e-10
2.56355e-08
5.80297e-10
2.50927e-08
5.42638e-10
2.45835e-08
5.09312e-10
2.41047e-08
4.78753e-10
2.36533e-08
4.51502e-10
2.3227e-08
4.26193e-10
2.28236e-08
4.03499e-10
2.24413e-08
3.82153e-10
2.20786e-08
3.62775e-10
2.1734e-08
3.44409e-10
2.14067e-08
3.27319e-10
2.10956e-08
3.11022e-10
2.08004e-08
2.94996e-10
2.05203e-08
2.80312e-10
2.02612e-08
2.58498e-10
2.00544e-08
2.07559e-10
1.96809e-08
3.71026e-10
5.39663e-10
5.25892e-07
8.63937e-07
3.48603e-07
2.67653e-07
2.69472e-07
1.04269e-07
2.26499e-07
5.55505e-08
1.99325e-07
3.49976e-08
1.80159e-07
2.46724e-08
1.65646e-07
1.86828e-08
1.54161e-07
1.47835e-08
1.44793e-07
1.20572e-08
1.36968e-07
1.00686e-08
1.30306e-07
8.57177e-09
1.24545e-07
7.41333e-09
1.19497e-07
6.4951e-09
1.15026e-07
5.75238e-09
1.11029e-07
5.14182e-09
1.07429e-07
4.6325e-09
1.04162e-07
4.2027e-09
1.01181e-07
3.83573e-09
9.84456e-08
3.51982e-09
9.59235e-08
3.24496e-09
9.35884e-08
3.00465e-09
9.14181e-08
2.79225e-09
8.93941e-08
2.60432e-09
8.75008e-08
2.43585e-09
8.57246e-08
2.2856e-09
8.40542e-08
2.14904e-09
8.24797e-08
2.02619e-09
8.09925e-08
1.91327e-09
7.95852e-08
1.81092e-09
7.82514e-08
1.71574e-09
7.69856e-08
1.62859e-09
7.57832e-08
1.54659e-09
7.46403e-08
1.47019e-09
7.35541e-08
1.39709e-09
7.25222e-08
1.32666e-09
7.15432e-08
1.25929e-09
7.06356e-08
1.16556e-09
6.98803e-08
9.63119e-10
6.85915e-08
1.65755e-09
1.97939e-09
8.45434e-07
1.16896e-06
6.40506e-07
4.72581e-07
5.17367e-07
2.27407e-07
4.40708e-07
1.3221e-07
3.89637e-07
8.60683e-08
3.5292e-07
6.13889e-08
3.24896e-07
4.67074e-08
3.02613e-07
3.70662e-08
2.84374e-07
3.02959e-08
2.69105e-07
2.53384e-08
2.56082e-07
2.15943e-08
2.44806e-07
1.86898e-08
2.34917e-07
1.63837e-08
2.26153e-07
1.45162e-08
2.18316e-07
1.29796e-08
2.11251e-07
1.16969e-08
2.0484e-07
1.06137e-08
1.98987e-07
9.68858e-09
1.93615e-07
8.89162e-09
1.88662e-07
8.19834e-09
1.84075e-07
7.59166e-09
1.79811e-07
7.05586e-09
1.75835e-07
6.58113e-09
1.72114e-07
6.15627e-09
1.68624e-07
5.77631e-09
1.6534e-07
5.43205e-09
1.62245e-07
5.12134e-09
1.59322e-07
4.83686e-09
1.56555e-07
4.57798e-09
1.53932e-07
4.33836e-09
1.51442e-07
4.11809e-09
1.49077e-07
3.91182e-09
1.46828e-07
3.71912e-09
1.4469e-07
3.53538e-09
1.42657e-07
3.35888e-09
1.40728e-07
3.18816e-09
1.38935e-07
2.95799e-09
1.37384e-07
2.5145e-09
1.34964e-07
4.07521e-09
4.33734e-09
1.15042e-06
1.39054e-06
9.57344e-07
6.65657e-07
8.13259e-07
3.71492e-07
7.09384e-07
2.36086e-07
6.34136e-07
1.61316e-07
5.77663e-07
1.17862e-07
5.33584e-07
9.07863e-08
4.9807e-07
7.25802e-08
4.68744e-07
5.96222e-08
4.44039e-07
5.00436e-08
4.22876e-07
4.27574e-08
4.0449e-07
3.70752e-08
3.88328e-07
3.25462e-08
3.73976e-07
2.88682e-08
3.61121e-07
2.58346e-08
3.49519e-07
2.3298e-08
3.38981e-07
2.11525e-08
3.29351e-07
1.93181e-08
3.20507e-07
1.77359e-08
3.12346e-07
1.63588e-08
3.04786e-07
1.51524e-08
2.97755e-07
1.40868e-08
2.91194e-07
1.31416e-08
2.85054e-07
1.22962e-08
2.79292e-07
1.15388e-08
2.7387e-07
1.08535e-08
2.68758e-07
1.02339e-08
2.63927e-07
9.66749e-09
2.59354e-07
9.15105e-09
2.55018e-07
8.67407e-09
2.50902e-07
8.23486e-09
2.46989e-07
7.82445e-09
2.43267e-07
7.4409e-09
2.39726e-07
7.07577e-09
2.36359e-07
6.72609e-09
2.33162e-07
6.38471e-09
2.3018e-07
5.93954e-09
2.27506e-07
5.18913e-09
2.23757e-07
7.82155e-09
7.6745e-09
1.44257e-06
1.54089e-06
1.28219e-06
8.26042e-07
1.14107e-06
5.12605e-07
1.02478e-06
3.52386e-07
9.31963e-07
2.54128e-07
8.57751e-07
1.92074e-07
7.97475e-07
1.51062e-07
7.47647e-07
1.22409e-07
7.05771e-07
1.01498e-07
6.7005e-07
8.57644e-08
6.3917e-07
7.36381e-08
6.12157e-07
6.40876e-08
5.88285e-07
5.64186e-08
5.66998e-07
5.01551e-08
5.47868e-07
4.49653e-08
5.30556e-07
4.06099e-08
5.14793e-07
3.69147e-08
5.00364e-07
3.37477e-08
4.8709e-07
3.10101e-08
4.74825e-07
2.86235e-08
4.63448e-07
2.65292e-08
4.52857e-07
2.46776e-08
4.42966e-07
2.30328e-08
4.33701e-07
2.15608e-08
4.25e-07
2.02402e-08
4.16808e-07
1.90454e-08
4.09078e-07
1.79635e-08
4.01771e-07
1.69753e-08
3.94849e-07
1.60728e-08
3.88283e-07
1.52402e-08
3.82045e-07
1.44725e-08
3.76113e-07
1.37562e-08
3.70468e-07
1.30864e-08
3.65093e-07
1.24501e-08
3.59978e-07
1.18413e-08
3.55119e-07
1.12436e-08
3.50568e-07
1.04894e-08
3.46363e-07
9.39489e-09
3.41053e-07
1.3129e-08
1.20549e-08
1.72681e-06
1.63478e-06
1.60578e-06
9.47077e-07
1.48441e-06
6.33967e-07
1.37219e-06
4.6461e-07
1.27375e-06
3.52572e-07
1.18908e-06
2.7674e-07
1.11653e-06
2.23609e-07
1.05419e-06
1.84751e-07
1.00029e-06
1.55394e-07
9.53341e-07
1.32717e-07
9.12099e-07
1.1488e-07
8.75578e-07
1.00609e-07
8.4299e-07
8.90065e-08
8.13708e-07
7.9438e-08
7.87226e-07
7.14469e-08
7.63138e-07
6.46977e-08
7.41112e-07
5.89406e-08
7.20875e-07
5.39846e-08
7.02202e-07
4.9684e-08
6.84902e-07
4.59231e-08
6.68818e-07
4.26133e-08
6.53815e-07
3.96806e-08
6.39778e-07
3.70694e-08
6.2661e-07
3.47293e-08
6.14225e-07
3.26253e-08
6.0255e-07
3.07204e-08
5.91521e-07
2.89923e-08
5.81083e-07
2.74134e-08
5.71186e-07
2.5969e-08
5.6179e-07
2.46368e-08
5.52855e-07
2.34069e-08
5.44351e-07
2.22601e-08
5.3625e-07
2.11871e-08
5.28531e-07
2.01692e-08
5.21176e-07
1.91958e-08
5.14184e-07
1.82361e-08
5.07607e-07
1.70656e-08
5.01392e-07
1.56099e-08
4.94233e-07
2.02861e-08
1.75681e-08
2.0099e-06
1.68648e-06
1.92604e-06
1.03094e-06
1.83219e-06
7.27814e-07
1.73635e-06
5.60449e-07
1.64476e-06
4.44165e-07
1.56005e-06
3.61442e-07
1.48302e-06
3.00647e-07
1.41357e-06
2.54194e-07
1.35122e-06
2.17749e-07
1.29524e-06
1.88693e-07
1.24489e-06
1.65232e-07
1.19945e-06
1.46053e-07
1.15827e-06
1.30184e-07
1.1208e-06
1.16907e-07
1.08656e-06
1.05684e-07
1.05515e-06
9.61102e-08
1.02622e-06
8.78743e-08
9.99469e-07
8.07334e-08
9.74654e-07
7.44986e-08
9.5156e-07
6.90175e-08
9.30002e-07
6.41715e-08
9.09821e-07
5.98607e-08
8.90882e-07
5.60085e-08
8.73065e-07
5.25462e-08
8.56267e-07
4.94239e-08
8.40396e-07
4.65912e-08
8.25373e-07
4.4015e-08
8.11129e-07
4.16578e-08
7.97601e-07
3.9497e-08
7.84735e-07
3.75022e-08
7.72485e-07
3.56576e-08
7.60808e-07
3.39371e-08
7.49669e-07
3.23259e-08
7.39039e-07
3.07984e-08
7.28898e-07
2.93373e-08
7.19241e-07
2.78924e-08
7.10118e-07
2.61886e-08
7.01369e-07
2.43589e-08
6.92014e-07
2.96395e-08
2.43462e-08
2.29953e-06
1.70829e-06
2.24619e-06
1.08428e-06
2.18032e-06
7.93683e-07
2.10675e-06
6.34015e-07
2.03086e-06
5.20058e-07
1.95578e-06
4.36522e-07
1.88332e-06
3.73108e-07
1.81456e-06
3.22948e-07
1.75007e-06
2.8224e-07
1.69001e-06
2.48755e-07
1.63429e-06
2.2095e-07
1.58269e-06
1.97654e-07
1.53492e-06
1.77962e-07
1.49064e-06
1.61178e-07
1.44956e-06
1.46764e-07
1.41138e-06
1.34297e-07
1.37581e-06
1.23445e-07
1.3426e-06
1.13937e-07
1.31154e-06
1.05561e-07
1.28242e-06
9.81396e-08
1.25506e-06
9.15318e-08
1.2293e-06
8.56182e-08
1.205e-06
8.03044e-08
1.18204e-06
7.5506e-08
1.16031e-06
7.11593e-08
1.1397e-06
6.72013e-08
1.12012e-06
6.35886e-08
1.10151e-06
6.02735e-08
1.08378e-06
5.72253e-08
1.06688e-06
5.44056e-08
1.05074e-06
5.17916e-08
1.03533e-06
4.93501e-08
1.0206e-06
4.706e-08
1.00651e-06
4.48879e-08
9.93035e-07
4.28079e-08
9.80182e-07
4.07456e-08
9.67979e-07
3.83914e-08
9.56178e-07
3.61601e-08
9.4425e-07
4.15655e-08
3.25518e-08
2.60367e-06
1.70994e-06
2.57282e-06
1.11513e-06
2.53089e-06
8.3562e-07
2.47978e-06
6.8512e-07
2.42325e-06
5.76591e-07
2.36378e-06
4.95988e-07
2.30308e-06
4.33809e-07
2.24249e-06
3.83541e-07
2.18302e-06
3.41712e-07
2.12536e-06
3.06411e-07
2.06995e-06
2.76358e-07
2.01703e-06
2.50576e-07
1.96669e-06
2.283e-07
1.91894e-06
2.0893e-07
1.87371e-06
1.9199e-07
1.83091e-06
1.77097e-07
1.79042e-06
1.63941e-07
1.75209e-06
1.52263e-07
1.7158e-06
1.41852e-07
1.68141e-06
1.3253e-07
1.64879e-06
1.24152e-07
1.61782e-06
1.1659e-07
1.58838e-06
1.09742e-07
1.56037e-06
1.03516e-07
1.53369e-06
9.78405e-08
1.50825e-06
9.26437e-08
1.48396e-06
8.7875e-08
1.46075e-06
8.34796e-08
1.43856e-06
7.942e-08
1.41731e-06
7.56514e-08
1.39696e-06
7.21446e-08
1.37745e-06
6.88604e-08
1.35874e-06
6.57708e-08
1.34079e-06
6.28354e-08
1.32358e-06
6.00176e-08
1.30711e-06
5.7217e-08
1.29139e-06
5.41103e-08
1.27612e-06
5.14277e-08
1.26131e-06
5.63826e-08
4.23314e-08
2.93023e-06
1.69846e-06
2.9144e-06
1.13096e-06
2.89044e-06
8.59584e-07
2.85829e-06
7.17271e-07
2.82026e-06
6.14614e-07
2.77797e-06
5.38281e-07
2.7325e-06
4.79284e-07
2.68485e-06
4.31187e-07
2.63595e-06
3.9061e-07
2.58657e-06
3.5579e-07
2.53732e-06
3.25607e-07
2.48868e-06
2.99225e-07
2.44098e-06
2.76e-07
2.39447e-06
2.55432e-07
2.34934e-06
2.37127e-07
2.30567e-06
2.20765e-07
2.26353e-06
2.06084e-07
2.22293e-06
1.92863e-07
2.18386e-06
1.80917e-07
2.1463e-06
1.70087e-07
2.11022e-06
1.60241e-07
2.07554e-06
1.51261e-07
2.04224e-06
1.43049e-07
2.01024e-06
1.35517e-07
1.97948e-06
1.28593e-07
1.94992e-06
1.22206e-07
1.92149e-06
1.16304e-07
1.89414e-06
1.10829e-07
1.86782e-06
1.05742e-07
1.84248e-06
1.00994e-07
1.81807e-06
9.65528e-08
1.79456e-06
9.23753e-08
1.7719e-06
8.84284e-08
1.75007e-06
8.46653e-08
1.72905e-06
8.10384e-08
1.70884e-06
7.74216e-08
1.68945e-06
7.35024e-08
1.67057e-06
7.03064e-08
1.65275e-06
7.42004e-08
5.37348e-08
3.28678e-06
1.67852e-06
3.28002e-06
1.13771e-06
3.26808e-06
8.71529e-07
3.24983e-06
7.35516e-07
3.2267e-06
6.3775e-07
3.19963e-06
5.65346e-07
3.16911e-06
5.09801e-07
3.13565e-06
4.64649e-07
3.09981e-06
4.26453e-07
3.06213e-06
3.93465e-07
3.02313e-06
3.64607e-07
2.98325e-06
3.39104e-07
2.94288e-06
3.16372e-07
2.90234e-06
2.95969e-07
2.86191e-06
2.77558e-07
2.82181e-06
2.6087e-07
2.7822e-06
2.45688e-07
2.74324e-06
2.31829e-07
2.70501e-06
2.19142e-07
2.6676e-06
2.07495e-07
2.63107e-06
1.96778e-07
2.59543e-06
1.86892e-07
2.56073e-06
1.77754e-07
2.52696e-06
1.69287e-07
2.49413e-06
1.61428e-07
2.46222e-06
1.54113e-07
2.43123e-06
1.47294e-07
2.40114e-06
1.4092e-07
2.37193e-06
1.34952e-07
2.34358e-06
1.29343e-07
2.31607e-06
1.24061e-07
2.28938e-06
1.19062e-07
2.2635e-06
1.14311e-07
2.23841e-06
1.09756e-07
2.21411e-06
1.05341e-07
2.19061e-06
1.00915e-07
2.16792e-06
9.61999e-08
2.14577e-06
9.2447e-08
2.12527e-06
9.47094e-08
6.66136e-08
3.68039e-06
1.65288e-06
3.67863e-06
1.13947e-06
3.67387e-06
8.76289e-07
3.66461e-06
7.44774e-07
3.65181e-06
6.50546e-07
3.63618e-06
5.8098e-07
3.61781e-06
5.28167e-07
3.59682e-06
4.85636e-07
3.57342e-06
4.49855e-07
3.54787e-06
4.19022e-07
3.52043e-06
3.92044e-07
3.49139e-06
3.68141e-07
3.46103e-06
3.46735e-07
3.4296e-06
3.27399e-07
3.39735e-06
3.09813e-07
3.36449e-06
2.93731e-07
3.33121e-06
2.78958e-07
3.29771e-06
2.65337e-07
3.26411e-06
2.52737e-07
3.23056e-06
2.41048e-07
3.19716e-06
2.30178e-07
3.16401e-06
2.20045e-07
3.13118e-06
2.10583e-07
3.09874e-06
2.01728e-07
3.06674e-06
1.93428e-07
3.03522e-06
1.8563e-07
3.00422e-06
1.78295e-07
2.97376e-06
1.71378e-07
2.94386e-06
1.64846e-07
2.91455e-06
1.58658e-07
2.88583e-06
1.52785e-07
2.8577e-06
1.47184e-07
2.83019e-06
1.41821e-07
2.80331e-06
1.36642e-07
2.77707e-06
1.31582e-07
2.75151e-06
1.26476e-07
2.72662e-06
1.21086e-07
2.70228e-06
1.16789e-07
2.68e-06
1.16982e-07
8.05347e-08
4.11775e-06
1.62305e-06
4.11855e-06
1.13868e-06
4.11764e-06
8.77201e-07
4.11354e-06
7.48873e-07
4.107e-06
6.5709e-07
4.09874e-06
5.89237e-07
4.08876e-06
5.38147e-07
4.07697e-06
4.97426e-07
4.06336e-06
4.63466e-07
4.04797e-06
4.34413e-07
4.03087e-06
4.09141e-07
4.01217e-06
3.86843e-07
3.99198e-06
3.66924e-07
3.97043e-06
3.48942e-07
3.94767e-06
3.32573e-07
3.92384e-06
3.17567e-07
3.89907e-06
3.03731e-07
3.87349e-06
2.90912e-07
3.84724e-06
2.78986e-07
3.82044e-06
2.6785e-07
3.79319e-06
2.57422e-07
3.76561e-06
2.47629e-07
3.73778e-06
2.38412e-07
3.70979e-06
2.29717e-07
3.68172e-06
2.21501e-07
3.65363e-06
2.13718e-07
3.62559e-06
2.06337e-07
3.59765e-06
1.99319e-07
3.56986e-06
1.92637e-07
3.54226e-06
1.86255e-07
3.5149e-06
1.80149e-07
3.48781e-06
1.74278e-07
3.46102e-06
1.6861e-07
3.43457e-06
1.63091e-07
3.4085e-06
1.57647e-07
3.38288e-06
1.52103e-07
3.3577e-06
1.46266e-07
3.33297e-06
1.41517e-07
3.31053e-06
1.39424e-07
9.47613e-08
4.60541e-06
1.58972e-06
4.60754e-06
1.13655e-06
4.60848e-06
8.7626e-07
4.60704e-06
7.50309e-07
4.6038e-06
6.60336e-07
4.59964e-06
5.93396e-07
4.59461e-06
5.43177e-07
4.58858e-06
5.03456e-07
4.58146e-06
4.70587e-07
4.57319e-06
4.42678e-07
4.56375e-06
4.18584e-07
4.55311e-06
3.97479e-07
4.54129e-06
3.78747e-07
4.5283e-06
3.61931e-07
4.51419e-06
3.4669e-07
4.49899e-06
3.32762e-07
4.48277e-06
3.19948e-07
4.4656e-06
3.08085e-07
4.44754e-06
2.97047e-07
4.42866e-06
2.86727e-07
4.40904e-06
2.77042e-07
4.38875e-06
2.67919e-07
4.36786e-06
2.59302e-07
4.34644e-06
2.51137e-07
4.32456e-06
2.43384e-07
4.30228e-06
2.36001e-07
4.27966e-06
2.28958e-07
4.25675e-06
2.22221e-07
4.23363e-06
2.15765e-07
4.21032e-06
2.09558e-07
4.1869e-06
2.03576e-07
4.16339e-06
1.97783e-07
4.13986e-06
1.92144e-07
4.11634e-06
1.86606e-07
4.0929e-06
1.81087e-07
4.0696e-06
1.75405e-07
4.04646e-06
1.69405e-07
4.02362e-06
1.64354e-07
4.00302e-06
1.60025e-07
1.08373e-07
5.14999e-06
1.55318e-06
5.153e-06
1.13353e-06
5.15475e-06
8.7451e-07
5.1546e-06
7.5046e-07
5.15287e-06
6.62058e-07
5.15066e-06
5.95606e-07
5.14812e-06
5.45717e-07
5.14516e-06
5.06424e-07
5.14168e-06
4.74067e-07
5.13762e-06
4.46736e-07
5.13292e-06
4.23279e-07
5.12754e-06
4.02864e-07
5.12142e-06
3.84865e-07
5.11454e-06
3.68815e-07
5.10687e-06
3.54361e-07
5.0984e-06
3.41233e-07
5.08912e-06
3.29219e-07
5.07906e-06
3.18151e-07
5.06821e-06
3.07894e-07
5.0566e-06
2.98336e-07
5.04426e-06
2.89387e-07
5.0312e-06
2.80972e-07
5.01747e-06
2.7303e-07
5.00311e-06
2.65506e-07
4.98813e-06
2.58356e-07
4.9726e-06
2.51538e-07
4.95653e-06
2.45021e-07
4.93998e-06
2.3877e-07
4.92299e-06
2.3276e-07
4.90559e-06
2.26959e-07
4.88782e-06
2.21341e-07
4.86973e-06
2.15872e-07
4.85136e-06
2.10515e-07
4.83276e-06
2.05212e-07
4.81397e-06
1.99876e-07
4.79505e-06
1.94319e-07
4.77605e-06
1.88408e-07
4.75719e-06
1.83212e-07
4.74029e-06
1.76929e-07
1.20516e-07
5.75853e-06
1.51358e-06
5.7624e-06
1.12967e-06
5.76448e-06
8.72434e-07
5.76496e-06
7.49977e-07
5.76387e-06
6.6315e-07
5.76244e-06
5.97038e-07
5.76095e-06
5.47206e-07
5.75935e-06
5.08024e-07
5.75759e-06
4.75831e-07
5.75561e-06
4.48709e-07
5.75339e-06
4.25506e-07
5.75086e-06
4.05392e-07
5.74798e-06
3.8774e-07
5.74472e-06
3.72078e-07
5.74103e-06
3.58049e-07
5.73689e-06
3.45378e-07
5.73226e-06
3.33848e-07
5.72712e-06
3.23286e-07
5.72146e-06
3.1355e-07
5.71527e-06
3.04526e-07
5.70854e-06
2.96118e-07
5.70127e-06
2.88247e-07
5.69345e-06
2.80847e-07
5.6851e-06
2.73861e-07
5.67621e-06
2.67241e-07
5.66681e-06
2.60943e-07
5.65689e-06
2.54933e-07
5.64649e-06
2.49173e-07
5.63562e-06
2.43636e-07
5.62429e-06
2.38288e-07
5.61253e-06
2.33103e-07
5.60036e-06
2.28041e-07
5.5878e-06
2.23066e-07
5.5749e-06
2.18113e-07
5.56169e-06
2.13091e-07
5.5482e-06
2.07805e-07
5.53448e-06
2.02129e-07
5.52081e-06
1.96887e-07
5.50868e-06
1.89053e-07
1.30679e-07
6.43872e-06
1.47102e-06
6.44365e-06
1.12474e-06
6.44585e-06
8.7023e-07
6.44671e-06
7.4912e-07
6.44588e-06
6.63981e-07
6.44469e-06
5.98227e-07
6.44355e-06
5.48347e-07
6.44244e-06
5.09128e-07
6.44134e-06
4.76934e-07
6.44022e-06
4.49831e-07
6.43905e-06
4.26671e-07
6.43782e-06
4.0663e-07
6.43647e-06
3.89084e-07
6.43499e-06
3.73559e-07
6.43334e-06
3.59698e-07
6.4315e-06
3.47222e-07
6.42943e-06
3.35915e-07
6.42712e-06
3.25599e-07
6.42453e-06
3.16133e-07
6.42166e-06
3.07397e-07
6.41849e-06
2.99296e-07
6.41499e-06
2.91746e-07
6.41115e-06
2.84681e-07
6.40697e-06
2.78039e-07
6.40244e-06
2.71773e-07
6.39755e-06
2.65834e-07
6.3923e-06
2.60186e-07
6.38668e-06
2.54791e-07
6.3807e-06
2.49618e-07
6.37435e-06
2.44633e-07
6.36765e-06
2.39804e-07
6.3606e-06
2.35092e-07
6.35321e-06
2.30456e-07
6.3455e-06
2.25829e-07
6.33748e-06
2.21111e-07
6.32917e-06
2.16109e-07
6.32062e-06
2.10685e-07
6.3121e-06
2.05407e-07
6.30474e-06
1.96414e-07
1.3883e-07
7.19905e-06
1.42566e-06
7.20534e-06
1.11846e-06
7.2076e-06
8.67963e-07
7.20874e-06
7.47979e-07
7.20806e-06
6.64669e-07
7.20691e-06
5.99375e-07
7.20583e-06
5.49425e-07
7.20484e-06
5.10115e-07
7.20393e-06
4.7785e-07
7.20307e-06
4.50685e-07
7.20227e-06
4.27474e-07
7.2015e-06
4.074e-07
7.20074e-06
3.8984e-07
7.19998e-06
3.74323e-07
7.19919e-06
3.60489e-07
7.19835e-06
3.4806e-07
7.19745e-06
3.36818e-07
7.19646e-06
3.26586e-07
7.19537e-06
3.17219e-07
7.19417e-06
3.08599e-07
7.19284e-06
3.00629e-07
7.19136e-06
2.93224e-07
7.18973e-06
2.86317e-07
7.18792e-06
2.79845e-07
7.18593e-06
2.7376e-07
7.18375e-06
2.68013e-07
7.18138e-06
2.62565e-07
7.17879e-06
2.57378e-07
7.17599e-06
2.52419e-07
7.17297e-06
2.47653e-07
7.16973e-06
2.43047e-07
7.16626e-06
2.38559e-07
7.16257e-06
2.34146e-07
7.15866e-06
2.29739e-07
7.15453e-06
2.25234e-07
7.15021e-06
2.20435e-07
7.1457e-06
2.15191e-07
7.14129e-06
2.09818e-07
7.13774e-06
1.99964e-07
1.45355e-07
8.04899e-06
1.37772e-06
8.057e-06
1.11045e-06
8.05933e-06
8.65631e-07
8.06072e-06
7.46584e-07
8.06016e-06
6.65227e-07
8.059e-06
6.00539e-07
8.05789e-06
5.50538e-07
8.05688e-06
5.11119e-07
8.05597e-06
4.78761e-07
8.05515e-06
4.51503e-07
8.05442e-06
4.28204e-07
8.05377e-06
4.08052e-07
8.05318e-06
3.90429e-07
8.05264e-06
3.74863e-07
8.05214e-06
3.60995e-07
8.05165e-06
3.48545e-07
8.05117e-06
3.37295e-07
8.05069e-06
3.27065e-07
8.0502e-06
3.17712e-07
8.04968e-06
3.09116e-07
8.04913e-06
3.0118e-07
8.04854e-06
2.93818e-07
8.04789e-06
2.86963e-07
8.04719e-06
2.80552e-07
8.04641e-06
2.74535e-07
8.04556e-06
2.68863e-07
8.04463e-06
2.63498e-07
8.04361e-06
2.584e-07
8.04249e-06
2.53536e-07
8.04127e-06
2.4887e-07
8.03995e-06
2.44368e-07
8.03852e-06
2.39988e-07
8.03698e-06
2.35684e-07
8.03534e-06
2.31385e-07
8.03359e-06
2.26984e-07
8.03173e-06
2.22289e-07
8.0298e-06
2.17126e-07
8.02804e-06
2.11578e-07
8.02695e-06
2.0106e-07
1.50813e-07
8.99913e-06
1.32752e-06
9.00923e-06
1.10035e-06
9.01168e-06
8.63179e-07
9.01332e-06
7.44951e-07
9.01292e-06
6.65629e-07
9.01173e-06
6.0172e-07
9.01056e-06
5.51713e-07
9.0095e-06
5.12183e-07
9.00853e-06
4.79724e-07
9.00767e-06
4.52362e-07
9.00692e-06
4.28959e-07
9.00626e-06
4.08712e-07
9.00568e-06
3.91006e-07
9.00518e-06
3.75369e-07
9.00473e-06
3.61442e-07
9.00433e-06
3.48944e-07
9.00397e-06
3.37655e-07
9.00364e-06
3.27396e-07
9.00333e-06
3.18021e-07
9.00304e-06
3.09411e-07
9.00275e-06
3.01466e-07
9.00247e-06
2.94102e-07
9.00218e-06
2.87249e-07
9.00189e-06
2.80846e-07
9.00158e-06
2.74841e-07
9.00126e-06
2.69186e-07
9.00092e-06
2.63841e-07
9.00055e-06
2.58767e-07
9.00015e-06
2.5393e-07
8.99973e-06
2.49293e-07
8.99928e-06
2.44822e-07
8.99879e-06
2.40475e-07
8.99827e-06
2.36203e-07
8.99772e-06
2.31936e-07
8.99714e-06
2.27563e-07
8.99653e-06
2.22894e-07
8.99593e-06
2.17734e-07
8.99555e-06
2.11952e-07
8.9957e-06
2.00917e-07
1.55706e-07
1.00613e-05
1.27546e-06
1.00739e-05
1.0878e-06
1.00766e-05
8.60505e-07
1.00784e-05
7.43093e-07
1.00782e-05
6.65837e-07
1.0077e-05
6.02897e-07
1.00758e-05
5.52951e-07
1.00747e-05
5.13316e-07
1.00736e-05
4.80754e-07
1.00727e-05
4.53284e-07
1.00719e-05
4.29769e-07
1.00712e-05
4.09417e-07
1.00706e-05
3.91618e-07
1.00701e-05
3.759e-07
1.00696e-05
3.61903e-07
1.00692e-05
3.49346e-07
1.00688e-05
3.38006e-07
1.00685e-05
3.27705e-07
1.00683e-05
3.18295e-07
1.0068e-05
3.09655e-07
1.00678e-05
3.01686e-07
1.00676e-05
2.94303e-07
1.00674e-05
2.87434e-07
1.00672e-05
2.81018e-07
1.00671e-05
2.75004e-07
1.00669e-05
2.69341e-07
1.00668e-05
2.63991e-07
1.00666e-05
2.58913e-07
1.00665e-05
2.54073e-07
1.00663e-05
2.49433e-07
1.00662e-05
2.4496e-07
1.00661e-05
2.40609e-07
1.00659e-05
2.36332e-07
1.00658e-05
2.32057e-07
1.00657e-05
2.27671e-07
1.00656e-05
2.22987e-07
1.00656e-05
2.17784e-07
1.00658e-05
2.11745e-07
1.00664e-05
2.00337e-07
1.60342e-07
1.12489e-05
1.22203e-06
1.12642e-05
1.07249e-06
1.12672e-05
8.57453e-07
1.12693e-05
7.41025e-07
1.12693e-05
6.65811e-07
1.12682e-05
6.04036e-07
1.12669e-05
5.54241e-07
1.12657e-05
5.14515e-07
1.12646e-05
4.81853e-07
1.12636e-05
4.54274e-07
1.12627e-05
4.30642e-07
1.1262e-05
4.10179e-07
1.12613e-05
3.92278e-07
1.12608e-05
3.76472e-07
1.12603e-05
3.62398e-07
1.12598e-05
3.49775e-07
1.12595e-05
3.38379e-07
1.12591e-05
3.2803e-07
1.12588e-05
3.18578e-07
1.12586e-05
3.09904e-07
1.12584e-05
3.01904e-07
1.12582e-05
2.94495e-07
1.1258e-05
2.87604e-07
1.12579e-05
2.81168e-07
1.12577e-05
2.75136e-07
1.12576e-05
2.69457e-07
1.12575e-05
2.64092e-07
1.12574e-05
2.59e-07
1.12574e-05
2.54146e-07
1.12573e-05
2.49493e-07
1.12573e-05
2.45003e-07
1.12572e-05
2.40636e-07
1.12572e-05
2.36338e-07
1.12572e-05
2.32038e-07
1.12573e-05
2.27623e-07
1.12574e-05
2.22904e-07
1.12575e-05
2.1764e-07
1.12579e-05
2.1135e-07
1.12585e-05
1.99731e-07
1.64833e-07
1.25766e-05
1.16781e-06
1.25949e-05
1.05419e-06
1.25986e-05
8.5381e-07
1.26008e-05
7.38756e-07
1.26011e-05
6.65513e-07
1.26001e-05
6.05096e-07
1.25988e-05
5.55566e-07
1.25975e-05
5.15775e-07
1.25963e-05
4.83018e-07
1.25953e-05
4.5533e-07
1.25943e-05
4.31579e-07
1.25935e-05
4.10998e-07
1.25928e-05
3.9299e-07
1.25922e-05
3.77089e-07
1.25917e-05
3.62933e-07
1.25912e-05
3.50239e-07
1.25908e-05
3.38782e-07
1.25904e-05
3.28379e-07
1.25901e-05
3.18883e-07
1.25899e-05
3.10169e-07
1.25896e-05
3.02136e-07
1.25894e-05
2.94697e-07
1.25893e-05
2.8778e-07
1.25891e-05
2.81322e-07
1.2589e-05
2.75268e-07
1.25889e-05
2.69571e-07
1.25888e-05
2.64187e-07
1.25887e-05
2.59078e-07
1.25886e-05
2.54205e-07
1.25886e-05
2.49533e-07
1.25886e-05
2.45023e-07
1.25886e-05
2.40632e-07
1.25886e-05
2.36308e-07
1.25887e-05
2.31977e-07
1.25888e-05
2.27526e-07
1.25889e-05
2.22767e-07
1.25891e-05
2.17435e-07
1.25895e-05
2.10923e-07
1.259e-05
1.99269e-07
1.6924e-07
1.40612e-05
1.11344e-06
1.40827e-05
1.03278e-06
1.40871e-05
8.49316e-07
1.40896e-05
7.36281e-07
1.40902e-05
6.6491e-07
1.40893e-05
6.06024e-07
1.4088e-05
5.56902e-07
1.40867e-05
5.17085e-07
1.40854e-05
4.84241e-07
1.40843e-05
4.56449e-07
1.40833e-05
4.32578e-07
1.40824e-05
4.11875e-07
1.40817e-05
3.93755e-07
1.4081e-05
3.77753e-07
1.40804e-05
3.63509e-07
1.40799e-05
3.50739e-07
1.40795e-05
3.39216e-07
1.40791e-05
3.28757e-07
1.40788e-05
3.19212e-07
1.40785e-05
3.10456e-07
1.40783e-05
3.02387e-07
1.4078e-05
2.94916e-07
1.40778e-05
2.87971e-07
1.40777e-05
2.81488e-07
1.40775e-05
2.75412e-07
1.40774e-05
2.69693e-07
1.40773e-05
2.64289e-07
1.40772e-05
2.5916e-07
1.40772e-05
2.54267e-07
1.40771e-05
2.49573e-07
1.40771e-05
2.45041e-07
1.40771e-05
2.40624e-07
1.40772e-05
2.3627e-07
1.40772e-05
2.31905e-07
1.40773e-05
2.27415e-07
1.40775e-05
2.22613e-07
1.40777e-05
2.17215e-07
1.40781e-05
2.10525e-07
1.40784e-05
1.9902e-07
1.73379e-07
1.57214e-05
1.05959e-06
1.57458e-05
1.00829e-06
1.57515e-05
8.43678e-07
1.57542e-05
7.3357e-07
1.57551e-05
6.63979e-07
1.57544e-05
6.06764e-07
1.57531e-05
5.58213e-07
1.57517e-05
5.18427e-07
1.57505e-05
4.85513e-07
1.57493e-05
4.57623e-07
1.57482e-05
4.33633e-07
1.57473e-05
4.12806e-07
1.57465e-05
3.94568e-07
1.57458e-05
3.78461e-07
1.57452e-05
3.64124e-07
1.57446e-05
3.51272e-07
1.57442e-05
3.39678e-07
1.57438e-05
3.29158e-07
1.57434e-05
3.1956e-07
1.57431e-05
3.10759e-07
1.57429e-05
3.0265e-07
1.57426e-05
2.95145e-07
1.57424e-05
2.88169e-07
1.57423e-05
2.81659e-07
1.57421e-05
2.75558e-07
1.5742e-05
2.69816e-07
1.57419e-05
2.6439e-07
1.57418e-05
2.59239e-07
1.57417e-05
2.54325e-07
1.57417e-05
2.49608e-07
1.57417e-05
2.4505e-07
1.57417e-05
2.40606e-07
1.57418e-05
2.36221e-07
1.57419e-05
2.3182e-07
1.5742e-05
2.2729e-07
1.57421e-05
2.22446e-07
1.57424e-05
2.16988e-07
1.57427e-05
2.10175e-07
1.57427e-05
1.98994e-07
1.77629e-07
1.75778e-05
1.00693e-06
1.76052e-05
9.80932e-07
1.76123e-05
8.36594e-07
1.76153e-05
7.3056e-07
1.76166e-05
6.62699e-07
1.76161e-05
6.07255e-07
1.76148e-05
5.59456e-07
1.76135e-05
5.1978e-07
1.76122e-05
4.86817e-07
1.7611e-05
4.58841e-07
1.76099e-05
4.34738e-07
1.76089e-05
4.13787e-07
1.7608e-05
3.9543e-07
1.76073e-05
3.79215e-07
1.76066e-05
3.64781e-07
1.7606e-05
3.51845e-07
1.76055e-05
3.40179e-07
1.76051e-05
3.29596e-07
1.76047e-05
3.19944e-07
1.76044e-05
3.11096e-07
1.76041e-05
3.02946e-07
1.76038e-05
2.95404e-07
1.76036e-05
2.88397e-07
1.76034e-05
2.81857e-07
1.76032e-05
2.75729e-07
1.76031e-05
2.69962e-07
1.7603e-05
2.64512e-07
1.76029e-05
2.59337e-07
1.76028e-05
2.54398e-07
1.76027e-05
2.49656e-07
1.76027e-05
2.4507e-07
1.76027e-05
2.40595e-07
1.76028e-05
2.36176e-07
1.76029e-05
2.31737e-07
1.7603e-05
2.27165e-07
1.76031e-05
2.22281e-07
1.76034e-05
2.16776e-07
1.76036e-05
2.0991e-07
1.76034e-05
1.99218e-07
1.80855e-07
1.96541e-05
9.56135e-07
1.96839e-05
9.5108e-07
1.96927e-05
8.27795e-07
1.96961e-05
7.27148e-07
1.96978e-05
6.61056e-07
1.96976e-05
6.07434e-07
1.96965e-05
5.60572e-07
1.96951e-05
5.21107e-07
1.96938e-05
4.88127e-07
1.96926e-05
4.60079e-07
1.96915e-05
4.3587e-07
1.96904e-05
4.14795e-07
1.96896e-05
3.96314e-07
1.96888e-05
3.79983e-07
1.96881e-05
3.65446e-07
1.96876e-05
3.52419e-07
1.96871e-05
3.40672e-07
1.96866e-05
3.30021e-07
1.96863e-05
3.20309e-07
1.9686e-05
3.1141e-07
1.96857e-05
3.03216e-07
1.96855e-05
2.95638e-07
1.96853e-05
2.88597e-07
1.96851e-05
2.82028e-07
1.96849e-05
2.75874e-07
1.96848e-05
2.70084e-07
1.96847e-05
2.6461e-07
1.96846e-05
2.59413e-07
1.96846e-05
2.5445e-07
1.96846e-05
2.49683e-07
1.96846e-05
2.4507e-07
1.96846e-05
2.40565e-07
1.96847e-05
2.36112e-07
1.96848e-05
2.31636e-07
1.96849e-05
2.27026e-07
1.96851e-05
2.22106e-07
1.96853e-05
2.16571e-07
1.96855e-05
2.0972e-07
1.9685e-05
1.99649e-07
1.85515e-07
2.19761e-05
9.0782e-07
2.20079e-05
9.193e-07
2.20186e-05
8.1709e-07
2.20225e-05
7.23197e-07
2.20246e-05
6.59038e-07
2.20247e-05
6.0725e-07
2.20238e-05
5.61506e-07
2.20225e-05
5.2238e-07
2.20212e-05
4.89439e-07
2.20199e-05
4.61349e-07
2.20188e-05
4.37059e-07
2.20177e-05
4.1588e-07
2.20167e-05
3.97289e-07
2.20158e-05
3.80853e-07
2.20151e-05
3.66218e-07
2.20144e-05
3.53103e-07
2.20138e-05
3.41278e-07
2.20132e-05
3.30555e-07
2.20128e-05
3.2078e-07
2.20123e-05
3.11824e-07
2.2012e-05
3.0358e-07
2.20117e-05
2.95955e-07
2.20114e-05
2.88873e-07
2.20112e-05
2.82266e-07
2.20109e-05
2.76077e-07
2.20108e-05
2.70254e-07
2.20106e-05
2.6475e-07
2.20105e-05
2.59521e-07
2.20105e-05
2.54528e-07
2.20104e-05
2.49729e-07
2.20104e-05
2.45083e-07
2.20104e-05
2.40542e-07
2.20105e-05
2.3605e-07
2.20106e-05
2.31533e-07
2.20107e-05
2.26886e-07
2.20109e-05
2.21939e-07
2.20111e-05
2.16405e-07
2.20111e-05
2.09662e-07
2.20105e-05
2.00272e-07
1.86316e-07
2.45732e-05
8.62535e-07
2.46062e-05
8.86307e-07
2.46189e-05
8.04398e-07
2.46235e-05
7.18528e-07
2.4626e-05
6.56594e-07
2.46266e-05
6.06614e-07
2.4626e-05
5.62124e-07
2.46249e-05
5.23457e-07
2.46238e-05
4.90589e-07
2.46227e-05
4.62456e-07
2.46217e-05
4.38077e-07
2.46207e-05
4.16783e-07
2.462e-05
3.98073e-07
2.46193e-05
3.81528e-07
2.46187e-05
3.66798e-07
2.46182e-05
3.53602e-07
2.46178e-05
3.41708e-07
2.46174e-05
3.30929e-07
2.46171e-05
3.21107e-07
2.46168e-05
3.12111e-07
2.46165e-05
3.03833e-07
2.46163e-05
2.96179e-07
2.46161e-05
2.89072e-07
2.46159e-05
2.82443e-07
2.46158e-05
2.76232e-07
2.46157e-05
2.70389e-07
2.46155e-05
2.64864e-07
2.46154e-05
2.59614e-07
2.46154e-05
2.54598e-07
2.46153e-05
2.49774e-07
2.46153e-05
2.45099e-07
2.46153e-05
2.40526e-07
2.46154e-05
2.35998e-07
2.46155e-05
2.31444e-07
2.46156e-05
2.26761e-07
2.46157e-05
2.21794e-07
2.46159e-05
2.1628e-07
2.46158e-05
2.09703e-07
2.46149e-05
2.01217e-07
1.93342e-07
2.74779e-05
8.20789e-07
2.75112e-05
8.52987e-07
2.75257e-05
7.89876e-07
2.75312e-05
7.13069e-07
2.75339e-05
6.53826e-07
2.75348e-05
6.05692e-07
2.75343e-05
5.62645e-07
2.75331e-05
5.24663e-07
2.75317e-05
4.92011e-07
2.75302e-05
4.63919e-07
2.75288e-05
4.39499e-07
2.75275e-05
4.1811e-07
2.75263e-05
3.99276e-07
2.75252e-05
3.82596e-07
2.75243e-05
3.67735e-07
2.75235e-05
3.54415e-07
2.75228e-05
3.42408e-07
2.75222e-05
3.31527e-07
2.75217e-05
3.21615e-07
2.75212e-05
3.12539e-07
2.75209e-05
3.04191e-07
2.75206e-05
2.96476e-07
2.75203e-05
2.89315e-07
2.75201e-05
2.82638e-07
2.752e-05
2.76384e-07
2.75199e-05
2.70501e-07
2.75198e-05
2.6494e-07
2.75198e-05
2.59656e-07
2.75197e-05
2.54606e-07
2.75198e-05
2.49748e-07
2.75198e-05
2.45038e-07
2.75199e-05
2.40428e-07
2.75201e-05
2.35863e-07
2.75202e-05
2.31274e-07
2.75204e-05
2.26568e-07
2.75206e-05
2.21606e-07
2.75207e-05
2.16168e-07
2.75206e-05
2.09847e-07
2.752e-05
2.01834e-07
1.88379e-07
3.0727e-05
7.82861e-07
3.07599e-05
8.20071e-07
3.07763e-05
7.73509e-07
3.07831e-05
7.06227e-07
3.0787e-05
6.49998e-07
3.07891e-05
6.03535e-07
3.07899e-05
5.61869e-07
3.07899e-05
5.24641e-07
3.07897e-05
4.92285e-07
3.07893e-05
4.6432e-07
3.07888e-05
4.39968e-07
3.07883e-05
4.18611e-07
3.07878e-05
3.99783e-07
3.07873e-05
3.83097e-07
3.07868e-05
3.68224e-07
3.07863e-05
3.54888e-07
3.07859e-05
3.42864e-07
3.07854e-05
3.31964e-07
3.0785e-05
3.22032e-07
3.07846e-05
3.12938e-07
3.07842e-05
3.0457e-07
3.07839e-05
2.96835e-07
3.07835e-05
2.89653e-07
3.07832e-05
2.82955e-07
3.07829e-05
2.7668e-07
3.07826e-05
2.70775e-07
3.07824e-05
2.6519e-07
3.07822e-05
2.5988e-07
3.0782e-05
2.54801e-07
3.07818e-05
2.49911e-07
3.07817e-05
2.45166e-07
3.07816e-05
2.40517e-07
3.07815e-05
2.35911e-07
3.07815e-05
2.31281e-07
3.07816e-05
2.26543e-07
3.07816e-05
2.21582e-07
3.07815e-05
2.16229e-07
3.07811e-05
2.10253e-07
3.07792e-05
2.03759e-07
2.01987e-07
3.43588e-05
7.49808e-07
3.43893e-05
7.8953e-07
3.44055e-05
7.57265e-07
3.44118e-05
6.99953e-07
3.44143e-05
6.475e-07
3.4415e-05
6.0288e-07
3.44142e-05
5.62606e-07
3.44128e-05
5.26114e-07
3.44111e-05
4.9393e-07
3.44096e-05
4.6588e-07
3.44082e-05
4.41358e-07
3.4407e-05
4.19799e-07
3.4406e-05
4.00762e-07
3.44052e-05
3.83877e-07
3.44046e-05
3.68826e-07
3.44042e-05
3.55338e-07
3.44038e-05
3.43184e-07
3.44036e-05
3.32176e-07
3.44035e-05
3.22154e-07
3.44035e-05
3.12986e-07
3.44035e-05
3.04557e-07
3.44035e-05
2.96772e-07
3.44036e-05
2.8955e-07
3.44038e-05
2.82817e-07
3.44039e-05
2.76514e-07
3.44041e-05
2.70583e-07
3.44044e-05
2.64975e-07
3.44046e-05
2.59644e-07
3.44048e-05
2.54544e-07
3.44051e-05
2.49632e-07
3.44054e-05
2.44864e-07
3.44058e-05
2.40192e-07
3.44061e-05
2.35563e-07
3.44065e-05
2.30916e-07
3.44068e-05
2.26181e-07
3.44071e-05
2.21269e-07
3.44073e-05
2.16059e-07
3.44072e-05
2.10334e-07
3.44078e-05
2.0315e-07
1.8526e-07
3.84308e-05
7.19176e-07
3.84619e-05
7.58424e-07
3.84824e-05
7.36757e-07
3.84939e-05
6.88519e-07
3.8501e-05
6.4032e-07
3.85059e-05
5.98042e-07
3.85087e-05
5.59767e-07
3.851e-05
5.24794e-07
3.85104e-05
4.93563e-07
3.85102e-05
4.66102e-07
3.85096e-05
4.4197e-07
3.85087e-05
4.20667e-07
3.85077e-05
4.01784e-07
3.85066e-05
3.84982e-07
3.85054e-05
3.69965e-07
3.85043e-05
3.56479e-07
3.85032e-05
3.44307e-07
3.85021e-05
3.33267e-07
3.8501e-05
3.23204e-07
3.85e-05
3.13989e-07
3.84991e-05
3.05512e-07
3.84982e-05
2.97677e-07
3.84973e-05
2.90404e-07
3.84965e-05
2.83622e-07
3.84958e-05
2.77269e-07
3.8495e-05
2.71289e-07
3.84944e-05
2.65632e-07
3.84938e-05
2.60251e-07
3.84932e-05
2.55101e-07
3.84927e-05
2.50137e-07
3.84923e-05
2.45315e-07
3.84919e-05
2.40586e-07
3.84915e-05
2.35902e-07
3.84913e-05
2.31207e-07
3.8491e-05
2.26444e-07
3.84907e-05
2.2156e-07
3.84902e-05
2.16534e-07
3.8489e-05
2.11509e-07
3.84846e-05
2.07578e-07
2.12625e-07
4.29447e-05
7.00907e-07
4.29638e-05
7.3931e-07
4.29753e-05
7.25252e-07
4.29802e-05
6.83645e-07
4.29825e-05
6.37999e-07
4.29841e-05
5.96429e-07
4.29853e-05
5.58596e-07
4.29862e-05
5.23888e-07
4.29871e-05
4.92669e-07
4.29881e-05
4.65099e-07
4.29892e-05
4.40856e-07
4.29904e-05
4.19471e-07
4.29916e-05
4.00531e-07
4.29929e-05
3.83694e-07
4.29942e-05
3.68664e-07
4.29955e-05
3.55182e-07
4.29968e-05
3.43028e-07
4.29981e-05
3.32014e-07
4.29993e-05
3.21985e-07
4.30005e-05
3.12807e-07
4.30016e-05
3.04369e-07
4.30027e-05
2.96575e-07
4.30038e-05
2.89341e-07
4.30048e-05
2.82597e-07
4.30058e-05
2.7628e-07
4.30067e-05
2.70333e-07
4.30077e-05
2.64705e-07
4.30086e-05
2.59349e-07
4.30094e-05
2.5422e-07
4.30103e-05
2.49272e-07
4.30112e-05
2.44461e-07
4.3012e-05
2.3974e-07
4.30129e-05
2.35061e-07
4.30137e-05
2.30377e-07
4.30145e-05
2.25642e-07
4.30152e-05
2.20822e-07
4.30159e-05
2.15879e-07
4.30168e-05
2.10584e-07
4.30215e-05
2.02838e-07
1.7542e-07
4.81187e-05
6.72461e-07
4.81481e-05
7.09909e-07
4.81695e-05
7.0382e-07
4.81815e-05
6.71655e-07
4.81872e-05
6.3228e-07
4.81893e-05
5.9432e-07
4.8189e-05
5.58951e-07
4.81869e-05
5.25987e-07
4.81837e-05
4.95812e-07
4.81801e-05
4.68757e-07
4.81762e-05
4.44718e-07
4.81723e-05
4.23357e-07
4.81685e-05
4.0433e-07
4.81649e-05
3.87337e-07
4.81614e-05
3.72115e-07
4.81582e-05
3.58427e-07
4.81551e-05
3.46064e-07
4.81523e-05
3.34848e-07
4.81497e-05
3.24626e-07
4.81472e-05
3.15268e-07
4.81449e-05
3.06661e-07
4.81428e-05
2.98711e-07
4.81408e-05
2.91334e-07
4.81389e-05
2.84457e-07
4.81372e-05
2.78018e-07
4.81355e-05
2.71958e-07
4.8134e-05
2.66225e-07
4.81326e-05
2.60772e-07
4.81313e-05
2.55551e-07
4.813e-05
2.50517e-07
4.81289e-05
2.45624e-07
4.81278e-05
2.40827e-07
4.81268e-05
2.36081e-07
4.81258e-05
2.31344e-07
4.81249e-05
2.26591e-07
4.81238e-05
2.21845e-07
4.81224e-05
2.17275e-07
4.81195e-05
2.13532e-07
4.81092e-05
2.1309e-07
2.26901e-07
5.35618e-05
5.35674e-05
5.35794e-05
5.35933e-05
5.36072e-05
5.36205e-05
5.36329e-05
5.36442e-05
5.36544e-05
5.36634e-05
5.36716e-05
5.36788e-05
5.36853e-05
5.36912e-05
5.36965e-05
5.37013e-05
5.37057e-05
5.37098e-05
5.37135e-05
5.37169e-05
5.37201e-05
5.3723e-05
5.37258e-05
5.37284e-05
5.37308e-05
5.37331e-05
5.37353e-05
5.37375e-05
5.37395e-05
5.37415e-05
5.37434e-05
5.37454e-05
5.37473e-05
5.37492e-05
5.3751e-05
5.3753e-05
5.37552e-05
5.37596e-05
5.37746e-05
)
;

boundaryField
{
    inlet
    {
        type            calculated;
        value           nonuniform List<scalar> 
36
(
-1.0756e-06
-1.2028e-06
-1.34504e-06
-1.5041e-06
-1.68197e-06
-1.88087e-06
-2.1033e-06
-2.35204e-06
-2.63018e-06
-2.94122e-06
-3.28905e-06
-3.678e-06
-4.11295e-06
-4.59934e-06
-5.14325e-06
-5.75148e-06
-6.43164e-06
-7.19223e-06
-8.04277e-06
-8.9939e-06
-1.00575e-05
-1.12469e-05
-1.25769e-05
-1.40642e-05
-1.57274e-05
-1.75873e-05
-1.96671e-05
-2.19929e-05
-2.45938e-05
-2.75022e-05
-3.07545e-05
-3.43914e-05
-3.84585e-05
-4.30064e-05
-4.80922e-05
-5.37795e-05
)
;
    }
    outlet
    {
        type            calculated;
        value           nonuniform List<scalar> 
36
(
1.91441e-08
6.71543e-08
1.32609e-07
2.20422e-07
3.36675e-07
4.88722e-07
6.85237e-07
9.36046e-07
1.25153e-06
1.64135e-06
2.11239e-06
2.66608e-06
3.2963e-06
3.98941e-06
4.72815e-06
5.49852e-06
6.29659e-06
7.13121e-06
8.02149e-06
8.9908e-06
1.00617e-05
1.1254e-05
1.25856e-05
1.40742e-05
1.57385e-05
1.76002e-05
1.96804e-05
2.20097e-05
2.46079e-05
2.75249e-05
3.07656e-05
3.44246e-05
3.84573e-05
4.30587e-05
4.80578e-05
5.38419e-05
)
;
    }
    plate
    {
        type            calculated;
        value           uniform 0;
    }
    farfield
    {
        type            calculated;
        value           nonuniform List<scalar> 
50
(
3.99881e-08
6.65067e-08
1.0079e-07
1.41689e-07
1.92414e-07
2.55758e-07
3.33313e-07
4.24042e-07
5.21788e-07
6.13034e-07
6.7868e-07
7.04252e-07
6.91828e-07
6.57793e-07
6.18396e-07
5.80991e-07
5.46527e-07
5.1469e-07
4.8567e-07
4.59685e-07
4.36604e-07
4.16093e-07
3.9781e-07
3.81466e-07
3.66807e-07
3.53607e-07
3.41669e-07
3.30823e-07
3.20924e-07
3.11848e-07
3.03489e-07
2.95757e-07
2.88571e-07
2.81862e-07
2.75569e-07
2.69636e-07
2.64013e-07
2.58651e-07
2.53506e-07
2.48531e-07
2.43681e-07
2.38912e-07
2.34181e-07
2.29452e-07
2.24702e-07
2.19917e-07
2.15001e-07
2.09189e-07
1.98083e-07
1.59591e-07
)
;
    }
    upstreamSlip
    {
        type            symmetry;
        value           uniform 0;
    }
    frontAndBack
    {
        type            empty;
    }
}


// ************************************************************************* //
