/*--------------------------------*- C++ -*----------------------------------*\
| =========                 |                                                 |
| \\      /  F ield         | OpenFOAM: The Open Source CFD Toolbox           |
|  \\    /   O peration     | Version:  2512                                  |
|   \\  /    A nd           | Website:  www.openfoam.com                      |
|    \\/     M anipulation  |                                                 |
\*---------------------------------------------------------------------------*/
FoamFile
{
    version     2.0;
    format      ascii;
    arch        "LSB;label=32;scalar=64";
    class       volScalarField;
    location    "0.0399697";
    object      T;
}
// * * * * * * * * * * * * * * * * * * * * * * * * * * * * * * * * * * * * * //

dimensions      [0 0 0 1 0 0 0];

internalField   nonuniform List<scalar> 
1800
(
388.89
388.89
388.891
388.891
388.892
388.893
388.895
388.895
388.917
388.86
388.89
388.89
388.891
388.891
388.892
388.893
388.895
388.895
388.916
388.861
388.89
388.89
388.891
388.891
388.892
388.893
388.895
388.895
388.916
388.864
388.89
388.89
388.891
388.891
388.892
388.893
388.895
388.895
388.915
388.87
388.89
388.89
388.891
388.891
388.892
388.893
388.895
388.896
388.914
388.877
388.89
388.89
388.891
388.891
388.892
388.893
388.895
388.896
388.912
388.886
388.89
388.89
388.891
388.891
388.892
388.893
388.895
388.896
388.911
388.893
388.89
388.89
388.891
388.891
388.892
388.893
388.895
388.896
388.91
388.898
388.89
388.89
388.891
388.891
388.892
388.893
388.895
388.896
388.909
388.902
388.89
388.89
388.891
388.891
388.892
388.893
388.895
388.897
388.908
388.904
388.89
388.89
388.891
388.891
388.892
388.893
388.895
388.897
388.907
388.904
388.89
388.89
388.891
388.891
388.892
388.893
388.895
388.897
388.907
388.905
388.89
388.89
388.891
388.891
388.892
388.893
388.895
388.897
388.906
388.904
388.89
388.89
388.891
388.891
388.892
388.893
388.895
388.897
388.906
388.904
388.89
388.89
388.891
388.891
388.892
388.893
388.895
388.897
388.905
388.904
388.89
388.89
388.891
388.891
388.892
388.893
388.895
388.897
388.905
388.903
388.89
388.89
388.891
388.891
388.892
388.893
388.895
388.897
388.904
388.903
388.89
388.89
388.891
388.891
388.892
388.893
388.895
388.897
388.903
388.902
388.89
388.89
388.891
388.891
388.892
388.893
388.895
388.897
388.903
388.902
388.89
388.89
388.891
388.891
388.892
388.893
388.895
388.897
388.902
388.901
388.89
388.89
388.891
388.891
388.892
388.893
388.895
388.897
388.901
388.9
388.89
388.89
388.891
388.891
388.892
388.893
388.895
388.897
388.901
388.9
388.89
388.89
388.891
388.891
388.892
388.893
388.894
388.896
388.9
388.899
388.89
388.89
388.891
388.891
388.892
388.893
388.894
388.896
388.899
388.898
388.89
388.89
388.891
388.891
388.892
388.893
388.894
388.896
388.898
388.898
388.89
388.89
388.891
388.891
388.892
388.893
388.894
388.896
388.898
388.897
388.89
388.89
388.891
388.891
388.892
388.893
388.894
388.895
388.897
388.896
388.89
388.89
388.891
388.891
388.892
388.893
388.894
388.895
388.896
388.896
388.89
388.89
388.891
388.891
388.892
388.892
388.893
388.895
388.896
388.895
388.89
388.89
388.891
388.891
388.892
388.892
388.893
388.894
388.895
388.894
388.89
388.89
388.891
388.891
388.891
388.892
388.893
388.894
388.894
388.894
388.89
388.89
388.89
388.891
388.891
388.892
388.893
388.893
388.894
388.893
388.89
388.89
388.89
388.891
388.891
388.892
388.892
388.893
388.893
388.893
388.89
388.89
388.89
388.891
388.891
388.892
388.892
388.893
388.893
388.893
388.89
388.89
388.89
388.89
388.89
388.891
388.891
388.891
388.891
388.89
388.89
388.891
388.891
388.891
388.892
388.893
388.893
388.894
388.895
388.896
389.37
389.334
389.316
389.306
389.299
389.293
389.289
389.286
389.283
389.281
389.279
389.278
389.276
389.275
389.274
389.273
389.272
389.271
389.27
389.269
389.269
389.268
389.268
389.267
389.266
389.266
389.265
389.265
389.265
389.264
389.264
389.264
389.263
389.263
389.263
389.263
389.263
389.262
389.262
389.261
389.311
389.329
389.315
389.305
389.298
389.293
389.289
389.286
389.283
389.281
389.279
389.278
389.276
389.275
389.274
389.273
389.272
389.271
389.27
389.269
389.269
389.268
389.268
389.267
389.266
389.266
389.265
389.265
389.265
389.264
389.264
389.264
389.263
389.263
389.263
389.263
389.263
389.262
389.262
389.261
389.215
389.302
389.308
389.303
389.297
389.292
389.289
389.286
389.283
389.281
389.279
389.278
389.276
389.275
389.274
389.273
389.272
389.271
389.27
389.269
389.269
389.268
389.267
389.267
389.266
389.266
389.265
389.265
389.265
389.264
389.264
389.264
389.263
389.263
389.263
389.262
389.262
389.262
389.262
389.261
389.116
389.242
389.283
389.292
389.291
389.289
389.287
389.284
389.282
389.28
389.278
389.277
389.276
389.274
389.273
389.272
389.271
389.271
389.27
389.269
389.269
389.268
389.267
389.267
389.266
389.266
389.265
389.265
389.265
389.264
389.264
389.264
389.263
389.263
389.263
389.262
389.262
389.262
389.262
389.261
389.032
389.162
389.232
389.262
389.275
389.279
389.28
389.279
389.279
389.278
389.276
389.275
389.274
389.273
389.272
389.272
389.271
389.27
389.269
389.269
389.268
389.268
389.267
389.267
389.266
389.266
389.265
389.265
389.264
389.264
389.264
389.263
389.263
389.263
389.263
389.262
389.262
389.262
389.262
389.261
388.971
389.078
389.16
389.21
389.238
389.254
389.262
389.267
389.269
389.27
389.271
389.271
389.271
389.27
389.27
389.269
389.269
389.268
389.268
389.267
389.267
389.267
389.266
389.266
389.265
389.265
389.265
389.264
389.264
389.264
389.263
389.263
389.263
389.263
389.262
389.262
389.262
389.262
389.261
389.261
388.93
389.006
389.081
389.14
389.181
389.209
389.228
389.24
389.249
389.254
389.258
389.26
389.262
389.263
389.264
389.264
389.264
389.264
389.264
389.264
389.264
389.264
389.264
389.264
389.264
389.263
389.263
389.263
389.263
389.262
389.262
389.262
389.262
389.262
389.261
389.261
389.261
389.261
389.26
389.261
388.907
388.953
389.01
389.065
389.11
389.147
389.175
389.196
389.212
389.223
389.232
389.239
389.244
389.247
389.25
389.253
389.254
389.256
389.257
389.257
389.258
389.259
389.259
389.259
389.259
389.26
389.26
389.26
389.26
389.26
389.26
389.26
389.26
389.26
389.26
389.26
389.259
389.259
389.259
389.26
388.895
388.919
388.956
388.998
389.039
389.076
389.108
389.135
389.157
389.175
389.19
389.202
389.211
389.219
389.225
389.23
389.235
389.238
389.241
389.244
389.246
389.247
389.249
389.25
389.251
389.252
389.253
389.253
389.254
389.254
389.255
389.255
389.255
389.255
389.256
389.256
389.256
389.256
389.256
389.257
388.89
388.899
388.921
388.948
388.978
389.009
389.038
389.066
389.091
389.112
389.132
389.148
389.162
389.174
389.185
389.194
389.201
389.208
389.214
389.218
389.223
389.226
389.23
389.232
389.235
389.237
389.239
389.24
389.242
389.243
389.244
389.245
389.246
389.247
389.248
389.248
389.249
389.249
389.249
389.251
388.889
388.89
388.901
388.916
388.935
388.956
388.979
389.002
389.024
389.045
389.065
389.084
389.101
389.116
389.13
389.142
389.153
389.162
389.171
389.179
389.186
389.192
389.198
389.203
389.207
389.211
389.215
389.218
389.221
389.223
389.226
389.228
389.23
389.231
389.233
389.234
389.236
389.237
389.238
389.24
388.888
388.886
388.891
388.899
388.909
388.921
388.936
388.952
388.968
388.985
389.003
389.019
389.036
389.051
389.066
389.079
389.092
389.104
389.115
389.125
389.135
389.143
389.151
389.158
389.165
389.171
389.177
389.182
389.187
389.191
389.195
389.199
389.202
389.205
389.208
389.211
389.213
389.215
389.217
389.22
388.889
388.885
388.887
388.891
388.895
388.902
388.909
388.919
388.929
388.94
388.953
388.965
388.978
388.991
389.004
389.017
389.029
389.041
389.052
389.063
389.074
389.084
389.093
389.102
389.11
389.118
389.125
389.132
389.139
389.145
389.151
389.156
389.161
389.166
389.17
389.174
389.178
389.182
389.184
389.189
388.889
388.885
388.886
388.887
388.889
388.892
388.896
388.9
388.906
388.912
388.919
388.927
388.936
388.945
388.954
388.964
388.973
388.983
388.993
389.003
389.012
389.022
389.031
389.04
389.049
389.057
389.065
389.073
389.081
389.088
389.095
389.101
389.107
389.113
389.119
389.125
389.13
389.135
389.139
389.144
388.889
388.885
388.885
388.886
388.887
388.888
388.89
388.892
388.894
388.897
388.901
388.905
388.909
388.915
388.92
388.926
388.933
388.939
388.946
388.953
388.961
388.968
388.976
388.983
388.991
388.998
389.006
389.013
389.02
389.027
389.034
389.041
389.047
389.054
389.06
389.066
389.072
389.078
389.082
389.089
388.89
388.885
388.885
388.886
388.887
388.887
388.888
388.888
388.889
388.891
388.892
388.894
388.896
388.899
388.901
388.904
388.908
388.912
388.916
388.92
388.925
388.929
388.934
388.94
388.945
388.95
388.956
388.962
388.967
388.973
388.979
388.985
388.99
388.996
389.002
389.007
389.013
389.018
389.023
389.029
388.89
388.885
388.885
388.886
388.886
388.887
388.887
388.887
388.888
388.888
388.889
388.89
388.89
388.891
388.893
388.894
388.895
388.897
388.899
388.901
388.904
388.906
388.909
388.912
388.915
388.918
388.922
388.925
388.929
388.933
388.937
388.941
388.945
388.949
388.953
388.958
388.962
388.966
388.97
388.976
388.89
388.885
388.885
388.886
388.886
388.887
388.887
388.887
388.887
388.888
388.888
388.888
388.888
388.889
388.889
388.89
388.89
388.891
388.892
388.893
388.894
388.895
388.896
388.897
388.899
388.9
388.902
388.904
388.906
388.908
388.91
388.913
388.915
388.918
388.92
388.923
388.926
388.928
388.931
388.935
388.891
388.886
388.886
388.886
388.887
388.887
388.887
388.887
388.887
388.887
388.888
388.888
388.888
388.888
388.888
388.888
388.889
388.889
388.889
388.889
388.89
388.89
388.891
388.891
388.892
388.892
388.893
388.894
388.895
388.896
388.897
388.898
388.899
388.9
388.901
388.903
388.904
388.906
388.907
388.909
388.891
388.886
388.886
388.886
388.887
388.887
388.887
388.887
388.887
388.887
388.888
388.888
388.888
388.888
388.888
388.888
388.888
388.888
388.888
388.889
388.889
388.889
388.889
388.889
388.889
388.889
388.89
388.89
388.89
388.891
388.891
388.891
388.892
388.892
388.893
388.893
388.894
388.894
388.895
388.896
388.891
388.886
388.886
388.886
388.887
388.887
388.887
388.887
388.887
388.888
388.888
388.888
388.888
388.888
388.888
388.888
388.888
388.888
388.888
388.888
388.888
388.888
388.888
388.889
388.889
388.889
388.889
388.889
388.889
388.889
388.889
388.889
388.889
388.889
388.89
388.89
388.89
388.89
388.89
388.891
388.891
388.887
388.886
388.887
388.887
388.887
388.887
388.887
388.887
388.888
388.888
388.888
388.888
388.888
388.888
388.888
388.888
388.888
388.888
388.888
388.888
388.888
388.888
388.888
388.888
388.888
388.888
388.889
388.889
388.889
388.889
388.889
388.889
388.889
388.889
388.889
388.889
388.889
388.889
388.889
388.892
388.887
388.886
388.887
388.887
388.887
388.887
388.887
388.887
388.888
388.888
388.888
388.888
388.888
388.888
388.888
388.888
388.888
388.888
388.888
388.888
388.888
388.888
388.888
388.888
388.888
388.888
388.888
388.888
388.888
388.889
388.889
388.889
388.889
388.889
388.888
388.888
388.888
388.888
388.889
388.892
388.887
388.887
388.887
388.887
388.887
388.887
388.887
388.888
388.888
388.888
388.888
388.888
388.888
388.888
388.888
388.888
388.888
388.888
388.888
388.888
388.888
388.888
388.888
388.888
388.888
388.888
388.888
388.889
388.889
388.889
388.889
388.889
388.889
388.888
388.888
388.888
388.888
388.888
388.889
388.892
388.888
388.887
388.887
388.887
388.887
388.887
388.887
388.888
388.888
388.888
388.888
388.888
388.888
388.888
388.888
388.888
388.888
388.888
388.888
388.888
388.888
388.888
388.888
388.888
388.889
388.889
388.889
388.889
388.889
388.889
388.889
388.889
388.889
388.889
388.889
388.888
388.888
388.888
388.889
388.892
388.888
388.887
388.887
388.887
388.887
388.887
388.888
388.888
388.888
388.888
388.888
388.888
388.888
388.888
388.888
388.888
388.888
388.888
388.888
388.888
388.888
388.889
388.889
388.889
388.889
388.889
388.889
388.889
388.889
388.889
388.889
388.889
388.889
388.889
388.889
388.889
388.889
388.888
388.889
388.892
388.889
388.887
388.887
388.887
388.888
388.888
388.888
388.888
388.888
388.888
388.888
388.888
388.888
388.888
388.888
388.888
388.888
388.888
388.888
388.888
388.889
388.889
388.889
388.889
388.889
388.889
388.889
388.889
388.889
388.889
388.889
388.889
388.889
388.889
388.889
388.889
388.889
388.889
388.889
388.892
388.889
388.888
388.888
388.888
388.888
388.888
388.888
388.888
388.888
388.888
388.888
388.888
388.888
388.888
388.888
388.888
388.889
388.889
388.889
388.889
388.889
388.889
388.889
388.889
388.889
388.889
388.889
388.889
388.889
388.889
388.889
388.889
388.889
388.889
388.889
388.889
388.889
388.889
388.889
388.892
388.889
388.888
388.888
388.888
388.888
388.888
388.888
388.888
388.888
388.888
388.888
388.888
388.888
388.888
388.888
388.888
388.888
388.889
388.889
388.889
388.889
388.889
388.889
388.889
388.889
388.889
388.889
388.889
388.889
388.889
388.889
388.889
388.889
388.889
388.889
388.889
388.889
388.889
388.889
388.892
388.89
388.888
388.888
388.888
388.888
388.888
388.888
388.888
388.888
388.888
388.888
388.889
388.889
388.889
388.889
388.889
388.889
388.889
388.889
388.889
388.889
388.889
388.889
388.889
388.889
388.889
388.889
388.889
388.889
388.889
388.889
388.889
388.889
388.889
388.889
388.889
388.889
388.889
388.889
388.892
388.89
388.889
388.888
388.888
388.888
388.888
388.888
388.888
388.888
388.888
388.888
388.888
388.888
388.888
388.888
388.888
388.889
388.889
388.889
388.889
388.889
388.889
388.889
388.889
388.889
388.889
388.889
388.889
388.889
388.889
388.889
388.889
388.889
388.889
388.889
388.889
388.889
388.889
388.889
388.892
388.89
388.889
388.889
388.889
388.889
388.889
388.889
388.889
388.889
388.889
388.889
388.889
388.889
388.889
388.889
388.889
388.889
388.889
388.889
388.889
388.889
388.889
388.889
388.889
388.889
388.889
388.889
388.889
388.889
388.889
388.889
388.889
388.889
388.889
388.889
388.889
388.889
388.889
388.888
388.892
388.89
388.889
388.889
388.888
388.888
388.888
388.888
388.888
388.888
388.888
388.888
388.888
388.888
388.888
388.888
388.888
388.889
388.889
388.889
388.889
388.889
388.889
388.889
388.889
388.889
388.889
388.889
388.889
388.889
388.889
388.889
388.889
388.889
388.889
388.889
388.889
388.889
388.889
388.89
388.892
388.891
388.891
388.891
388.89
388.89
388.89
388.89
388.89
388.89
388.89
388.89
388.89
388.89
388.889
388.889
388.889
388.889
388.889
388.889
388.889
388.889
388.889
388.889
388.889
388.889
388.889
388.889
388.889
388.889
388.889
388.889
388.888
388.888
388.888
388.888
388.888
388.888
388.888
388.887
388.89
388.889
388.888
388.887
388.887
388.887
388.887
388.887
388.887
388.888
388.888
388.888
388.888
388.888
388.888
388.888
388.888
388.889
388.889
388.889
388.889
388.889
388.889
388.889
388.889
388.889
388.889
388.889
388.889
388.889
388.889
388.889
388.889
388.889
388.89
388.89
388.89
388.89
388.89
388.891
388.896
388.895
388.895
388.894
388.894
388.893
388.893
388.892
388.892
388.892
388.891
388.891
388.891
388.891
388.89
388.89
388.89
388.89
388.89
388.89
388.89
388.89
388.89
388.889
388.889
388.889
388.889
388.889
388.889
388.889
388.889
388.889
388.889
388.889
388.889
388.889
388.889
388.889
388.889
388.887
)
;

boundaryField
{
    inlet
    {
        type            fixedValue;
        value           uniform 388.89;
    }
    outlet
    {
        type            zeroGradient;
    }
    plate
    {
        type            zeroGradient;
    }
    farfield
    {
        type            fixedValue;
        value           uniform 388.89;
    }
    upstreamSlip
    {
        type            symmetry;
    }
    frontAndBack
    {
        type            empty;
    }
}


// ************************************************************************* //
