/*--------------------------------*- C++ -*----------------------------------*\
| =========                 |                                                 |
| \\      /  F ield         | OpenFOAM: The Open Source CFD Toolbox           |
|  \\    /   O peration     | Version:  2512                                  |
|   \\  /    A nd           | Website:  www.openfoam.com                      |
|    \\/     M anipulation  |                                                 |
\*---------------------------------------------------------------------------*/
FoamFile
{
    version     2.0;
    format      ascii;
    arch        "LSB;label=32;scalar=64";
    class       volVectorField;
    location    "0.0399697";
    object      U;
}
// * * * * * * * * * * * * * * * * * * * * * * * * * * * * * * * * * * * * * //

dimensions      [0 1 -1 0 0 0 0];

internalField   nonuniform List<vector> 
1800
(
(39.5288 1.58183e-05 0)
(39.5245 3.01269e-05 0)
(39.5164 4.93915e-05 0)
(39.5038 7.30585e-05 0)
(39.4857 0.000105368 0)
(39.4596 0.00015565 0)
(39.4203 0.000240065 0)
(39.3589 0.00053259 0)
(39.1812 0.000815027 0)
(39.1004 0.0811146 0)
(39.5288 4.93909e-05 0)
(39.5245 9.40235e-05 0)
(39.5164 0.000154104 0)
(39.5038 0.000227923 0)
(39.4857 0.000328706 0)
(39.4596 0.000485554 0)
(39.4203 0.000748934 0)
(39.3589 0.00165981 0)
(39.182 0.00253456 0)
(39.1019 0.193367 0)
(39.5288 8.68778e-05 0)
(39.5245 0.000165574 0)
(39.5164 0.000271204 0)
(39.5038 0.000401089 0)
(39.4857 0.000578428 0)
(39.4596 0.000854283 0)
(39.4203 0.00131798 0)
(39.3589 0.00290601 0)
(39.1835 0.0044707 0)
(39.1045 0.275954 0)
(39.5288 0.0001285 0)
(39.5245 0.000245617 0)
(39.5164 0.000401932 0)
(39.5038 0.000594409 0)
(39.4857 0.000857214 0)
(39.4596 0.00126557 0)
(39.4203 0.00195326 0)
(39.3589 0.00426632 0)
(39.1856 0.00669286 0)
(39.108 0.327813 0)
(39.5288 0.000174783 0)
(39.5245 0.000335283 0)
(39.5164 0.000547996 0)
(39.5038 0.00081037 0)
(39.4857 0.00116863 0)
(39.4596 0.00172455 0)
(39.4203 0.00266294 0)
(39.359 0.0057472 0)
(39.1881 0.00925058 0)
(39.1122 0.359114 0)
(39.5288 0.000226263 0)
(39.5245 0.000435763 0)
(39.5164 0.000711221 0)
(39.5038 0.00105165 0)
(39.4857 0.00151653 0)
(39.4597 0.00223675 0)
(39.4204 0.00345571 0)
(39.359 0.00735668 0)
(39.1912 0.0121873 0)
(39.117 0.377336 0)
(39.5288 0.000283506 0)
(39.5245 0.000548356 0)
(39.5164 0.000893606 0)
(39.5038 0.00132118 0)
(39.4857 0.00190513 0)
(39.4597 0.00280822 0)
(39.4204 0.00434101 0)
(39.3591 0.00910355 0)
(39.1946 0.0155469 0)
(39.1225 0.386904 0)
(39.5288 0.000347145 0)
(39.5245 0.000674513 0)
(39.5164 0.00109738 0)
(39.5038 0.00162224 0)
(39.4858 0.00233913 0)
(39.4597 0.00344568 0)
(39.4205 0.00532924 0)
(39.3592 0.0109984 0)
(39.1984 0.019372 0)
(39.1285 0.390678 0)
(39.5288 0.000417894 0)
(39.5245 0.000815854 0)
(39.5164 0.00132506 0)
(39.5038 0.00195849 0)
(39.4858 0.00282379 0)
(39.4597 0.00415665 0)
(39.4206 0.00643182 0)
(39.3594 0.0130543 0)
(39.2026 0.0237006 0)
(39.1352 0.390686 0)
(39.5288 0.00049656 0)
(39.5245 0.000974176 0)
(39.5164 0.00157942 0)
(39.5039 0.00233402 0)
(39.4858 0.00336496 0)
(39.4598 0.00494951 0)
(39.4207 0.00766125 0)
(39.3596 0.0152871 0)
(39.2072 0.0285635 0)
(39.1425 0.388313 0)
(39.5288 0.000584055 0)
(39.5245 0.00115148 0)
(39.5164 0.00186358 0)
(39.5039 0.00275338 0)
(39.4858 0.00396916 0)
(39.4598 0.00583356 0)
(39.4208 0.00903119 0)
(39.3599 0.0177156 0)
(39.2123 0.0339819 0)
(39.1505 0.384427 0)
(39.5288 0.000681409 0)
(39.5245 0.00134996 0)
(39.5164 0.00218103 0)
(39.5039 0.00322165 0)
(39.4858 0.00464361 0)
(39.4599 0.00681911 0)
(39.421 0.0105565 0)
(39.3603 0.0203611 0)
(39.2179 0.039965 0)
(39.1592 0.379524 0)
(39.5288 0.00078978 0)
(39.5245 0.00157208 0)
(39.5164 0.00253562 0)
(39.5039 0.00374444 0)
(39.4859 0.00539634 0)
(39.46 0.00791755 0)
(39.4212 0.0122531 0)
(39.3609 0.0232475 0)
(39.224 0.0465077 0)
(39.1686 0.373873 0)
(39.5288 0.000910469 0)
(39.5245 0.00182054 0)
(39.5164 0.00293166 0)
(39.5039 0.00432802 0)
(39.4859 0.00623619 0)
(39.4601 0.00914137 0)
(39.4215 0.0141384 0)
(39.3615 0.0264001 0)
(39.2307 0.0535889 0)
(39.1788 0.36761 0)
(39.5288 0.00104493 0)
(39.5245 0.00209831 0)
(39.5164 0.00337389 0)
(39.504 0.00497926 0)
(39.486 0.0071729 0)
(39.4602 0.0105042 0)
(39.4218 0.0162305 0)
(39.3624 0.029845 0)
(39.2379 0.0611699 0)
(39.1898 0.360814 0)
(39.5288 0.0011948 0)
(39.5245 0.0024087 0)
(39.5164 0.00386757 0)
(39.504 0.00570578 0)
(39.4861 0.00821714 0)
(39.4604 0.0120209 0)
(39.4223 0.0185486 0)
(39.3635 0.0336076 0)
(39.2457 0.0691939 0)
(39.2016 0.353541 0)
(39.5288 0.00136186 0)
(39.5245 0.00275532 0)
(39.5165 0.00441848 0)
(39.5041 0.00651588 0)
(39.4862 0.00938052 0)
(39.4606 0.0137072 0)
(39.4228 0.0211125 0)
(39.3649 0.037711 0)
(39.2541 0.0775852 0)
(39.2141 0.345843 0)
(39.5288 0.00154811 0)
(39.5245 0.00314214 0)
(39.5165 0.00503293 0)
(39.5041 0.00741864 0)
(39.4864 0.0106756 0)
(39.4609 0.0155799 0)
(39.4235 0.0239419 0)
(39.3667 0.0421742 0)
(39.2632 0.0862504 0)
(39.2274 0.337781 0)
(39.5288 0.00175573 0)
(39.5246 0.00357348 0)
(39.5165 0.0057178 0)
(39.5042 0.00842387 0)
(39.4865 0.0121156 0)
(39.4613 0.0176565 0)
(39.4244 0.027056 0)
(39.3688 0.0470095 0)
(39.2729 0.0950799 0)
(39.2414 0.329423 0)
(39.5288 0.00198711 0)
(39.5246 0.00405403 0)
(39.5166 0.0064805 0)
(39.5044 0.00954204 0)
(39.4868 0.0137148 0)
(39.4618 0.0199547 0)
(39.4254 0.0304725 0)
(39.3713 0.0522203 0)
(39.2832 0.10395 0)
(39.2561 0.320845 0)
(39.5288 0.00224482 0)
(39.5246 0.00458886 0)
(39.5167 0.00732894 0)
(39.5045 0.0107842 0)
(39.4871 0.0154878 0)
(39.4623 0.0224921 0)
(39.4267 0.0342063 0)
(39.3744 0.0577988 0)
(39.2941 0.112728 0)
(39.2713 0.312126 0)
(39.5288 0.00253163 0)
(39.5246 0.00518333 0)
(39.5167 0.00827143 0)
(39.5047 0.012162 0)
(39.4874 0.0174492 0)
(39.463 0.0252853 0)
(39.4282 0.0382681 0)
(39.378 0.0637231 0)
(39.3056 0.121276 0)
(39.287 0.303347 0)
(39.5288 0.00285044 0)
(39.5247 0.00584308 0)
(39.5169 0.00931655 0)
(39.5049 0.0136868 0)
(39.4879 0.0196134 0)
(39.4639 0.0283488 0)
(39.43 0.0426621 0)
(39.3823 0.0699557 0)
(39.3177 0.129457 0)
(39.3031 0.294587 0)
(39.5288 0.00320428 0)
(39.5247 0.0065739 0)
(39.517 0.0104729 0)
(39.5052 0.0153701 0)
(39.4884 0.0219936 0)
(39.465 0.0316938 0)
(39.4323 0.0473847 0)
(39.3872 0.0764422 0)
(39.3302 0.137141 0)
(39.3194 0.285921 0)
(39.5288 0.00359622 0)
(39.5248 0.00738155 0)
(39.5172 0.0117487 0)
(39.5056 0.0172223 0)
(39.4891 0.0246008 0)
(39.4663 0.0353265 0)
(39.4349 0.0524216 0)
(39.3928 0.0831112 0)
(39.3432 0.144213 0)
(39.3358 0.277415 0)
(39.5288 0.00402928 0)
(39.5249 0.00827151 0)
(39.5174 0.0131514 0)
(39.506 0.019252 0)
(39.49 0.0274425 0)
(39.4679 0.0392463 0)
(39.438 0.0577457 0)
(39.3992 0.0898756 0)
(39.3565 0.150581 0)
(39.3522 0.269128 0)
(39.5289 0.0045063 0)
(39.525 0.00924863 0)
(39.5176 0.0146869 0)
(39.5066 0.0214648 0)
(39.491 0.030521 0)
(39.4699 0.0434432 0)
(39.4416 0.0633156 0)
(39.4062 0.0966358 0)
(39.3701 0.156177 0)
(39.3684 0.26111 0)
(39.5289 0.00502976 0)
(39.5251 0.0103166 0)
(39.5179 0.0163583 0)
(39.5072 0.0238622 0)
(39.4923 0.0338313 0)
(39.4721 0.0478957 0)
(39.4458 0.0690747 0)
(39.414 0.103285 0)
(39.3839 0.160971 0)
(39.3843 0.253417 0)
(39.5289 0.00560164 0)
(39.5252 0.0114772 0)
(39.5183 0.0181651 0)
(39.508 0.0264388 0)
(39.4938 0.0373585 0)
(39.4748 0.0525682 0)
(39.4506 0.0749487 0)
(39.4224 0.109705 0)
(39.3977 0.164922 0)
(39.3997 0.245992 0)
(39.529 0.00622327 0)
(39.5254 0.0127297 0)
(39.5188 0.0201011 0)
(39.509 0.0291808 0)
(39.4956 0.041076 0)
(39.478 0.0574177 0)
(39.456 0.0808965 0)
(39.4314 0.115946 0)
(39.4115 0.168458 0)
(39.4144 0.239721 0)
(39.529 0.00689539 0)
(39.5256 0.0140693 0)
(39.5193 0.0221521 0)
(39.5101 0.0320596 0)
(39.4977 0.0449039 0)
(39.4816 0.0621955 0)
(39.462 0.0862527 0)
(39.441 0.120534 0)
(39.4252 0.168794 0)
(39.4287 0.229461 0)
(39.529 0.00761885 0)
(39.5258 0.015486 0)
(39.5199 0.024306 0)
(39.5115 0.0351873 0)
(39.5001 0.0494671 0)
(39.4856 0.0688331 0)
(39.4683 0.0955626 0)
(39.4503 0.132532 0)
(39.4376 0.18206 0)
(39.4407 0.241258 0)
(39.5291 0.00839672 0)
(39.526 0.0169123 0)
(39.5207 0.0259694 0)
(39.5132 0.0361759 0)
(39.5034 0.0482406 0)
(39.4912 0.0631457 0)
(39.4771 0.0822372 0)
(39.4632 0.106963 0)
(39.4543 0.137588 0)
(39.4584 0.169572 0)
(39.5291 0.00936592 0)
(39.526 0.0199003 0)
(39.5207 0.0336216 0)
(39.5133 0.0523952 0)
(39.5034 0.0778491 0)
(39.4912 0.111825 0)
(39.477 0.156474 0)
(39.4627 0.213828 0)
(39.452 0.284487 0)
(39.4504 0.364921 0)
(39.5295 0.00774535 0)
(39.5283 0.0104449 0)
(39.5263 0.00879625 0)
(39.5237 0.00362931 0)
(39.5202 -0.00498097 0)
(39.5159 -0.0173946 0)
(39.5114 -0.0343355 0)
(39.5084 -0.0570582 0)
(39.5096 -0.0877965 0)
(39.5188 -0.130499 0)
(39.5267 0.023456 0)
(39.5191 0.0543316 0)
(39.5098 0.0952749 0)
(39.4984 0.148505 0)
(39.4842 0.217245 0)
(39.4667 0.305452 0)
(39.4458 0.41709 0)
(39.4223 0.554694 0)
(39.3988 0.716768 0)
(39.3794 0.894354 0)
(9.72738 0.0931715 0)
(4.42873 0.00758501 0)
(3.15246 0.00132449 0)
(2.5639 0.000640126 0)
(2.21984 0.000400112 0)
(1.98719 0.000286426 0)
(1.81488 0.000219368 0)
(1.68049 0.000174239 0)
(1.57217 0.000142213 0)
(1.48262 0.000118819 0)
(1.40701 0.000101247 0)
(1.34206 8.7642e-05 0)
(1.28547 7.68531e-05 0)
(1.23559 6.81074e-05 0)
(1.19118 6.09249e-05 0)
(1.1513 5.4915e-05 0)
(1.11524 4.98545e-05 0)
(1.08241 4.55137e-05 0)
(1.05236 4.17982e-05 0)
(1.02471 3.85345e-05 0)
(0.999162 3.57132e-05 0)
(0.975457 3.31763e-05 0)
(0.953384 3.09782e-05 0)
(0.932765 2.89454e-05 0)
(0.913446 2.7208e-05 0)
(0.895299 2.55482e-05 0)
(0.878211 2.41269e-05 0)
(0.862088 2.27416e-05 0)
(0.846843 2.15609e-05 0)
(0.832407 2.0387e-05 0)
(0.818715 1.93702e-05 0)
(0.805717 1.83622e-05 0)
(0.793366 1.74481e-05 0)
(0.781629 1.65691e-05 0)
(0.770483 1.56555e-05 0)
(0.759901 1.49246e-05 0)
(0.749869 1.36633e-05 0)
(0.740931 1.03374e-05 0)
(0.735233 1.54089e-05 0)
(0.707632 5.5014e-05 0)
(21.3051 0.245058 0)
(13.2164 0.0618461 0)
(9.75994 0.0196097 0)
(7.98523 0.00989208 0)
(6.91975 0.00614455 0)
(6.19526 0.0043241 0)
(5.65885 0.00327638 0)
(5.24051 0.00259284 0)
(4.90311 0.00211412 0)
(4.62398 0.00176503 0)
(4.3882 0.00150252 0)
(4.1856 0.00129947 0)
(4.00906 0.00113856 0)
(3.85342 0.0010084 0)
(3.71486 0.000901416 0)
(3.59045 0.00081216 0)
(3.47793 0.000736859 0)
(3.37551 0.000672542 0)
(3.28176 0.000617203 0)
(3.19551 0.000569014 0)
(3.1158 0.000526923 0)
(3.04186 0.000489666 0)
(2.973 0.000456759 0)
(2.90868 0.000427179 0)
(2.84842 0.000400889 0)
(2.79181 0.000376895 0)
(2.73851 0.000355395 0)
(2.68821 0.000335534 0)
(2.64065 0.000317623 0)
(2.59561 0.000300867 0)
(2.55289 0.000285593 0)
(2.51233 0.000271153 0)
(2.47377 0.000257718 0)
(2.43713 0.000244845 0)
(2.40231 0.000232352 0)
(2.36923 0.000220616 0)
(2.33788 0.000203571 0)
(2.30968 0.000163218 0)
(2.28924 0.000300166 0)
(2.21432 0.000395759 0)
(28.5267 0.369272 0)
(21.1231 0.13324 0)
(16.6064 0.0567022 0)
(13.8526 0.031011 0)
(12.0811 0.0196572 0)
(10.8451 0.0138777 0)
(9.92086 0.010515 0)
(9.19626 0.0083246 0)
(8.60962 0.00679253 0)
(8.12293 0.00567424 0)
(7.71102 0.00483189 0)
(7.3566 0.00417965 0)
(7.04746 0.00366245 0)
(6.77471 0.003244 0)
(6.53175 0.00289992 0)
(6.31351 0.00261285 0)
(6.11606 0.00237055 0)
(5.93627 0.00216367 0)
(5.77165 0.00198552 0)
(5.62018 0.00183055 0)
(5.48018 0.001695 0)
(5.35028 0.00157525 0)
(5.2293 0.00146923 0)
(5.11628 0.00137426 0)
(5.01038 0.00128945 0)
(4.91089 0.00121249 0)
(4.8172 0.00114314 0)
(4.72878 0.00107951 0)
(4.64517 0.00102173 0)
(4.56597 0.000968116 0)
(4.49084 0.000918924 0)
(4.41949 0.000872742 0)
(4.35166 0.000829645 0)
(4.28717 0.000788457 0)
(4.22585 0.000748827 0)
(4.16757 0.000710727 0)
(4.11234 0.000658038 0)
(4.06228 0.000547916 0)
(4.02239 0.00093685 0)
(3.90694 0.0010556 0)
(33.007 0.461829 0)
(27.409 0.206535 0)
(23.0044 0.10676 0)
(19.8052 0.0642825 0)
(17.5234 0.04249 0)
(15.8433 0.0304893 0)
(14.5521 0.0232587 0)
(13.5241 0.0184863 0)
(12.6833 0.0151264 0)
(11.9808 0.0126614 0)
(11.3832 0.0107969 0)
(10.8671 0.00934868 0)
(10.4157 0.00819784 0)
(10.0166 0.00726533 0)
(9.66049 0.00649756 0)
(9.34016 0.00585644 0)
(9.05003 0.00531481 0)
(8.78561 0.00485212 0)
(8.54332 0.00445339 0)
(8.32023 0.00410651 0)
(8.11392 0.00380286 0)
(7.92239 0.00353471 0)
(7.74395 0.00329702 0)
(7.57719 0.00308438 0)
(7.42087 0.00289407 0)
(7.27398 0.00272176 0)
(7.1356 0.00256612 0)
(7.00498 0.00242374 0)
(6.88142 0.00229405 0)
(6.76436 0.00217413 0)
(6.65328 0.00206381 0)
(6.54775 0.00196059 0)
(6.44739 0.00186415 0)
(6.35192 0.00177221 0)
(6.2611 0.00168404 0)
(6.17474 0.00159833 0)
(6.09288 0.00148393 0)
(6.01809 0.00127461 0)
(5.95373 0.00202098 0)
(5.80517 0.00206491 0)
(35.7522 0.526093 0)
(31.9849 0.270129 0)
(28.3782 0.159512 0)
(25.3273 0.105133 0)
(22.8919 0.0734165 0)
(20.9585 0.0542749 0)
(19.4008 0.0420725 0)
(18.1227 0.0337631 0)
(17.0562 0.0278057 0)
(16.1522 0.0233806 0)
(15.3752 0.0200025 0)
(14.6991 0.0173611 0)
(14.1041 0.0152517 0)
(13.5757 0.0135361 0)
(13.1025 0.0121194 0)
(12.6755 0.0109336 0)
(12.2878 0.0099299 0)
(11.9338 0.00907119 0)
(11.6089 0.00833009 0)
(11.3092 0.00768479 0)
(11.0317 0.00711922 0)
(10.7739 0.00661958 0)
(10.5334 0.00617618 0)
(10.3085 0.00577957 0)
(10.0975 0.00542407 0)
(9.89903 0.00510248 0)
(9.71199 0.00481153 0)
(9.53533 0.00454571 0)
(9.36813 0.00430316 0)
(9.20964 0.00407929 0)
(9.05917 0.00387302 0)
(8.91615 0.00368042 0)
(8.78006 0.00350035 0)
(8.65051 0.00332908 0)
(8.52719 0.00316512 0)
(8.40982 0.00300454 0)
(8.29854 0.00279744 0)
(8.19602 0.00247075 0)
(8.10253 0.00361973 0)
(7.92744 0.00343204 0)
(37.3962 0.567594 0)
(35.0983 0.319603 0)
(32.4876 0.207016 0)
(29.9779 0.147089 0)
(27.7538 0.108651 0)
(25.8362 0.0834459 0)
(24.1936 0.0663126 0)
(22.7849 0.0541054 0)
(21.5709 0.0450769 0)
(20.5173 0.03822 0)
(19.5953 0.0328987 0)
(18.7819 0.0286863 0)
(18.0586 0.0252907 0)
(17.4107 0.0225093 0)
(16.8265 0.0201992 0)
(16.2964 0.0182568 0)
(15.8129 0.0166062 0)
(15.3696 0.0151898 0)
(14.9614 0.013964 0)
(14.5839 0.0128944 0)
(14.2334 0.011955 0)
(13.9071 0.011124 0)
(13.6021 0.0103853 0)
(13.3165 0.00972395 0)
(13.0481 0.00913019 0)
(12.7953 0.00859296 0)
(12.5568 0.00810619 0)
(12.3313 0.00766159 0)
(12.1176 0.0072553 0)
(11.9149 0.00688059 0)
(11.7222 0.00653491 0)
(11.5389 0.00621251 0)
(11.3644 0.00591097 0)
(11.1981 0.00562467 0)
(11.0396 0.00535083 0)
(10.8886 0.00508125 0)
(10.7453 0.00474554 0)
(10.6123 0.00429344 0)
(10.486 0.0058184 0)
(10.2891 0.00517714 0)
(38.3482 0.591818 0)
(37.0929 0.354876 0)
(35.3842 0.245132 0)
(33.549 0.184647 0)
(31.7677 0.14333 0)
(30.1058 0.114486 0)
(28.5853 0.0937221 0)
(27.2101 0.0781899 0)
(25.974 0.0662445 0)
(24.8648 0.0568881 0)
(23.8684 0.0494488 0)
(22.9706 0.0434464 0)
(22.1587 0.0385346 0)
(21.4214 0.0344627 0)
(20.749 0.031048 0)
(20.1333 0.028154 0)
(19.5671 0.0256785 0)
(19.0446 0.0235424 0)
(18.5607 0.0216851 0)
(18.111 0.0200582 0)
(17.6917 0.0186242 0)
(17.2998 0.0173521 0)
(16.9324 0.0162181 0)
(16.5872 0.0152009 0)
(16.262 0.0142855 0)
(15.9551 0.0134562 0)
(15.6649 0.0127033 0)
(15.3899 0.0120151 0)
(15.1289 0.0113851 0)
(14.8809 0.0108039 0)
(14.6448 0.0102671 0)
(14.4199 0.00976655 0)
(14.2054 0.0092981 0)
(14.0008 0.00885387 0)
(13.8055 0.00842903 0)
(13.6192 0.00800929 0)
(13.4422 0.00750482 0)
(13.2763 0.00692378 0)
(13.1155 0.00872909 0)
(12.8992 0.00733801 0)
(38.8754 0.603566 0)
(38.2954 0.377985 0)
(37.278 0.272824 0)
(36.0647 0.214639 0)
(34.7913 0.173419 0)
(33.5158 0.143464 0)
(32.272 0.120978 0)
(31.0828 0.10344 0)
(29.9619 0.0894198 0)
(28.9151 0.0780594 0)
(27.9426 0.0687601 0)
(27.0416 0.0610708 0)
(26.2073 0.0546485 0)
(25.4347 0.0492327 0)
(24.7182 0.0446255 0)
(24.0528 0.0406739 0)
(23.4336 0.037259 0)
(22.8562 0.0342867 0)
(22.3165 0.031683 0)
(21.8111 0.0293876 0)
(21.3368 0.027353 0)
(20.8906 0.0255394 0)
(20.4702 0.0239155 0)
(20.0732 0.0224537 0)
(19.6977 0.0211334 0)
(19.3419 0.0199341 0)
(19.0042 0.0188421 0)
(18.6833 0.0178419 0)
(18.3779 0.0169241 0)
(18.0868 0.0160764 0)
(17.8092 0.0152917 0)
(17.544 0.0145597 0)
(17.2906 0.0138737 0)
(17.0483 0.0132235 0)
(16.8165 0.0126012 0)
(16.595 0.0119848 0)
(16.384 0.0112693 0)
(16.1849 0.0105527 0)
(15.9897 0.0124848 0)
(15.7556 0.00996987 0)
(39.1521 0.606762 0)
(38.9738 0.391792 0)
(38.4265 0.291077 0)
(37.6951 0.236236 0)
(36.874 0.196744 0)
(35.9984 0.167462 0)
(35.0925 0.144949 0)
(34.1785 0.126869 0)
(33.2743 0.111961 0)
(32.3928 0.0995089 0)
(31.5424 0.0890217 0)
(30.728 0.0801225 0)
(29.952 0.0725149 0)
(29.2149 0.0659667 0)
(28.5164 0.0602947 0)
(27.8551 0.0553524 0)
(27.2293 0.0510219 0)
(26.6372 0.0472069 0)
(26.0767 0.0438292 0)
(25.5457 0.0408236 0)
(25.0423 0.0381374 0)
(24.5645 0.0357255 0)
(24.1106 0.0335516 0)
(23.679 0.0315836 0)
(23.268 0.0297965 0)
(22.8763 0.0281659 0)
(22.5026 0.0266747 0)
(22.1457 0.0253041 0)
(21.8045 0.0240418 0)
(21.478 0.0228727 0)
(21.1653 0.0217873 0)
(20.8656 0.0207728 0)
(20.5783 0.0198202 0)
(20.3027 0.0189163 0)
(20.0383 0.0180499 0)
(19.7849 0.0171898 0)
(19.5427 0.0162228 0)
(19.3125 0.0153555 0)
(19.0863 0.0172194 0)
(18.8365 0.0131373 0)
(39.2883 0.604358 0)
(39.3289 0.399179 0)
(39.0697 0.301914 0)
(38.6656 0.250295 0)
(38.1853 0.21301 0)
(37.6447 0.185226 0)
(37.0545 0.163704 0)
(36.4278 0.146167 0)
(35.778 0.131421 0)
(35.1168 0.118831 0)
(34.4534 0.107984 0)
(33.7952 0.0985702 0)
(33.1474 0.0903462 0)
(32.5143 0.0831205 0)
(31.8984 0.0767408 0)
(31.3016 0.0710831 0)
(30.7249 0.0660454 0)
(30.1689 0.0615419 0)
(29.6336 0.0575014 0)
(29.1187 0.0538625 0)
(28.6239 0.0505748 0)
(28.1484 0.0475937 0)
(27.6916 0.0448827 0)
(27.2527 0.0424086 0)
(26.831 0.0401451 0)
(26.4256 0.0380664 0)
(26.0359 0.0361533 0)
(25.661 0.0343856 0)
(25.3002 0.0327489 0)
(24.953 0.0312265 0)
(24.6186 0.029807 0)
(24.2964 0.0284754 0)
(23.986 0.0272207 0)
(23.6869 0.0260271 0)
(23.3988 0.0248797 0)
(23.1214 0.0237376 0)
(22.8552 0.0224879 0)
(22.6003 0.0214464 0)
(22.3503 0.0230258 0)
(22.0895 0.0168938 0)
(39.3509 0.598375 0)
(39.4995 0.402558 0)
(39.4 0.307592 0)
(39.1935 0.258547 0)
(38.9372 0.223238 0)
(38.6363 0.197017 0)
(38.2915 0.176802 0)
(37.9075 0.160312 0)
(37.4913 0.146343 0)
(37.0496 0.134282 0)
(36.5891 0.123748 0)
(36.1152 0.114465 0)
(35.6331 0.106222 0)
(35.1471 0.0988569 0)
(34.6607 0.0922449 0)
(34.1769 0.0862846 0)
(33.698 0.0808933 0)
(33.226 0.0760009 0)
(32.7622 0.0715488 0)
(32.3078 0.0674856 0)
(31.8636 0.0637685 0)
(31.4299 0.0603587 0)
(31.0073 0.0572242 0)
(30.5959 0.0543349 0)
(30.1957 0.0516668 0)
(29.8066 0.0491953 0)
(29.4286 0.0469024 0)
(29.0616 0.0447681 0)
(28.7052 0.0427782 0)
(28.3592 0.0409156 0)
(28.0235 0.0391682 0)
(27.6977 0.0375204 0)
(27.3817 0.0359597 0)
(27.0753 0.0344684 0)
(26.7783 0.0330277 0)
(26.4908 0.0315885 0)
(26.2132 0.0300455 0)
(25.9455 0.0288066 0)
(25.6836 0.029889 0)
(25.4203 0.0212475 0)
(39.3776 0.59006 0)
(39.5731 0.403676 0)
(39.5541 0.310076 0)
(39.454 0.262883 0)
(39.3274 0.229052 0)
(39.1757 0.204046 0)
(38.9948 0.184974 0)
(38.7844 0.169539 0)
(38.5468 0.156502 0)
(38.2844 0.145236 0)
(38.0004 0.13536 0)
(37.6977 0.126601 0)
(37.3792 0.118757 0)
(37.0477 0.111678 0)
(36.7061 0.105251 0)
(36.3567 0.0993876 0)
(36.0018 0.0940181 0)
(35.6434 0.0890841 0)
(35.2832 0.0845374 0)
(34.9227 0.0803364 0)
(34.5633 0.0764466 0)
(34.2059 0.0728367 0)
(33.8516 0.0694807 0)
(33.5011 0.066354 0)
(33.1549 0.0634366 0)
(32.8138 0.0607079 0)
(32.4779 0.0581525 0)
(32.1478 0.0557531 0)
(31.8235 0.053497 0)
(31.5054 0.0513685 0)
(31.1936 0.0493565 0)
(30.8881 0.0474456 0)
(30.5892 0.0456232 0)
(30.2968 0.0438706 0)
(30.0112 0.0421657 0)
(29.7327 0.0404526 0)
(29.4617 0.0386398 0)
(29.1983 0.0371955 0)
(28.9411 0.0376035 0)
(28.6879 0.0261164 0)
(39.3882 0.580105 0)
(39.6001 0.403625 0)
(39.6183 0.310797 0)
(39.5696 0.26489 0)
(39.5093 0.232069 0)
(39.4388 0.207837 0)
(39.3528 0.189541 0)
(39.2493 0.174898 0)
(39.1281 0.162636 0)
(38.9896 0.152106 0)
(38.8343 0.142913 0)
(38.6632 0.134776 0)
(38.4772 0.127488 0)
(38.2775 0.120896 0)
(38.0655 0.114887 0)
(37.8423 0.109376 0)
(37.6095 0.104295 0)
(37.3683 0.0995896 0)
(37.1199 0.0952174 0)
(36.8656 0.0911415 0)
(36.6065 0.0873324 0)
(36.3435 0.0837636 0)
(36.0778 0.0804139 0)
(35.81 0.0772628 0)
(35.541 0.0742947 0)
(35.2715 0.0714923 0)
(35.0022 0.0688436 0)
(34.7335 0.0663339 0)
(34.4659 0.0639531 0)
(34.2 0.0616877 0)
(33.9361 0.059528 0)
(33.6746 0.0574599 0)
(33.4159 0.0554713 0)
(33.1602 0.0535432 0)
(32.9079 0.0516509 0)
(32.6595 0.0497337 0)
(32.4156 0.0477161 0)
(32.1763 0.046087 0)
(31.943 0.0457116 0)
(31.7146 0.0312875 0)
(39.3924 0.568846 0)
(39.6067 0.40299 0)
(39.6412 0.310649 0)
(39.6149 0.265665 0)
(39.5847 0.233551 0)
(39.5528 0.20974 0)
(39.5146 0.191867 0)
(39.4679 0.177695 0)
(39.4119 0.165934 0)
(39.3465 0.155918 0)
(39.2711 0.147242 0)
(39.1855 0.139617 0)
(39.0898 0.132826 0)
(38.9839 0.12671 0)
(38.8682 0.12115 0)
(38.7431 0.116057 0)
(38.6089 0.11136 0)
(38.4662 0.107005 0)
(38.3155 0.102947 0)
(38.1575 0.0991499 0)
(37.9928 0.0955853 0)
(37.822 0.092228 0)
(37.6457 0.0890579 0)
(37.4645 0.0860568 0)
(37.279 0.0832104 0)
(37.0898 0.0805037 0)
(36.8974 0.0779263 0)
(36.7023 0.0754658 0)
(36.505 0.0731133 0)
(36.3059 0.0708571 0)
(36.1055 0.0686888 0)
(35.9042 0.0665953 0)
(35.7025 0.064565 0)
(35.5006 0.0625786 0)
(35.2991 0.060609 0)
(35.0984 0.0585927 0)
(34.8992 0.0564685 0)
(34.7019 0.0547052 0)
(34.5096 0.0535278 0)
(34.3191 0.0364189 0)
(39.3943 0.55643 0)
(39.6051 0.402016 0)
(39.6471 0.310114 0)
(39.6301 0.265843 0)
(39.6119 0.234299 0)
(39.5963 0.210702 0)
(39.579 0.193007 0)
(39.5583 0.179056 0)
(39.5338 0.16755 0)
(39.5051 0.157816 0)
(39.4719 0.149445 0)
(39.4336 0.142142 0)
(39.3899 0.135686 0)
(39.3405 0.129913 0)
(39.2851 0.124698 0)
(39.2237 0.119948 0)
(39.1561 0.115589 0)
(39.0824 0.111562 0)
(39.0027 0.107821 0)
(38.917 0.104326 0)
(38.8256 0.101048 0)
(38.7287 0.0979596 0)
(38.6264 0.0950406 0)
(38.5191 0.0922719 0)
(38.407 0.0896391 0)
(38.2903 0.0871273 0)
(38.1695 0.0847261 0)
(38.0448 0.0824234 0)
(37.9164 0.0802107 0)
(37.7848 0.0780768 0)
(37.6502 0.0760132 0)
(37.513 0.0740076 0)
(37.3733 0.0720477 0)
(37.2317 0.0701137 0)
(37.0884 0.068176 0)
(36.9439 0.0661689 0)
(36.7987 0.0640415 0)
(36.6533 0.0622074 0)
(36.5117 0.0602976 0)
(36.3667 0.0411207 0)
(39.3956 0.542915 0)
(39.6004 0.400755 0)
(39.6465 0.309422 0)
(39.6336 0.265739 0)
(39.6199 0.234738 0)
(39.6104 0.21127 0)
(39.6012 0.193621 0)
(39.5908 0.179741 0)
(39.5793 0.168332 0)
(39.5666 0.158714 0)
(39.5523 0.150479 0)
(39.5362 0.143331 0)
(39.5179 0.137049 0)
(39.497 0.131466 0)
(39.4735 0.126455 0)
(39.4469 0.12192 0)
(39.4171 0.117784 0)
(39.3839 0.113986 0)
(39.3473 0.110477 0)
(39.307 0.107216 0)
(39.263 0.104171 0)
(39.2154 0.101314 0)
(39.164 0.0986214 0)
(39.1089 0.0960741 0)
(39.0502 0.0936561 0)
(38.9878 0.0913515 0)
(38.922 0.0891489 0)
(38.8527 0.0870356 0)
(38.7801 0.0850023 0)
(38.7043 0.0830374 0)
(38.6254 0.0811317 0)
(38.5437 0.0792722 0)
(38.4593 0.0774458 0)
(38.3723 0.0756314 0)
(38.283 0.0737968 0)
(38.1917 0.0718748 0)
(38.0987 0.0698187 0)
(38.0046 0.067964 0)
(37.9134 0.0654482 0)
(37.8131 0.0450928 0)
(39.397 0.528338 0)
(39.5945 0.39916 0)
(39.6436 0.30867 0)
(39.6331 0.265484 0)
(39.6211 0.235055 0)
(39.6138 0.211705 0)
(39.6074 0.194045 0)
(39.6007 0.180166 0)
(39.5938 0.168772 0)
(39.587 0.159179 0)
(39.58 0.15098 0)
(39.5727 0.143883 0)
(39.5648 0.137665 0)
(39.5563 0.13216 0)
(39.5468 0.127239 0)
(39.5362 0.122806 0)
(39.5243 0.118782 0)
(39.5111 0.115106 0)
(39.4962 0.111728 0)
(39.4797 0.108605 0)
(39.4614 0.105705 0)
(39.4411 0.102996 0)
(39.4189 0.100457 0)
(39.3946 0.0980657 0)
(39.3681 0.0958052 0)
(39.3395 0.0936588 0)
(39.3087 0.0916142 0)
(39.2756 0.0896577 0)
(39.2403 0.0877792 0)
(39.2028 0.0859661 0)
(39.1631 0.0842084 0)
(39.1212 0.0824921 0)
(39.0772 0.080803 0)
(39.0312 0.0791185 0)
(38.9832 0.0774038 0)
(38.9335 0.0755908 0)
(38.8821 0.0736321 0)
(38.8297 0.071774 0)
(38.7796 0.0687907 0)
(38.7161 0.0482361 0)
(39.3986 0.512741 0)
(39.588 0.397133 0)
(39.6397 0.307892 0)
(39.6312 0.265124 0)
(39.6202 0.235315 0)
(39.6137 0.21211 0)
(39.6083 0.194424 0)
(39.6028 0.180517 0)
(39.5975 0.169103 0)
(39.5925 0.159495 0)
(39.5879 0.151287 0)
(39.5836 0.144188 0)
(39.5795 0.137977 0)
(39.5753 0.132487 0)
(39.5711 0.12759 0)
(39.5667 0.123189 0)
(39.5619 0.119205 0)
(39.5568 0.115577 0)
(39.5512 0.112253 0)
(39.545 0.109192 0)
(39.5382 0.106359 0)
(39.5306 0.103724 0)
(39.5221 0.101264 0)
(39.5128 0.0989566 0)
(39.5025 0.0967842 0)
(39.4913 0.0947298 0)
(39.4789 0.0927803 0)
(39.4655 0.0909217 0)
(39.4509 0.0891431 0)
(39.4351 0.0874314 0)
(39.4181 0.0857757 0)
(39.3999 0.0841617 0)
(39.3805 0.0825737 0)
(39.3598 0.0809881 0)
(39.338 0.0793683 0)
(39.315 0.0776458 0)
(39.291 0.0757689 0)
(39.2665 0.0738936 0)
(39.2442 0.0705599 0)
(39.2063 0.0506785 0)
(39.4006 0.496192 0)
(39.5813 0.394553 0)
(39.6352 0.307093 0)
(39.6287 0.264675 0)
(39.6185 0.235532 0)
(39.6125 0.212519 0)
(39.6076 0.19481 0)
(39.6026 0.180864 0)
(39.5978 0.169419 0)
(39.5934 0.159781 0)
(39.5896 0.151545 0)
(39.5862 0.144422 0)
(39.5831 0.138193 0)
(39.5803 0.13269 0)
(39.5778 0.127787 0)
(39.5753 0.123384 0)
(39.573 0.119405 0)
(39.5707 0.115785 0)
(39.5683 0.112475 0)
(39.5658 0.109431 0)
(39.5632 0.10662 0)
(39.5605 0.104011 0)
(39.5575 0.10158 0)
(39.5542 0.0993058 0)
(39.5506 0.09717 0)
(39.5467 0.0951556 0)
(39.5424 0.0932488 0)
(39.5377 0.0914358 0)
(39.5325 0.0897048 0)
(39.5269 0.0880429 0)
(39.5207 0.0864385 0)
(39.5141 0.0848767 0)
(39.5069 0.0833412 0)
(39.4992 0.0818076 0)
(39.491 0.0802378 0)
(39.4823 0.0785635 0)
(39.4731 0.0767268 0)
(39.464 0.0747978 0)
(39.4568 0.0711883 0)
(39.4339 0.0526023 0)
(39.403 0.478788 0)
(39.5743 0.391292 0)
(39.6302 0.306258 0)
(39.626 0.264143 0)
(39.6165 0.235698 0)
(39.6109 0.212936 0)
(39.6064 0.195216 0)
(39.6017 0.181229 0)
(39.5971 0.169749 0)
(39.593 0.160075 0)
(39.5894 0.151804 0)
(39.5863 0.144649 0)
(39.5835 0.138393 0)
(39.5811 0.132867 0)
(39.579 0.127945 0)
(39.5772 0.123528 0)
(39.5755 0.119537 0)
(39.574 0.11591 0)
(39.5726 0.112595 0)
(39.5713 0.10955 0)
(39.57 0.106739 0)
(39.5688 0.104134 0)
(39.5675 0.101709 0)
(39.5663 0.0994432 0)
(39.565 0.0973182 0)
(39.5636 0.095317 0)
(39.5622 0.0934258 0)
(39.5606 0.0916307 0)
(39.559 0.0899201 0)
(39.5572 0.0882809 0)
(39.5553 0.0867015 0)
(39.5533 0.0851668 0)
(39.5511 0.0836603 0)
(39.5488 0.0821569 0)
(39.5464 0.0806182 0)
(39.5438 0.0789762 0)
(39.5412 0.0771659 0)
(39.539 0.0751783 0)
(39.5385 0.0713763 0)
(39.523 0.0544778 0)
(39.4059 0.460655 0)
(39.5671 0.38722 0)
(39.6247 0.305357 0)
(39.6229 0.263532 0)
(39.6142 0.235803 0)
(39.6091 0.213355 0)
(39.605 0.195646 0)
(39.6005 0.181619 0)
(39.5961 0.170102 0)
(39.5922 0.160391 0)
(39.5887 0.152081 0)
(39.5857 0.14489 0)
(39.5831 0.138602 0)
(39.5809 0.133049 0)
(39.5789 0.128103 0)
(39.5772 0.123666 0)
(39.5757 0.119658 0)
(39.5744 0.116017 0)
(39.5733 0.11269 0)
(39.5722 0.109634 0)
(39.5713 0.106815 0)
(39.5705 0.104202 0)
(39.5697 0.10177 0)
(39.569 0.099497 0)
(39.5684 0.0973641 0)
(39.5677 0.0953541 0)
(39.5671 0.0934525 0)
(39.5666 0.091645 0)
(39.566 0.0899193 0)
(39.5655 0.0882621 0)
(39.5649 0.0866608 0)
(39.5644 0.0851002 0)
(39.5639 0.0835629 0)
(39.5634 0.0820233 0)
(39.563 0.0804423 0)
(39.5626 0.0787524 0)
(39.5623 0.0768806 0)
(39.5626 0.0747465 0)
(39.5642 0.0707224 0)
(39.5521 0.0555708 0)
(39.4093 0.441955 0)
(39.56 0.382221 0)
(39.6187 0.304342 0)
(39.6194 0.262848 0)
(39.6116 0.235832 0)
(39.607 0.213766 0)
(39.6033 0.196096 0)
(39.5991 0.182034 0)
(39.595 0.17048 0)
(39.5912 0.16073 0)
(39.5878 0.152379 0)
(39.5849 0.14515 0)
(39.5824 0.138828 0)
(39.5802 0.133245 0)
(39.5783 0.128273 0)
(39.5767 0.123815 0)
(39.5753 0.11979 0)
(39.5741 0.116134 0)
(39.573 0.112797 0)
(39.5721 0.109736 0)
(39.5712 0.106915 0)
(39.5705 0.104304 0)
(39.5699 0.101881 0)
(39.5693 0.0996218 0)
(39.5688 0.0975102 0)
(39.5684 0.0955293 0)
(39.568 0.0936653 0)
(39.5676 0.0919046 0)
(39.5674 0.0902353 0)
(39.5671 0.0886447 0)
(39.5669 0.0871203 0)
(39.5668 0.0856471 0)
(39.5668 0.0842072 0)
(39.5668 0.082775 0)
(39.5669 0.0813105 0)
(39.5672 0.0797467 0)
(39.5675 0.078002 0)
(39.5684 0.0759339 0)
(39.5703 0.0719736 0)
(39.5598 0.0588386 0)
(39.4133 0.422878 0)
(39.5529 0.376201 0)
(39.6122 0.303145 0)
(39.6155 0.262093 0)
(39.6088 0.235772 0)
(39.6047 0.214156 0)
(39.6014 0.196563 0)
(39.5975 0.182472 0)
(39.5936 0.170882 0)
(39.59 0.161093 0)
(39.5868 0.1527 0)
(39.584 0.145429 0)
(39.5816 0.139068 0)
(39.5795 0.13345 0)
(39.5776 0.128447 0)
(39.5761 0.123958 0)
(39.5747 0.119904 0)
(39.5735 0.116217 0)
(39.5725 0.112845 0)
(39.5716 0.109743 0)
(39.5708 0.106873 0)
(39.5701 0.104203 0)
(39.5695 0.101706 0)
(39.569 0.0993573 0)
(39.5685 0.0971377 0)
(39.5681 0.0950283 0)
(39.5678 0.0930136 0)
(39.5675 0.091079 0)
(39.5673 0.0892115 0)
(39.5672 0.0873979 0)
(39.5671 0.0856255 0)
(39.567 0.0838795 0)
(39.5671 0.0821422 0)
(39.5672 0.0803886 0)
(39.5675 0.0785794 0)
(39.5678 0.0766489 0)
(39.5684 0.074508 0)
(39.5693 0.0719633 0)
(39.5708 0.0675437 0)
(39.5614 0.0557219 0)
(39.4178 0.403638 0)
(39.5459 0.369101 0)
(39.6053 0.30168 0)
(39.6112 0.261268 0)
(39.6057 0.235612 0)
(39.6021 0.214508 0)
(39.5992 0.197038 0)
(39.5957 0.18293 0)
(39.592 0.171309 0)
(39.5886 0.161483 0)
(39.5855 0.153051 0)
(39.5829 0.145742 0)
(39.5806 0.13935 0)
(39.5785 0.13371 0)
(39.5768 0.128696 0)
(39.5753 0.124211 0)
(39.5739 0.120177 0)
(39.5728 0.116533 0)
(39.5718 0.11323 0)
(39.5709 0.110229 0)
(39.5702 0.107495 0)
(39.5695 0.105003 0)
(39.5689 0.102728 0)
(39.5684 0.100649 0)
(39.568 0.0987501 0)
(39.5676 0.0970128 0)
(39.5673 0.0954221 0)
(39.567 0.0939627 0)
(39.5668 0.09262 0)
(39.5667 0.0913787 0)
(39.5666 0.0902232 0)
(39.5666 0.0891352 0)
(39.5666 0.0880936 0)
(39.5668 0.0870696 0)
(39.567 0.0860205 0)
(39.5674 0.0848786 0)
(39.5679 0.0835451 0)
(39.5688 0.0817889 0)
(39.5698 0.0782877 0)
(39.5615 0.0690936 0)
(39.423 0.384467 0)
(39.5393 0.36091 0)
(39.5979 0.299848 0)
(39.6065 0.260363 0)
(39.6022 0.235341 0)
(39.5991 0.2148 0)
(39.5967 0.197506 0)
(39.5936 0.183396 0)
(39.5902 0.171739 0)
(39.587 0.161867 0)
(39.5841 0.153375 0)
(39.5816 0.145996 0)
(39.5794 0.139521 0)
(39.5774 0.133781 0)
(39.5758 0.128641 0)
(39.5743 0.123991 0)
(39.5731 0.119744 0)
(39.572 0.115825 0)
(39.571 0.112175 0)
(39.5702 0.108742 0)
(39.5695 0.105485 0)
(39.5689 0.10237 0)
(39.5683 0.0993721 0)
(39.5678 0.0964681 0)
(39.5674 0.0936418 0)
(39.5671 0.0908799 0)
(39.5668 0.0881719 0)
(39.5666 0.0855093 0)
(39.5664 0.0828848 0)
(39.5663 0.0802912 0)
(39.5662 0.0777208 0)
(39.5662 0.0751636 0)
(39.5663 0.0726059 0)
(39.5665 0.0700258 0)
(39.5668 0.0673865 0)
(39.5671 0.0646249 0)
(39.5676 0.0616373 0)
(39.5683 0.058164 0)
(39.569 0.0530248 0)
(39.561 0.0435268 0)
(39.4286 0.365604 0)
(39.5331 0.351672 0)
(39.5902 0.297545 0)
(39.6012 0.259364 0)
(39.5983 0.234962 0)
(39.5958 0.215031 0)
(39.5938 0.197989 0)
(39.5912 0.183926 0)
(39.5881 0.17228 0)
(39.5851 0.162429 0)
(39.5824 0.153981 0)
(39.58 0.14669 0)
(39.5779 0.140371 0)
(39.5761 0.13488 0)
(39.5745 0.130108 0)
(39.5731 0.125972 0)
(39.5719 0.122404 0)
(39.5708 0.119349 0)
(39.5699 0.116758 0)
(39.5691 0.114589 0)
(39.5684 0.112798 0)
(39.5678 0.111347 0)
(39.5672 0.1102 0)
(39.5667 0.10932 0)
(39.5663 0.108674 0)
(39.5659 0.108231 0)
(39.5656 0.10796 0)
(39.5654 0.107834 0)
(39.5652 0.107827 0)
(39.565 0.107913 0)
(39.565 0.108069 0)
(39.565 0.108271 0)
(39.565 0.108492 0)
(39.5652 0.1087 0)
(39.5654 0.108852 0)
(39.5657 0.108883 0)
(39.5661 0.108687 0)
(39.5667 0.108013 0)
(39.5669 0.105923 0)
(39.5611 0.10077 0)
(39.4347 0.347284 0)
(39.5274 0.341487 0)
(39.5822 0.294654 0)
(39.5954 0.258201 0)
(39.594 0.234396 0)
(39.5921 0.215051 0)
(39.5906 0.198244 0)
(39.5884 0.184132 0)
(39.5856 0.172305 0)
(39.5829 0.162161 0)
(39.5805 0.153273 0)
(39.5783 0.14535 0)
(39.5764 0.138159 0)
(39.5747 0.131508 0)
(39.5732 0.125247 0)
(39.572 0.119263 0)
(39.5709 0.113474 0)
(39.57 0.107824 0)
(39.5692 0.102279 0)
(39.5685 0.0968179 0)
(39.5679 0.0914327 0)
(39.5674 0.0861221 0)
(39.5669 0.0808893 0)
(39.5666 0.0757398 0)
(39.5663 0.0706798 0)
(39.566 0.0657148 0)
(39.5658 0.0608495 0)
(39.5656 0.0560866 0)
(39.5655 0.0514269 0)
(39.5654 0.0468682 0)
(39.5653 0.0424056 0)
(39.5654 0.0380296 0)
(39.5655 0.0337252 0)
(39.5656 0.0294677 0)
(39.5659 0.0252168 0)
(39.5662 0.0209047 0)
(39.5666 0.0164123 0)
(39.567 0.0114601 0)
(39.5669 0.00522831 0)
(39.5593 -0.00300741 0)
(39.4412 0.32976 0)
(39.5223 0.330587 0)
(39.574 0.291228 0)
(39.589 0.257076 0)
(39.5892 0.234077 0)
(39.5879 0.215581 0)
(39.5869 0.19947 0)
(39.5851 0.185972 0)
(39.5827 0.174933 0)
(39.5802 0.16593 0)
(39.5779 0.158657 0)
(39.5759 0.152925 0)
(39.574 0.148578 0)
(39.5723 0.145466 0)
(39.5708 0.14344 0)
(39.5695 0.142354 0)
(39.5683 0.14207 0)
(39.5673 0.142458 0)
(39.5664 0.143397 0)
(39.5656 0.144781 0)
(39.5649 0.146514 0)
(39.5643 0.148516 0)
(39.5637 0.150718 0)
(39.5633 0.15306 0)
(39.5629 0.155493 0)
(39.5625 0.157978 0)
(39.5622 0.16048 0)
(39.562 0.16297 0)
(39.5618 0.165427 0)
(39.5617 0.167829 0)
(39.5617 0.170159 0)
(39.5617 0.172399 0)
(39.5617 0.174533 0)
(39.5619 0.176539 0)
(39.5621 0.178386 0)
(39.5624 0.180024 0)
(39.5627 0.181367 0)
(39.5629 0.182212 0)
(39.5626 0.182015 0)
(39.5607 0.180155 0)
(39.4479 0.313003 0)
(39.5179 0.31874 0)
(39.5658 0.286385 0)
(39.5822 0.254495 0)
(39.5839 0.231629 0)
(39.5834 0.2128 0)
(39.5828 0.195624 0)
(39.5816 0.180058 0)
(39.5798 0.165885 0)
(39.5779 0.152593 0)
(39.5761 0.139791 0)
(39.5745 0.127277 0)
(39.5731 0.11496 0)
(39.5719 0.102813 0)
(39.5709 0.0908477 0)
(39.5701 0.0790981 0)
(39.5693 0.0676058 0)
(39.5687 0.0564108 0)
(39.5681 0.0455465 0)
(39.5676 0.0350389 0)
(39.5672 0.0249054 0)
(39.5668 0.0151561 0)
(39.5664 0.0057944 0)
(39.5661 -0.00318176 0)
(39.5659 -0.011779 0)
(39.5656 -0.0200078 0)
(39.5654 -0.0278813 0)
(39.5653 -0.0354156 0)
(39.5651 -0.0426286 0)
(39.5651 -0.049541 0)
(39.565 -0.0561757 0)
(39.565 -0.0625592 0)
(39.5651 -0.0687228 0)
(39.5652 -0.074706 0)
(39.5654 -0.0805616 0)
(39.5656 -0.0863672 0)
(39.5658 -0.0922472 0)
(39.5659 -0.0984403 0)
(39.5653 -0.10536 0)
(39.5558 -0.112329 0)
(39.4547 0.298776 0)
(39.514 0.308981 0)
(39.5574 0.284685 0)
(39.5745 0.257666 0)
(39.5776 0.238427 0)
(39.5775 0.224284 0)
(39.5772 0.213355 0)
(39.576 0.20581 0)
(39.5741 0.201686 0)
(39.5719 0.200516 0)
(39.5697 0.201725 0)
(39.5677 0.204798 0)
(39.5658 0.209289 0)
(39.5642 0.214808 0)
(39.5627 0.221031 0)
(39.5615 0.227698 0)
(39.5604 0.234606 0)
(39.5594 0.2416 0)
(39.5586 0.248565 0)
(39.5579 0.255414 0)
(39.5574 0.262088 0)
(39.5569 0.268542 0)
(39.5565 0.27475 0)
(39.5562 0.280693 0)
(39.5559 0.286361 0)
(39.5557 0.29175 0)
(39.5556 0.296861 0)
(39.5555 0.301694 0)
(39.5555 0.306255 0)
(39.5555 0.310549 0)
(39.5555 0.314579 0)
(39.5556 0.31835 0)
(39.5558 0.321862 0)
(39.556 0.325111 0)
(39.5563 0.328087 0)
(39.5566 0.330763 0)
(39.5568 0.333081 0)
(39.5568 0.334906 0)
(39.5564 0.335924 0)
(39.561 0.335376 0)
(39.462 0.278524 0)
(39.5115 0.287806 0)
(39.5502 0.264875 0)
(39.5679 0.234112 0)
(39.5728 0.205886 0)
(39.5744 0.178791 0)
(39.5756 0.151058 0)
(39.5761 0.122985 0)
(39.576 0.0952418 0)
(39.5755 0.0681807 0)
(39.5749 0.0420094 0)
(39.5742 0.0169086 0)
(39.5736 -0.00698391 0)
(39.5729 -0.0295916 0)
(39.5723 -0.0508897 0)
(39.5716 -0.0708907 0)
(39.571 -0.0896316 0)
(39.5705 -0.107166 0)
(39.5699 -0.123558 0)
(39.5694 -0.138876 0)
(39.5689 -0.15319 0)
(39.5684 -0.16657 0)
(39.568 -0.179083 0)
(39.5676 -0.190793 0)
(39.5672 -0.201762 0)
(39.5668 -0.212046 0)
(39.5665 -0.221701 0)
(39.5661 -0.230776 0)
(39.5659 -0.239321 0)
(39.5656 -0.247383 0)
(39.5655 -0.255007 0)
(39.5653 -0.262239 0)
(39.5652 -0.269126 0)
(39.5652 -0.275719 0)
(39.5652 -0.282078 0)
(39.5653 -0.288273 0)
(39.5652 -0.294399 0)
(39.565 -0.300574 0)
(39.5637 -0.306762 0)
(39.5489 -0.311249 0)
(39.4669 0.292212 0)
(39.5063 0.31474 0)
(39.5386 0.31364 0)
(39.5541 0.308543 0)
(39.558 0.30999 0)
(39.5579 0.317575 0)
(39.5571 0.328751 0)
(39.5557 0.342279 0)
(39.5539 0.357454 0)
(39.5519 0.373525 0)
(39.5501 0.389813 0)
(39.5486 0.405849 0)
(39.5473 0.42134 0)
(39.5463 0.436109 0)
(39.5455 0.450057 0)
(39.5449 0.463141 0)
(39.5445 0.475355 0)
(39.5441 0.486719 0)
(39.5439 0.497267 0)
(39.5438 0.50704 0)
(39.5438 0.516084 0)
(39.5439 0.524447 0)
(39.544 0.532174 0)
(39.5441 0.539308 0)
(39.5443 0.545892 0)
(39.5445 0.551963 0)
(39.5447 0.557555 0)
(39.545 0.5627 0)
(39.5452 0.567426 0)
(39.5455 0.571756 0)
(39.5459 0.575711 0)
(39.5462 0.579307 0)
(39.5466 0.582556 0)
(39.547 0.585463 0)
(39.5475 0.588027 0)
(39.5479 0.590233 0)
(39.5482 0.592045 0)
(39.5482 0.593359 0)
(39.5485 0.593836 0)
(39.5633 0.591944 0)
(39.4807 0.188101 0)
(39.5144 0.176753 0)
(39.5449 0.13629 0)
(39.5637 0.0814496 0)
(39.5728 0.0241473 0)
(39.5778 -0.0316208 0)
(39.5811 -0.0850587 0)
(39.5832 -0.135383 0)
(39.5841 -0.181862 0)
(39.5841 -0.224247 0)
(39.5836 -0.262664 0)
(39.5828 -0.297385 0)
(39.5818 -0.328723 0)
(39.5807 -0.356999 0)
(39.5795 -0.38253 0)
(39.5783 -0.405613 0)
(39.5772 -0.426518 0)
(39.576 -0.445487 0)
(39.5749 -0.462734 0)
(39.5738 -0.478448 0)
(39.5728 -0.492794 0)
(39.5719 -0.505919 0)
(39.571 -0.517949 0)
(39.5701 -0.528995 0)
(39.5693 -0.539156 0)
(39.5685 -0.548518 0)
(39.5678 -0.55716 0)
(39.5672 -0.565148 0)
(39.5666 -0.572546 0)
(39.566 -0.57941 0)
(39.5655 -0.585791 0)
(39.5651 -0.591738 0)
(39.5647 -0.597297 0)
(39.5644 -0.602512 0)
(39.5641 -0.607426 0)
(39.5639 -0.612075 0)
(39.5635 -0.616476 0)
(39.5627 -0.620552 0)
(39.5601 -0.623784 0)
(39.536 -0.623891 0)
(39.461 0.44473 0)
(39.4794 0.512188 0)
(39.4961 0.565326 0)
(39.5051 0.610688 0)
(39.5081 0.653257 0)
(39.5089 0.693201 0)
(39.5097 0.729273 0)
(39.5106 0.761176 0)
(39.5114 0.789312 0)
(39.5123 0.814121 0)
(39.5132 0.835943 0)
(39.5143 0.855102 0)
(39.5154 0.871922 0)
(39.5166 0.886704 0)
(39.5177 0.899716 0)
(39.5189 0.911185 0)
(39.5201 0.921309 0)
(39.5213 0.930257 0)
(39.5224 0.938172 0)
(39.5235 0.945178 0)
(39.5246 0.951377 0)
(39.5256 0.956859 0)
(39.5266 0.961698 0)
(39.5276 0.965959 0)
(39.5285 0.969695 0)
(39.5294 0.972952 0)
(39.5303 0.975768 0)
(39.5311 0.978173 0)
(39.532 0.980192 0)
(39.5328 0.981843 0)
(39.5336 0.983139 0)
(39.5343 0.984087 0)
(39.5351 0.984686 0)
(39.5359 0.984932 0)
(39.5366 0.984813 0)
(39.5374 0.984314 0)
(39.538 0.983403 0)
(39.5387 0.981971 0)
(39.541 0.979511 0)
(39.5695 0.973756 0)
(39.5376 -0.190777 0)
(39.5625 -0.271398 0)
(39.5857 -0.366003 0)
(39.6011 -0.461724 0)
(39.6086 -0.548602 0)
(39.6112 -0.623678 0)
(39.6113 -0.687992 0)
(39.6101 -0.743101 0)
(39.6078 -0.790159 0)
(39.6049 -0.830209 0)
(39.6017 -0.864318 0)
(39.5985 -0.893476 0)
(39.5953 -0.918514 0)
(39.5922 -0.940108 0)
(39.5892 -0.958811 0)
(39.5865 -0.975081 0)
(39.5839 -0.989291 0)
(39.5814 -1.00175 0)
(39.5792 -1.0127 0)
(39.5771 -1.02236 0)
(39.5751 -1.03089 0)
(39.5733 -1.03844 0)
(39.5716 -1.04513 0)
(39.57 -1.05105 0)
(39.5685 -1.05628 0)
(39.5671 -1.06091 0)
(39.5658 -1.06498 0)
(39.5646 -1.06855 0)
(39.5634 -1.07165 0)
(39.5624 -1.07433 0)
(39.5614 -1.07662 0)
(39.5605 -1.07852 0)
(39.5596 -1.08007 0)
(39.5588 -1.08126 0)
(39.558 -1.08211 0)
(39.5572 -1.0826 0)
(39.5562 -1.08265 0)
(39.5545 -1.082 0)
(39.5497 -1.07972 0)
(39.5123 -1.07355 0)
(39.3685 1.06955 0)
(39.3678 1.22137 0)
(39.3749 1.33762 0)
(39.3855 1.42014 0)
(39.3965 1.47823 0)
(39.4069 1.52009 0)
(39.4164 1.55034 0)
(39.4252 1.57171 0)
(39.4332 1.58643 0)
(39.4403 1.59637 0)
(39.4466 1.60291 0)
(39.4523 1.60698 0)
(39.4574 1.60924 0)
(39.462 1.61016 0)
(39.4661 1.61008 0)
(39.4698 1.60925 0)
(39.4732 1.60786 0)
(39.4764 1.60603 0)
(39.4792 1.60385 0)
(39.4818 1.6014 0)
(39.4843 1.59872 0)
(39.4865 1.59585 0)
(39.4886 1.59281 0)
(39.4906 1.58961 0)
(39.4925 1.58627 0)
(39.4943 1.58278 0)
(39.4959 1.57914 0)
(39.4975 1.57534 0)
(39.4991 1.57136 0)
(39.5006 1.56719 0)
(39.502 1.56279 0)
(39.5034 1.55812 0)
(39.5049 1.55315 0)
(39.5063 1.54782 0)
(39.5077 1.54212 0)
(39.5091 1.53601 0)
(39.5106 1.52953 0)
(39.5129 1.52271 0)
(39.5192 1.51521 0)
(39.5637 1.50473 0)
)
;

boundaryField
{
    inlet
    {
        type            fixedValue;
        value           uniform (39.53 0 0);
    }
    outlet
    {
        type            zeroGradient;
    }
    plate
    {
        type            noSlip;
    }
    farfield
    {
        type            fixedValue;
        value           uniform (39.53 0 0);
    }
    upstreamSlip
    {
        type            symmetry;
    }
    frontAndBack
    {
        type            empty;
    }
}


// ************************************************************************* //
