/*--------------------------------*- C++ -*----------------------------------*\
| =========                 |                                                 |
| \\      /  F ield         | OpenFOAM: The Open Source CFD Toolbox           |
|  \\    /   O peration     | Version:  2512                                  |
|   \\  /    A nd           | Website:  www.openfoam.com                      |
|    \\/     M anipulation  |                                                 |
\*---------------------------------------------------------------------------*/
FoamFile
{
    version     2.0;
    format      ascii;
    arch        "LSB;label=32;scalar=64";
    class       volScalarField;
    location    "0.499982";
    object      k;
}
// * * * * * * * * * * * * * * * * * * * * * * * * * * * * * * * * * * * * * //

dimensions      [0 2 -2 0 0 0 0];

internalField   nonuniform List<scalar> 
8800
(
0.63900646
0.54955652
0.49838166
0.46385729
0.44307972
0.42670437
0.41729147
0.40866071
0.40428095
0.39939001
0.39745379
0.39425721
0.39459853
0.39955799
0.63900504
0.54956028
0.49837641
0.46386518
0.44306909
0.42671897
0.41727199
0.40868731
0.40424466
0.39943686
0.39742219
0.39434154
0.39443582
0.39755843
0.63900196
0.54956837
0.49836516
0.46388197
0.44304665
0.42674945
0.41723198
0.40874073
0.40417339
0.39953428
0.39727978
0.39473248
0.39329053
0.3941386
0.63899702
0.54958131
0.49834733
0.46390834
0.44301196
0.42679566
0.41717312
0.40881599
0.40407901
0.39965444
0.39712057
0.39495681
0.39321197
0.3925518
0.63899004
0.54959952
0.49832256
0.46394445
0.44296554
0.42685567
0.41710013
0.40890328
0.40398086
0.39975824
0.39702942
0.39498318
0.39336419
0.39228741
0.63898085
0.5496233
0.4982908
0.46398982
0.44290912
0.42692564
0.41702031
0.40899032
0.40389719
0.39982479
0.39700383
0.39494837
0.39342891
0.39231146
0.63896937
0.54965272
0.49825244
0.4640432
0.44284563
0.42700018
0.41694227
0.40906584
0.4038382
0.39985636
0.39700767
0.39492515
0.39343406
0.39232877
0.6389556
0.54968761
0.49820832
0.46410254
0.44277899
0.42707305
0.4168741
0.40912249
0.4038046
0.39986674
0.39701308
0.39492579
0.39341952
0.39233702
0.63893963
0.54972749
0.49815981
0.46416516
0.4427137
0.4271383
0.41682167
0.40915799
0.40379127
0.39986777
0.39701378
0.39493428
0.39340928
0.39233824
0.63892169
0.54977154
0.49810869
0.46422791
0.44265411
0.4271914
0.41678745
0.40917446
0.40379164
0.39986423
0.39701574
0.39493612
0.39341023
0.39233142
0.63890216
0.5498186
0.49805709
0.46428767
0.44260366
0.42723022
0.4167702
0.40917704
0.40379988
0.39985714
0.39702324
0.39492943
0.39341847
0.39232007
0.63888153
0.54986724
0.49800723
0.4643417
0.44256426
0.42725543
0.41676558
0.4091723
0.40381082
0.39984862
0.3970337
0.39492053
0.39342706
0.39230931
0.63886048
0.54991579
0.49796123
0.46438812
0.44253591
0.42727016
0.41676749
0.40916679
0.40381953
0.39984289
0.3970412
0.394916
0.39343134
0.39230299
0.63883977
0.54996251
0.4979208
0.4644261
0.44251693
0.42727894
0.41676995
0.40916557
0.40382239
0.39984344
0.39704215
0.39491784
0.39343038
0.39230121
0.63882026
0.55000567
0.49788717
0.46445584
0.44250461
0.42728605
0.41676894
0.4091707
0.40381861
0.39985043
0.39703739
0.39492433
0.393426
0.39230247
0.63880284
0.55004369
0.49786091
0.46447824
0.44249629
0.42729412
0.41676359
0.40918086
0.40381059
0.39986073
0.39703041
0.39493197
0.39342089
0.39230422
0.63878841
0.55007525
0.49784211
0.46449435
0.44249029
0.42730325
0.41675604
0.40919218
0.40380251
0.39987012
0.39702487
0.39493798
0.39341714
0.392305
0.63877779
0.55009936
0.49783048
0.46450497
0.44248636
0.42731147
0.41674994
0.40920048
0.40379799
0.39987555
0.39702279
0.39494081
0.39341569
0.39230395
0.63877166
0.55011537
0.49782554
0.46451037
0.44248534
0.42731609
0.41674833
0.40920324
0.40379853
0.39987623
0.39702431
0.39494053
0.3934163
0.39230124
0.63877052
0.55012303
0.4978267
0.46451052
0.44248825
0.42731537
0.4167521
0.4092005
0.40380324
0.39987325
0.39702819
0.39493811
0.39341806
0.39229745
0.63877461
0.55012255
0.49783318
0.46450555
0.44249525
0.42730952
0.4167598
0.40919425
0.40380985
0.39986859
0.39703267
0.39493487
0.39341985
0.39229337
0.6387838
0.55011472
0.49784389
0.46449624
0.44250519
0.42730055
0.41676866
0.40918718
0.40381596
0.39986411
0.39703622
0.39493186
0.3934208
0.39228953
0.63879755
0.5501009
0.49785728
0.4644842
0.44251589
0.42729112
0.41677609
0.40918128
0.40382009
0.39986081
0.39703812
0.39492955
0.3934206
0.39228614
0.63881481
0.55008315
0.49787143
0.4644716
0.44252503
0.4272834
0.41678067
0.40917738
0.40382186
0.3998588
0.39703839
0.39492785
0.39341934
0.39228313
0.63883403
0.55006405
0.49788422
0.46446066
0.44253094
0.42727848
0.41678215
0.40917549
0.40382158
0.39985785
0.39703746
0.39492663
0.39341732
0.39228036
0.63885322
0.55004648
0.49789373
0.4644532
0.44253289
0.42727665
0.41678089
0.40917537
0.40381972
0.39985775
0.39703561
0.39492577
0.39341474
0.39227786
0.63887016
0.5500332
0.4978986
0.46445034
0.44253092
0.42727784
0.41677741
0.40917687
0.40381667
0.39985852
0.3970331
0.39492538
0.39341184
0.39227572
0.63888269
0.55002636
0.49789831
0.46445237
0.44252571
0.42728176
0.41677233
0.40917983
0.40381287
0.39986016
0.39703022
0.39492555
0.39340883
0.39227408
0.63888903
0.55002705
0.49789334
0.46445873
0.44251847
0.42728771
0.41676664
0.40918381
0.40380903
0.39986241
0.39702754
0.39492616
0.39340616
0.39227294
0.63888816
0.55003513
0.49788494
0.46446815
0.44251078
0.42729465
0.41676151
0.4091882
0.40380594
0.39986494
0.39702553
0.39492712
0.39340415
0.39227231
0.6388799
0.55004934
0.49787483
0.46447901
0.44250418
0.42730144
0.41675802
0.40919229
0.40380432
0.39986739
0.39702471
0.39492826
0.39340315
0.39227214
0.63886492
0.55006784
0.49786438
0.46449004
0.44249951
0.42730744
0.41675658
0.40919582
0.40380434
0.39986968
0.39702515
0.39492952
0.3934032
0.39227241
0.63884442
0.55008903
0.49785414
0.46450086
0.4424965
0.42731285
0.41675673
0.40919905
0.40380561
0.39987198
0.39702653
0.39493106
0.3934041
0.39227317
0.63881988
0.55011195
0.49784356
0.46451208
0.44249388
0.42731857
0.41675729
0.40920263
0.40380731
0.3998746
0.39702837
0.39493295
0.39340546
0.39227442
0.63879284
0.5501363
0.49783162
0.46452477
0.44249001
0.42732566
0.41675694
0.40920726
0.40380844
0.39987798
0.39702991
0.39493543
0.39340679
0.39227617
0.63876517
0.55016152
0.49781779
0.46453936
0.44248395
0.42733455
0.4167549
0.40921311
0.40380843
0.39988215
0.39703073
0.39493838
0.39340775
0.39227826
0.63873927
0.55018588
0.49780304
0.46455471
0.44247626
0.42734432
0.41675143
0.40921961
0.40380735
0.39988665
0.39703081
0.39494145
0.39340823
0.39228039
0.63871821
0.55020598
0.49779007
0.46456791
0.44246903
0.42735289
0.41674785
0.40922529
0.40380596
0.39989048
0.39703051
0.39494397
0.39340834
0.39228206
0.63870503
0.5502178
0.49778227
0.46457552
0.44246476
0.4273578
0.41674583
0.40922854
0.40380521
0.39989263
0.39703031
0.39494527
0.39340827
0.39228283
0.63870142
0.55021891
0.49778167
0.4645755
0.44246504
0.42735759
0.41674634
0.40922841
0.40380565
0.39989252
0.39703048
0.39494501
0.39340815
0.39228245
0.63870645
0.55021047
0.49778746
0.46456882
0.44246923
0.42735309
0.4167489
0.40922555
0.40380701
0.3998906
0.39703093
0.3949435
0.39340797
0.39228116
0.63871631
0.55019736
0.49779624
0.46455914
0.44247508
0.42734669
0.41675225
0.40922145
0.40380864
0.39988784
0.39703137
0.39494139
0.39340766
0.39227942
0.63872562
0.55018641
0.49780321
0.46455166
0.44247922
0.427342
0.41675437
0.4092185
0.4038095
0.3998858
0.39703139
0.39493976
0.39340717
0.39227803
0.63873014
0.55018241
0.4978053
0.46454961
0.44247993
0.42734098
0.41675445
0.40921791
0.40380932
0.39988529
0.397031
0.3949392
0.39340668
0.39227745
0.63872906
0.55018537
0.49780299
0.4645524
0.44247794
0.42734303
0.41675318
0.40921927
0.40380858
0.3998861
0.39703053
0.39493962
0.39340638
0.39227767
0.63872486
0.55019147
0.49779894
0.46455706
0.44247518
0.42734619
0.41675166
0.40922135
0.40380788
0.39988745
0.39703026
0.3949405
0.39340637
0.39227834
0.63872134
0.55019573
0.4977965
0.46455996
0.44247383
0.42734807
0.4167511
0.40922263
0.40380778
0.39988834
0.39703036
0.39494116
0.39340661
0.39227892
0.63872051
0.55019614
0.49779677
0.46455987
0.44247433
0.42734799
0.41675161
0.40922268
0.40380823
0.39988846
0.39703073
0.39494134
0.39340696
0.39227917
0.63872159
0.55019434
0.49779837
0.46455841
0.44247549
0.42734714
0.41675241
0.40922226
0.40380877
0.39988828
0.3970311
0.39494133
0.39340728
0.3922793
0.63872252
0.55019301
0.49779952
0.46455753
0.44247622
0.42734674
0.41675291
0.40922217
0.40380915
0.39988835
0.39703142
0.39494149
0.39340761
0.39227957
0.63872228
0.55019307
0.49779978
0.46455769
0.44247645
0.42734705
0.41675319
0.40922256
0.40380949
0.39988877
0.39703181
0.39494196
0.39340808
0.3922801
0.63872154
0.55019339
0.49779997
0.46455796
0.44247684
0.42734738
0.41675367
0.40922301
0.40381003
0.39988929
0.39703241
0.39494258
0.39340874
0.3922808
0.63872151
0.55019265
0.49780086
0.4645574
0.44247779
0.42734717
0.41675454
0.40922313
0.40381082
0.39988965
0.39703317
0.39494312
0.39340953
0.39228148
0.63872251
0.55019086
0.49780234
0.46455613
0.44247907
0.42734653
0.41675559
0.409223
0.40381172
0.39988985
0.397034
0.39494357
0.39341036
0.39228211
0.63872396
0.55018896
0.49780374
0.46455485
0.44248023
0.42734591
0.41675656
0.40922287
0.40381256
0.39989007
0.3970348
0.39494404
0.39341118
0.39228274
0.63872515
0.55018768
0.49780465
0.46455407
0.44248105
0.4273456
0.41675733
0.40922295
0.40381332
0.39989044
0.3970356
0.39494463
0.39341202
0.39228348
0.63872582
0.5501871
0.49780509
0.46455379
0.44248157
0.42734564
0.41675797
0.40922329
0.40381405
0.39989101
0.39703642
0.39494538
0.39341293
0.39228435
0.6387261
0.55018695
0.49780529
0.46455381
0.44248197
0.42734591
0.41675856
0.4092238
0.40381481
0.39989173
0.39703731
0.39494627
0.39341393
0.39228535
0.63872618
0.55018696
0.49780542
0.46455396
0.44248233
0.4273463
0.41675917
0.40922444
0.40381561
0.39989256
0.39703827
0.39494726
0.393415
0.39228646
0.6387262
0.55018699
0.49780553
0.46455417
0.44248271
0.42734677
0.4167598
0.40922516
0.40381647
0.3998935
0.39703931
0.39494836
0.39341616
0.39228765
0.63872622
0.55018702
0.49780567
0.46455442
0.4424831
0.42734731
0.41676048
0.40922596
0.40381738
0.39989452
0.39704041
0.39494953
0.39341739
0.39228892
0.63872623
0.55018705
0.49780582
0.4645547
0.44248352
0.4273479
0.41676122
0.40922684
0.40381838
0.39989562
0.3970416
0.39495079
0.39341871
0.39229028
0.63872625
0.55018708
0.49780598
0.46455501
0.44248398
0.42734854
0.41676201
0.40922778
0.40381944
0.39989679
0.39704287
0.39495213
0.3934201
0.39229171
0.63872627
0.55018712
0.49780614
0.46455534
0.44248449
0.42734924
0.41676287
0.4092288
0.40382059
0.39989806
0.39704422
0.39495355
0.39342158
0.39229323
0.63872628
0.55018716
0.49780633
0.46455571
0.44248504
0.42735
0.41676381
0.4092299
0.40382182
0.3998994
0.39704565
0.39495505
0.39342314
0.39229483
0.6387263
0.55018722
0.49780653
0.46455611
0.44248565
0.42735082
0.41676481
0.40923108
0.40382313
0.39990083
0.39704717
0.39495664
0.39342478
0.39229651
0.63872631
0.55018728
0.49780675
0.46455655
0.44248631
0.42735171
0.41676589
0.40923233
0.40382453
0.39990235
0.39704878
0.39495832
0.39342651
0.39229827
0.63872631
0.55018735
0.497807
0.46455703
0.44248703
0.42735267
0.41676705
0.40923367
0.40382601
0.39990395
0.39705047
0.39496008
0.39342832
0.39230012
0.63872632
0.55018744
0.49780727
0.46455756
0.44248781
0.42735369
0.41676829
0.4092351
0.40382758
0.39990564
0.39705225
0.39496192
0.39343021
0.39230205
0.63872632
0.55018754
0.49780758
0.46455812
0.44248865
0.42735479
0.41676962
0.4092366
0.40382924
0.39990742
0.39705411
0.39496385
0.39343219
0.39230407
0.63872632
0.55018766
0.49780791
0.46455874
0.44248956
0.42735597
0.41677103
0.4092382
0.40383099
0.39990928
0.39705607
0.39496588
0.39343426
0.39230618
0.63872632
0.55018779
0.49780828
0.4645594
0.44249054
0.42735722
0.41677252
0.40923989
0.40383283
0.39991124
0.39705811
0.39496799
0.39343642
0.39230837
0.63872632
0.55018793
0.49780867
0.46456012
0.44249159
0.42735856
0.41677411
0.40924167
0.40383477
0.39991329
0.39706025
0.39497019
0.39343867
0.39231066
0.63872632
0.55018808
0.4978091
0.46456089
0.44249271
0.42735998
0.41677578
0.40924355
0.4038368
0.39991544
0.39706249
0.39497249
0.39344102
0.39231304
0.63872632
0.55018824
0.49780957
0.46456173
0.4424939
0.42736149
0.41677756
0.40924552
0.40383893
0.39991769
0.39706482
0.39497489
0.39344346
0.39231551
0.63872633
0.55018841
0.49781007
0.46456262
0.44249517
0.42736309
0.41677942
0.4092476
0.40384117
0.39992004
0.39706726
0.39497739
0.39344601
0.39231809
0.63872633
0.5501886
0.49781061
0.46456357
0.44249652
0.42736479
0.41678139
0.40924978
0.40384351
0.39992251
0.39706981
0.39498
0.39344867
0.39232079
0.63872634
0.5501888
0.49781118
0.46456459
0.44249796
0.42736658
0.41678347
0.40925208
0.40384598
0.39992509
0.39707248
0.39498274
0.39345145
0.3923236
0.63872635
0.55018902
0.4978118
0.46456568
0.44249948
0.42736847
0.41678566
0.4092545
0.40384856
0.3999278
0.39707528
0.3949856
0.39345436
0.39232655
0.63872636
0.55018924
0.49781244
0.46456679
0.44250103
0.4273704
0.41678787
0.40925693
0.40385116
0.39993052
0.39707808
0.39498847
0.39345727
0.39232949
6.5111928
27.378541
38.742806
37.303002
33.067279
29.873796
29.693551
30.20451
31.028779
31.230988
31.106192
30.757823
30.296205
29.807449
29.300318
28.782843
28.279309
27.79278
27.322163
26.870112
26.437882
26.023906
25.634209
25.264025
24.908749
24.567374
24.239366
23.925691
23.627
23.338896
23.060921
22.791582
22.533099
22.2833
22.041756
21.806848
21.579169
21.358868
21.144261
20.935386
20.732129
20.53444
20.341054
20.152159
19.967959
19.78793
19.611472
19.438886
19.269988
19.1043
18.941804
18.782412
18.625822
18.472173
18.320986
18.172396
18.02639
17.882471
17.740901
17.601574
17.464174
17.328886
17.195422
17.063978
16.934115
16.806317
16.679931
16.555376
16.432273
16.310837
16.190709
16.072294
15.954988
15.839409
15.72479
15.611891
15.49979
15.389465
15.279758
15.171895
15.064456
14.958955
14.853654
14.750449
14.647202
14.546182
14.4449
14.346007
14.246529
14.149738
14.051842
13.957136
13.861113
13.763489
13.687063
13.535242
0.60092499
1.918502
5.4194002
10.135949
16.781009
23.99665
30.918581
34.781959
36.285511
36.151209
35.73548
35.204875
34.70728
34.19102
33.6699
33.155319
32.684014
32.22188
31.767334
31.332165
30.917219
30.518242
30.147658
29.786445
29.430919
29.086102
28.753373
28.435294
28.131236
27.831825
27.540782
27.256808
26.985357
26.720299
26.462388
26.209565
25.964493
25.726843
25.493447
25.265792
25.043825
24.827411
24.614449
24.406261
24.203089
24.003851
23.807954
23.616318
23.42843
23.243633
23.062216
22.884033
22.708683
22.536528
22.366781
22.199894
22.035771
21.873676
21.714252
21.557202
21.402123
21.249414
21.098594
20.950048
20.803084
20.658545
20.515344
20.374286
20.234721
20.097048
19.960732
19.826407
19.693156
19.561974
19.431672
19.303455
19.175921
19.050568
18.925666
18.803066
18.68066
18.560704
18.44065
18.323278
18.205491
18.090575
17.974966
17.862445
17.748828
17.638703
17.526799
17.419168
17.309101
17.199131
17.10906
16.938331
0.40695379
0.48601469
0.76919379
1.2568377
2.1753991
3.4036195
6.0109646
9.070797
13.12912
16.90104
20.513982
22.941172
24.27282
25.039028
25.47032
25.695848
25.835576
25.882577
25.87067
25.827075
25.752506
25.655757
25.558117
25.43729
25.298288
25.150361
24.99653
24.842681
24.688605
24.523997
24.357118
24.187119
24.022344
23.854583
23.686885
23.517188
23.350186
23.185438
23.019343
22.854985
22.69253
22.532072
22.371199
22.212421
22.056184
21.901182
21.747021
21.595276
21.445313
21.296483
21.149436
21.004094
20.860095
20.71808
20.577079
20.437914
20.300483
20.163911
20.029244
19.896074
19.763972
19.633578
19.504288
19.376692
19.249923
19.12517
19.000989
18.87857
18.757048
18.637013
18.517806
18.400284
18.283274
18.168126
18.053297
17.940406
17.827646
17.716988
17.606216
17.497738
17.388869
17.282513
17.175445
17.071203
16.965896
16.863667
16.760075
16.659832
16.557793
16.459598
16.358827
16.262966
16.163215
16.066357
15.982572
15.830848
0.39337213
0.40025074
0.42371305
0.47368798
0.59098505
0.69926089
0.95044199
1.4070955
2.3944978
4.0904976
6.6174255
10.07358
13.562128
16.155798
17.962309
19.299278
20.296698
20.957593
21.438111
21.796361
22.064989
22.261163
22.419213
22.524098
22.588621
22.622723
22.630927
22.623747
22.601463
22.554628
22.496154
22.424578
22.350514
22.264283
22.172068
22.071203
21.968249
21.862389
21.750091
21.636071
21.520306
21.403196
21.282187
21.160929
21.039882
20.917606
20.793969
20.671102
20.548231
20.42477
20.301688
20.178952
20.056255
19.934497
19.812521
19.691514
19.571354
19.451036
19.33199
19.213694
19.095697
18.978869
18.862476
18.747321
18.632343
18.519088
18.405744
18.293886
18.182425
18.07215
17.962259
17.853849
17.745469
17.638845
17.532049
17.427146
17.32188
17.218744
17.114975
17.013605
16.911292
16.811675
16.710751
16.612924
16.513387
16.417273
16.319116
16.22472
16.127791
16.035233
15.93923
15.848971
15.753333
15.66302
15.581203
15.437894
0.39159731
0.39196539
0.3943891
0.40104189
0.41779816
0.43281924
0.4554337
0.48922278
0.56886392
0.75917593
1.1943977
2.1256663
4.0932562
6.626023
9.565513
12.042966
14.015632
15.557295
16.793236
17.730392
18.464634
19.049405
19.529875
19.889358
20.176434
20.404018
20.583673
20.727128
20.839219
20.916074
20.96987
20.999141
21.016583
21.012443
20.996668
20.96481
20.925675
20.877833
20.818493
20.754038
20.683691
20.608438
20.525797
20.440564
20.352973
20.261573
20.166618
20.07071
19.97292
19.8728
19.77162
19.669379
19.565865
19.462207
19.357085
19.252066
19.146972
19.040706
18.935082
18.829442
18.723341
18.617867
18.512164
18.407243
18.301857
18.197907
18.093212
17.989741
17.88617
17.783496
17.68077
17.579336
17.477457
17.377243
17.276373
17.177369
17.077516
16.979839
16.881017
16.784719
16.686931
16.592045
16.495257
16.401869
16.30612
16.214174
16.119494
16.02903
15.935277
15.846471
15.753324
15.666809
15.573416
15.487618
15.406571
15.268365
0.39135277
0.39035219
0.39022503
0.39078072
0.39275399
0.39536574
0.39870269
0.40164709
0.40730232
0.42052806
0.45384627
0.5432429
0.79819972
1.3851492
2.6953789
4.6049924
7.0210848
9.289847
11.221152
12.836466
14.189408
15.312712
16.23133
16.962545
17.562445
18.047648
18.449249
18.783124
19.055214
19.271728
19.449843
19.589762
19.70709
19.79305
19.860109
19.904468
19.934489
19.94917
19.947212
19.93648
19.914673
19.884122
19.842501
19.79573
19.74358
19.684779
19.620095
19.552501
19.480948
19.405187
19.326765
19.245742
19.162038
19.076974
18.989104
18.900407
18.810599
18.718551
18.626455
18.533497
18.439276
18.34509
18.249962
18.155118
18.059133
17.96426
17.867951
17.772583
17.676587
17.581177
17.485258
17.390418
17.294642
17.200425
17.105052
17.011506
16.916606
16.823925
16.729569
16.637862
16.544099
16.453449
16.360282
16.270824
16.178336
16.090042
15.9983
15.911246
15.820121
15.734542
15.643693
15.560392
15.468691
15.386778
15.306258
15.172035
0.39133952
0.39013191
0.38910011
0.38836907
0.38789201
0.38786793
0.38781281
0.38763691
0.38712078
0.38748833
0.38925428
0.39564504
0.41513846
0.47040622
0.62898559
1.011115
1.8611502
3.3640492
5.2619436
7.2998325
9.1511866
10.748781
12.18228
13.39918
14.424007
15.261892
15.969702
16.559756
17.048713
17.453807
17.792679
18.072448
18.313268
18.504328
18.665483
18.794595
18.901189
18.98561
19.048293
19.096168
19.128426
19.147317
19.151103
19.146811
19.133534
19.110461
19.078954
19.042245
18.999286
18.950016
18.896256
18.838196
18.775906
18.710852
18.641529
18.570351
18.496874
18.420007
18.342324
18.262822
18.181192
18.098932
18.014956
17.930699
17.844578
17.75919
17.671627
17.584685
17.496542
17.408641
17.31974
17.231674
17.142154
17.054059
16.964282
16.876272
16.786383
16.698736
16.608864
16.521751
16.431996
16.345558
16.255966
16.17039
16.08109
15.996379
15.907481
15.82375
15.735139
15.652683
15.564001
15.483794
15.39365
15.315422
15.235474
15.104817
0.39131564
0.39013776
0.3888584
0.38773542
0.38655903
0.38570829
0.38469509
0.38391964
0.38256366
0.38153921
0.38013314
0.37947341
0.38029913
0.38464003
0.39826169
0.43588915
0.53799343
0.79788564
1.3643566
2.4872629
4.0439251
5.8593453
7.5924839
9.1563578
10.578167
11.829464
12.929701
13.857369
14.641559
15.305604
15.861715
16.328855
16.730678
17.060728
17.343511
17.578334
17.779075
17.945298
18.081278
18.195052
18.287204
18.361651
18.416819
18.459584
18.489126
18.506207
18.511584
18.509054
18.497797
18.477786
18.451172
18.418416
18.379682
18.336541
18.287536
18.235531
18.179845
18.119529
18.057529
17.992623
17.924643
17.855285
17.783358
17.710506
17.635012
17.559804
17.481622
17.403703
17.323953
17.24406
17.162639
17.081767
16.998889
16.917271
16.833413
16.751238
16.666629
16.584264
16.499099
16.416789
16.331224
16.249168
16.163297
16.081743
15.995746
15.91473
15.828762
15.748443
15.662407
15.583142
15.496668
15.419598
15.331046
15.256471
15.17725
15.050039
0.39129422
0.3901334
0.38882036
0.38757395
0.38619542
0.38497854
0.383639
0.3824761
0.38105769
0.37965746
0.37811226
0.37638032
0.3749987
0.37386562
0.37441343
0.37763258
0.38767857
0.41469435
0.48397741
0.66196517
1.057179
1.9078545
3.1887172
4.7653693
6.3929988
7.9023199
9.2769307
10.550436
11.677832
12.667858
13.508374
14.229664
14.848526
15.366568
15.812172
16.185272
16.507235
16.77858
17.007463
17.202681
17.367522
17.506003
17.618997
17.714447
17.791926
17.854098
17.900885
17.936483
17.960012
17.97295
17.976426
17.971809
17.959195
17.940236
17.913691
17.882849
17.846716
17.804609
17.759832
17.710914
17.657878
17.60262
17.543853
17.48342
17.419507
17.355352
17.287355
17.219217
17.148555
17.077316
17.003977
16.930855
16.855138
16.780478
16.702986
16.627063
16.548119
16.471398
16.391272
16.314077
16.232986
16.155585
16.073678
15.996382
15.913895
15.836777
15.753918
15.677186
15.593874
15.517951
15.433813
15.360002
15.273164
15.202293
15.124003
15.000265
0.39128596
0.39010717
0.38881758
0.38751341
0.38612
0.38472883
0.38330145
0.38186068
0.38043397
0.37883348
0.37734602
0.37547348
0.37385953
0.37186858
0.37041474
0.36915109
0.3695078
0.37187786
0.379376
0.39910733
0.44835979
0.57554059
0.86740532
1.4898837
2.5648838
3.9459119
5.4688531
6.9104664
8.2471854
9.501292
10.638028
11.657935
12.54449
13.306513
13.969161
14.52805
15.012821
15.423595
15.774346
16.074363
16.33098
16.550719
16.735148
16.894579
17.028475
17.141588
17.234619
17.312754
17.375497
17.425163
17.462392
17.488863
17.50524
17.513249
17.511667
17.504292
17.489749
17.467777
17.442009
17.410694
17.3741
17.334335
17.290018
17.243175
17.191954
17.139865
17.08299
17.025518
16.964757
16.90293
16.838382
16.773665
16.705721
16.638592
16.567997
16.498823
16.426009
16.355365
16.280683
16.208984
16.13272
16.060307
15.982673
15.909928
15.831219
15.75826
15.678739
15.605824
15.525438
15.453058
15.371435
15.301048
15.2161
15.149026
15.071899
14.951751
0.39128569
0.39007463
0.38881514
0.38746944
0.38610788
0.38463504
0.38320608
0.38162378
0.38016611
0.37846007
0.37695073
0.37507859
0.37344084
0.37138071
0.36963254
0.36752783
0.36606012
0.36460782
0.36474706
0.36637594
0.3719711
0.38689445
0.42385174
0.51609653
0.73674709
1.1953276
2.1233853
3.3426632
4.7468863
6.1255308
7.4235427
8.6370565
9.776232
10.800086
11.718961
12.509304
13.205091
13.79911
14.312507
14.751809
15.129268
15.454822
15.730694
15.970675
16.175006
16.351083
16.49991
16.628324
16.735422
16.826049
16.900821
16.962246
17.010955
17.049007
17.075318
17.09369
17.103265
17.103633
17.098911
17.087043
17.06859
17.045907
17.017507
16.985584
16.948321
16.909443
16.864753
16.818952
16.769014
16.717455
16.662504
16.606932
16.547459
16.488506
16.425413
16.363555
16.297398
16.233327
16.164551
16.098783
16.02775
15.960711
15.887701
15.819848
15.745226
15.676727
15.600817
15.531987
15.454766
15.386163
15.307269
15.240503
15.15766
15.094503
15.01879
14.902411
0.391285
0.39004719
0.38880743
0.38743521
0.38609529
0.38459289
0.38316875
0.38154397
0.38004968
0.37830979
0.37674226
0.37488297
0.37320834
0.37119556
0.36938759
0.36721486
0.36534113
0.36318676
0.36156024
0.36006145
0.35975759
0.36085031
0.36507242
0.37654956
0.40492138
0.47340003
0.64617736
1.0150223
1.7820898
2.8847396
4.1856329
5.5048598
6.7615882
7.9347112
9.0607799
10.081244
11.014482
11.826094
12.543643
13.162129
13.697919
14.162569
14.558836
14.90387
15.198972
15.455141
15.673631
15.864149
16.025831
16.1656
16.284429
16.385254
16.469987
16.541474
16.598975
16.646021
16.682376
16.70781
16.726094
16.735803
16.73749
16.733694
16.72287
16.707358
16.685489
16.661104
16.629795
16.596793
16.558711
16.518377
16.473926
16.428328
16.378101
16.328049
16.273132
16.219219
16.16031
16.103364
16.041008
15.981658
15.916306
15.855069
15.78708
15.724498
15.654312
15.590608
15.518616
15.454169
15.380382
15.315822
15.239901
15.176975
15.096483
15.037383
14.963352
14.850968
0.39127936
0.39002897
0.38879181
0.3874126
0.38607264
0.38457141
0.38313607
0.38151852
0.3799885
0.37825848
0.37663296
0.3747949
0.37306442
0.37110416
0.36924463
0.367146
0.36513878
0.36294121
0.3608446
0.35873685
0.35682315
0.35530733
0.35449284
0.35517107
0.35832751
0.36721591
0.38979688
0.44461926
0.58288735
0.88987122
1.5285655
2.5473723
3.7549918
5.0254624
6.2331203
7.3733298
8.4707195
9.4832975
10.418692
11.241891
11.970121
12.609137
13.160596
13.642269
14.055729
14.416118
14.724424
14.994094
15.224644
15.425335
15.598097
15.746956
15.874637
15.984845
16.077271
16.156204
16.222396
16.275719
16.319569
16.35325
16.37739
16.394332
16.402874
16.405551
16.400701
16.392238
16.375653
16.356712
16.331642
16.303601
16.270658
16.235953
16.195837
16.155487
16.109494
16.064224
16.013216
15.964004
15.90864
15.856243
15.797069
15.742106
15.679576
15.622682
15.557315
15.498778
15.43104
15.371306
15.301252
15.241024
15.168351
15.109501
15.031639
14.97675
14.904685
14.796563
0.39126874
0.39001835
0.38877079
0.38739885
0.38604411
0.38455902
0.38310174
0.38150828
0.37994495
0.37824257
0.37656974
0.37476201
0.37297473
0.37106004
0.36914257
0.36711537
0.36504316
0.36290522
0.3606718
0.35846624
0.35614344
0.35402272
0.35185362
0.35022611
0.34898691
0.34934093
0.35170239
0.35885742
0.37748604
0.4231209
0.53696669
0.8012137
1.3496864
2.2979961
3.4360585
4.6457882
5.8120972
6.9212879
7.9875369
8.9887903
9.9117235
10.744181
11.478566
12.128423
12.691815
13.186048
13.610531
13.982349
14.301546
14.580017
14.820715
15.029603
15.21005
15.367361
15.50179
15.61848
15.718557
15.802915
15.875156
15.93555
15.984548
16.024525
16.054531
16.077454
16.091109
16.100326
16.099977
16.09651
16.085744
16.071181
16.050873
16.02808
15.999037
15.969277
15.933036
15.89718
15.854796
15.813987
15.766244
15.721388
15.668942
15.620771
15.564179
15.51343
15.453304
15.400337
15.337226
15.282562
15.216571
15.160988
15.091864
15.037347
14.962427
14.911914
14.842117
14.738561
0.39125554
0.39001214
0.38874805
0.3873893
0.38601509
0.38454949
0.38306887
0.38150023
0.37990879
0.37823465
0.37652709
0.37474895
0.3729196
0.37103778
0.36907636
0.3670895
0.36498144
0.36288513
0.36061686
0.35841308
0.35599222
0.35372112
0.35121301
0.34900499
0.34661293
0.3448536
0.34326696
0.34335927
0.34513508
0.35101924
0.36680314
0.40612107
0.5037377
0.73790749
1.2341203
2.1068088
3.1949885
4.3534784
5.4821632
6.5614853
7.593608
8.5803696
9.4901059
10.322275
11.058196
11.713964
12.283431
12.784931
13.217711
13.596116
13.923551
14.208916
14.455903
14.671999
14.858252
15.020912
15.161914
15.283103
15.38846
15.47869
15.555197
15.62079
15.674615
15.719888
15.754104
15.782791
15.800447
15.813979
15.818834
15.819172
15.812763
15.803011
15.786111
15.767924
15.742355
15.716762
15.683803
15.652136
15.612708
15.576038
15.530922
15.490109
15.439985
15.395878
15.341456
15.294498
15.236421
15.187217
15.125649
15.075052
15.009808
14.959898
14.888263
14.842302
14.775097
14.676446
0.39124284
0.39000679
0.38872688
0.38738003
0.38598935
0.38453913
0.38304091
0.38149003
0.37987966
0.37822468
0.37649656
0.37473725
0.37288584
0.37102054
0.36903829
0.36706478
0.36494361
0.36285776
0.36058832
0.35838495
0.3559608
0.35364394
0.35107733
0.34868068
0.34603225
0.34366242
0.34113849
0.33913114
0.33744509
0.33706475
0.33844147
0.34342988
0.35723183
0.39232458
0.48041904
0.69357368
1.1530974
1.9706886
3.022316
4.1348769
5.2338423
6.2787661
7.2787806
8.2465361
9.1410514
9.9679958
10.700943
11.356718
11.929189
12.433209
12.870781
13.253626
13.585254
13.875732
14.127174
14.347143
14.538729
14.70483
14.850135
14.976035
15.084827
15.179417
15.259672
15.329643
15.386721
15.436862
15.474445
15.506731
15.528822
15.545729
15.554264
15.558984
15.555421
15.549899
15.536022
15.521634
15.498986
15.477272
15.446928
15.419152
15.382033
15.349196
15.306121
15.269198
15.22099
15.180519
15.127924
15.084598
15.02785
14.982606
14.921606
14.876595
14.808626
14.767403
14.703138
14.609763
0.39123248
0.39000014
0.38870957
0.38736905
0.3859685
0.38452615
0.38301892
0.38147618
0.37985777
0.37821017
0.37647545
0.37472123
0.37286542
0.371001
0.36901807
0.36703944
0.36492404
0.36282663
0.36057328
0.35835111
0.35595464
0.35360162
0.35106264
0.3485789
0.34591678
0.34332097
0.34060751
0.33798107
0.33542601
0.33310952
0.3313409
0.33050823
0.3315963
0.33598577
0.34856106
0.38098433
0.46304501
0.66286754
1.1017289
1.8806561
2.9091557
3.9807739
5.0483496
6.0603147
7.0302743
7.9772403
8.8558356
9.672268
10.399503
11.050968
11.622558
12.126573
12.564905
12.949523
13.28339
13.575529
13.830493
14.052473
14.247019
14.416565
14.564276
14.693549
14.804943
14.903246
14.985757
15.059541
15.119226
15.172203
15.213345
15.248476
15.273518
15.294217
15.305129
15.313636
15.312473
15.310385
15.299036
15.288171
15.267761
15.249658
15.221271
15.197089
15.161704
15.132557
15.091124
15.057658
15.011036
14.974044
14.922551
14.883054
14.8267
14.786897
14.723019
14.686726
14.62578
14.538086
0.39122533
0.38999149
0.38869624
0.38735577
0.38595281
0.38451053
0.38300289
0.38145911
0.37984248
0.37819183
0.37646156
0.37470112
0.37285336
0.37097825
0.36900799
0.36701275
0.36491588
0.36279485
0.36056801
0.35831454
0.35595529
0.35356118
0.35106948
0.34852577
0.34590891
0.34321095
0.3404913
0.33765743
0.33489291
0.33202388
0.32939699
0.32681552
0.32490323
0.32374539
0.3246344
0.32863457
0.34044464
0.37132705
0.45043257
0.64357745
1.0749706
1.8333426
2.8432461
3.8793368
4.9151284
5.8959095
6.8399155
7.7638992
8.6257354
9.4285199
10.146798
10.791394
11.358386
11.859175
12.296143
12.679122
13.013773
13.305817
13.561699
13.78542
13.980985
14.152635
14.301654
14.433743
14.546325
14.647557
14.731804
14.807595
14.869824
14.925023
14.968307
15.006566
15.033426
15.05735
15.0701
15.081668
15.082393
15.083519
15.073993
15.066418
15.047579
15.032793
15.005811
14.985082
14.951045
14.925146
14.885042
14.854876
14.809118
14.775791
14.724526
14.690261
14.630945
14.59978
14.54257
14.460992
0.3912209
0.38998112
0.38868665
0.38734107
0.38594115
0.38449329
0.38299116
0.38144025
0.3798317
0.37817166
0.37645234
0.37467938
0.37284591
0.37095446
0.36900253
0.36698639
0.36491248
0.36276524
0.3605667
0.3582814
0.3559566
0.35352544
0.35107415
0.34848865
0.3459123
0.34316572
0.34046896
0.33756354
0.33475956
0.33172194
0.32886341
0.32579124
0.32304494
0.32023648
0.31818476
0.31678275
0.31753096
0.32129642
0.3327432
0.36309432
0.4419468
0.63486106
1.0700113
1.8223593
2.816266
3.8213298
4.8257273
5.7777913
6.6977972
7.5990086
8.4428589
9.2302663
9.9369639
10.571651
11.131953
11.626386
12.060111
12.439819
12.772438
13.063744
13.318657
13.542656
13.737894
13.91107
14.060034
14.19399
14.307297
14.409615
14.495441
14.57274
14.636196
14.69378
14.738227
14.779085
14.807143
14.833666
14.847671
14.862108
14.864102
14.868259
14.859759
14.855239
14.837451
14.825842
14.799891
14.782168
14.749186
14.726375
14.686885
14.660184
14.6145
14.58612
14.531892
14.506056
14.453043
14.37805
0.39121823
0.38997019
0.38867912
0.38732596
0.38593204
0.38447607
0.38298201
0.38142165
0.37982328
0.37815203
0.37644504
0.37465864
0.37283986
0.3709325
0.36899779
0.3669631
0.36490895
0.36274056
0.36056409
0.35825543
0.35595445
0.35349898
0.35107192
0.34846337
0.34590896
0.34314228
0.34045946
0.33753275
0.33472329
0.33164125
0.32871878
0.32550741
0.32252442
0.31926775
0.31639023
0.31338502
0.31120043
0.3096082
0.31027479
0.31394832
0.32541683
0.35623456
0.4374249
0.63605524
1.0849464
1.8431736
2.8206279
3.7985731
4.7744312
5.6996424
6.5963889
7.4754719
8.3013044
9.0712369
9.7647342
10.387053
10.938668
11.425286
11.852886
12.228294
12.557093
12.846064
13.098469
13.322073
13.515624
13.689255
13.837701
13.971639
14.085363
14.188338
14.274518
14.353383
14.417232
14.476716
14.521631
14.564559
14.593177
14.622166
14.63683
14.653961
14.656446
14.663424
14.655397
14.653856
14.636703
14.627844
14.602659
14.587772
14.555145
14.535556
14.496001
14.473871
14.425322
14.405016
14.356718
14.288806
0.39121604
0.38995965
0.38867264
0.38731202
0.38592387
0.38446026
0.38297354
0.38140487
0.37981521
0.37813473
0.37643767
0.37464092
0.37283307
0.37091436
0.36899149
0.36694469
0.36490297
0.36272209
0.3605581
0.35823725
0.35594792
0.35348163
0.35106428
0.34844765
0.34589987
0.34312877
0.34044861
0.33751987
0.3347069
0.33161901
0.3286769
0.32543366
0.32237918
0.31900241
0.31588656
0.31245749
0.3094478
0.30626354
0.30395987
0.30222084
0.30286834
0.30660272
0.31848747
0.35077694
0.43692418
0.64709312
1.1196413
1.8896044
2.8538648
3.8065662
4.7562246
5.6553631
6.5315122
7.3879906
8.1954831
8.9466489
9.6253634
10.234179
10.774443
11.251998
11.671826
12.041277
12.364606
12.650454
12.898943
13.121032
13.312386
13.484591
13.631982
13.765521
13.878547
13.982139
14.067914
14.1479
14.211386
14.272336
14.317045
14.361971
14.390575
14.421866
14.436393
14.456116
14.458461
14.468245
14.460248
14.461324
14.444475
14.438254
14.413111
14.401175
14.368363
14.352896
14.310635
14.296145
14.253023
14.192774
0.39121349
0.38995039
0.38866596
0.38729969
0.38591569
0.3844467
0.38296494
0.38139079
0.37980663
0.37812058
0.37642935
0.37462686
0.37282495
0.37090051
0.36898343
0.36693123
0.3648948
0.36270926
0.3605496
0.35822532
0.35593885
0.35347086
0.35105447
0.34843825
0.34588936
0.34312088
0.34043771
0.33751337
0.33469536
0.33161205
0.32866067
0.32541659
0.32233778
0.31893655
0.31574736
0.31220956
0.30896094
0.30536774
0.30222701
0.2988839
0.29646844
0.29463823
0.29532895
0.29928776
0.31200785
0.34685019
0.44089172
0.66805693
1.1745443
1.9595473
2.9132583
3.841607
4.7652619
5.6403139
6.4972764
7.3318756
8.1206829
8.8525176
9.514448
10.108652
10.636174
11.103104
11.513538
11.876177
12.192554
12.474186
12.718133
12.936943
13.125308
13.295732
13.441078
13.574083
13.685721
13.789512
13.874015
13.954777
14.01721
14.079615
14.123563
14.17034
14.198115
14.231718
14.245382
14.267801
14.269472
14.281762
14.273494
14.277073
14.25979
14.256354
14.230759
14.222588
14.187118
14.178898
14.141331
14.089434
0.39121019
0.38994246
0.38865902
0.38728945
0.38590725
0.38443547
0.38295595
0.38137933
0.37979758
0.37810942
0.37642051
0.37461616
0.3728162
0.37089037
0.36897473
0.3669218
0.36488612
0.36270074
0.3605409
0.35821788
0.35593013
0.35346465
0.35104579
0.34843337
0.34588085
0.34311745
0.34042958
0.33751156
0.33468774
0.33161188
0.32865284
0.32541667
0.32232507
0.31892787
0.31571034
0.31215652
0.30882973
0.30514137
0.30175439
0.29801603
0.29473478
0.29126718
0.28873668
0.28689002
0.28768313
0.29204839
0.30607974
0.34466558
0.45003011
0.7000657
1.2503361
2.0529265
2.9927643
3.8988844
4.7974254
5.6508539
6.4893062
7.3028879
8.0722983
8.7842363
9.428501
10.00681
10.52023
10.975726
11.375252
11.730081
12.038699
12.31459
12.55302
12.768214
12.952748
13.121166
13.263849
13.395918
13.505182
13.608904
13.691399
13.772996
13.833835
13.897573
13.939927
13.988677
14.014811
14.050947
14.063117
14.088021
14.08871
14.10339
14.09417
14.100384
14.082242
14.0823
14.053984
14.052694
14.020954
13.978215
0.39120629
0.3899358
0.38865177
0.38728071
0.38589881
0.38442623
0.38294713
0.38137015
0.37978877
0.37810078
0.37641201
0.37460825
0.37280805
0.37088333
0.36896698
0.36691581
0.36487882
0.36269595
0.36053413
0.35821452
0.35592403
0.35346292
0.3510405
0.34843347
0.34587655
0.34311955
0.34042631
0.33751597
0.33468548
0.33161907
0.32865136
0.32542704
0.32232318
0.31894046
0.31570291
0.31216399
0.3087983
0.30511053
0.30163167
0.29781957
0.29427394
0.29042736
0.28698285
0.28344052
0.28078133
0.27901006
0.27996727
0.28494399
0.30085706
0.34462933
0.46542735
0.74510393
1.3475575
2.1660411
3.0896051
3.9765366
4.8495952
5.6832652
6.5035238
7.2967531
8.046759
8.7379456
9.3637764
9.9255659
10.423426
10.866655
11.25429
11.600174
11.900014
12.169862
12.402102
12.613366
12.793549
12.959557
13.098477
13.229413
13.335521
13.439306
13.519232
13.601564
13.659967
13.725274
13.765147
13.816207
13.839973
13.878528
13.888887
13.916171
13.915241
13.932428
13.921926
13.931356
13.910342
13.916913
13.891124
13.858497
0.39120194
0.38993001
0.38864464
0.38727347
0.38589073
0.38441866
0.38293883
0.38136288
0.37978076
0.37809438
0.37640463
0.37460296
0.3728014
0.37087934
0.36896118
0.36691337
0.36487405
0.36269534
0.36053062
0.35821597
0.35592192
0.35346673
0.35103987
0.34844007
0.34587737
0.34312952
0.34042864
0.33752988
0.3346893
0.3316376
0.32865658
0.32545089
0.32232954
0.31897006
0.31570938
0.31219796
0.30879989
0.30514223
0.30160964
0.29781922
0.29416467
0.29026757
0.28653591
0.28262751
0.27898999
0.27543462
0.27262581
0.27103795
0.27223129
0.27806383
0.29657562
0.3473991
0.48858604
0.80479018
1.4650794
2.2993428
3.2018311
4.0709147
4.9185865
5.7341524
6.5368559
7.3098052
8.0405139
8.7105984
9.3165318
9.8613542
10.34266
10.773051
11.147859
11.484558
11.775129
12.038528
12.264177
12.471074
12.64571
12.8092
12.943552
13.073568
13.175928
13.279702
13.356185
13.439607
13.494619
13.561947
13.598513
13.651881
13.672838
13.713952
13.721799
13.751537
13.748794
13.768906
13.755357
13.770815
13.75114
13.7296
0.39119739
0.38992515
0.38863765
0.38726731
0.38588309
0.38441263
0.38293124
0.38135748
0.37977366
0.37809013
0.37639843
0.37460025
0.37279634
0.37087848
0.36895751
0.36691468
0.36487196
0.36269921
0.36053022
0.35822297
0.35592342
0.3534774
0.35104351
0.34845491
0.34588345
0.3431491
0.34043735
0.33755492
0.33470071
0.33166888
0.32867065
0.32548929
0.32234608
0.31901654
0.31572791
0.31225334
0.30881925
0.30520483
0.30162682
0.29788007
0.29416087
0.29030051
0.28644717
0.28250752
0.27856174
0.27464309
0.27078121
0.26728168
0.26430037
0.26302145
0.26454265
0.27152473
0.2935514
0.35379185
0.52097258
0.89659567
1.5993892
2.4476236
3.3268872
4.1796606
5.0023401
5.8006935
6.5864163
7.3394908
8.0487902
8.6987006
9.2838614
9.8117431
10.275633
10.69302
11.054693
11.381711
11.662738
11.919157
12.136967
12.339533
12.507834
12.669133
12.798279
12.927332
13.025036
13.129271
13.201279
13.286356
13.337053
13.406523
13.43922
13.495284
13.512646
13.556403
13.56169
13.594047
13.588062
13.613589
13.600269
13.590771
0.39119274
0.3899211
0.38863097
0.38726249
0.38587595
0.38440805
0.38292424
0.38135372
0.37976731
0.37808781
0.37639318
0.3745998
0.37279247
0.37088029
0.36895525
0.36691928
0.36487164
0.36270717
0.36053226
0.35823474
0.35592822
0.35349361
0.35105145
0.34847633
0.34589484
0.34317649
0.34045247
0.33758907
0.33471983
0.33171066
0.32869399
0.3255396
0.3223738
0.3190763
0.31576009
0.31232343
0.30885587
0.30528611
0.30166645
0.2979726
0.29419977
0.29039391
0.28647055
0.28257269
0.27850386
0.27455906
0.27037943
0.26649675
0.26238852
0.25900966
0.25584595
0.25500785
0.25697372
0.26549299
0.29222842
0.36721339
0.56690126
1.0137546
1.7517439
2.6096666
3.4637554
4.300653
5.0989452
5.880721
6.6491448
7.3843522
8.0704233
8.7005637
9.2639272
9.7747801
10.221104
10.624903
10.973255
11.289897
11.560176
11.809892
12.019144
12.217859
12.379124
12.538229
12.661244
12.789925
12.881868
12.987244
13.053737
13.14073
13.186427
13.258692
13.286488
13.345636
13.359408
13.405634
13.407362
13.444366
13.437706
13.44118
0.39118824
0.38991805
0.38862473
0.3872587
0.38586936
0.38440473
0.38291788
0.38135132
0.3797616
0.37808689
0.3763886
0.37460086
0.37278932
0.37088379
0.36895395
0.36692573
0.36487261
0.36271709
0.36053595
0.35824887
0.3559351
0.35351266
0.35106202
0.34850107
0.34590964
0.34320775
0.34047206
0.33762775
0.33474476
0.33175765
0.32872481
0.32559584
0.32241103
0.31914271
0.31580424
0.3124009
0.30890737
0.30537548
0.30172561
0.29807427
0.2942667
0.29050791
0.2865409
0.28269131
0.2785643
0.27464615
0.27036579
0.26643244
0.26202615
0.25819941
0.25385465
0.25063452
0.24730857
0.24704649
0.24964152
0.2604171
0.29370638
0.38886786
0.62866614
1.15701
1.9210742
2.7831846
3.6118335
4.4311966
5.2081365
5.9765924
6.7247995
7.4421986
8.1034651
8.7138986
9.2553769
9.7484993
10.177077
10.566417
10.90048
11.207377
11.466301
11.709984
11.909872
12.104796
12.258113
12.415743
12.531469
12.660574
12.745601
12.852533
12.912691
13.002538
13.041914
13.117726
13.140658
13.202338
13.212042
13.26217
13.262512
13.279954
0.39118427
0.38991572
0.38861928
0.38725598
0.38586369
0.38440242
0.38291241
0.38134982
0.37975675
0.37808676
0.37638483
0.37460255
0.37278698
0.37088772
0.36895343
0.36693241
0.36487437
0.36272712
0.3605405
0.35826288
0.35594302
0.35353139
0.35107396
0.34852529
0.34592631
0.34323832
0.34049422
0.33766554
0.33477324
0.33180359
0.32876048
0.32565085
0.32245481
0.31920767
0.3158571
0.31247664
0.30897032
0.30546271
0.30179974
0.29817342
0.29435307
0.29061914
0.28664048
0.28281319
0.27867516
0.2747733
0.27047396
0.2665216
0.26207131
0.25812028
0.25355576
0.24973063
0.24526674
0.24208638
0.23889361
0.23913623
0.24274542
0.2567355
0.29887964
0.42098249
0.70936554
1.3255409
2.1072866
2.9643876
3.7714572
4.5680834
5.3275266
6.083439
6.810189
7.5101476
8.1464269
8.7360658
9.2555578
9.7300117
10.140347
10.516272
10.835546
11.133557
11.380142
11.61796
11.80763
11.999635
12.143824
12.300902
12.408071
12.538188
12.615341
12.72502
12.777262
12.87111
12.904006
12.982811
13.000845
13.065733
13.073478
13.106284
0.39118115
0.38991415
0.38861499
0.38725392
0.38585923
0.38440078
0.3829082
0.38134885
0.37975308
0.37808689
0.37638214
0.37460417
0.37278562
0.37089122
0.36895378
0.36693823
0.36487689
0.36273576
0.36054571
0.35827491
0.35595155
0.35354746
0.35108652
0.34854612
0.34594371
0.34326468
0.34051736
0.33769826
0.33480313
0.33184351
0.32879824
0.32569883
0.32250169
0.31926454
0.31591445
0.31254313
0.30903966
0.30553941
0.30188275
0.29826069
0.29445164
0.29071691
0.28675679
0.28292072
0.27881139
0.27488771
0.27063191
0.26663649
0.26223873
0.25819204
0.25366944
0.24960996
0.24502786
0.24107316
0.23667503
0.23342632
0.23065725
0.23133703
0.23638987
0.25485708
0.30900309
0.46626626
0.82190011
1.513076
2.3112864
3.1453173
3.9366457
4.7115395
5.4544712
6.1983796
6.9040725
7.5841678
8.1964258
8.7641802
9.2617466
9.718855
10.110454
10.473923
10.77715
11.066647
11.300158
11.533173
11.711471
11.901605
12.035296
12.192611
12.290132
12.422714
12.490151
12.604088
12.647875
12.745564
12.772354
12.853816
12.869371
12.91906
0.39117922
0.38991309
0.38861208
0.38725253
0.3858563
0.38439965
0.38290551
0.38134817
0.37975091
0.37808702
0.37638087
0.37460544
0.37278555
0.37089392
0.36895524
0.36694267
0.36488032
0.36274237
0.36055163
0.35828415
0.35596055
0.35355987
0.3510993
0.34856229
0.34596108
0.34328525
0.34054028
0.33772395
0.33483266
0.33187506
0.32883562
0.32573698
0.32254831
0.31931004
0.31597189
0.31259664
0.3091097
0.30560147
0.30196744
0.29833162
0.29455328
0.29079669
0.28687807
0.28300883
0.27895543
0.27498269
0.27080197
0.2667355
0.26243754
0.25828709
0.25388711
0.24966512
0.24518836
0.24092399
0.23645528
0.23226599
0.22810606
0.22469137
0.22253228
0.22378944
0.23079992
0.25540665
0.32737567
0.52886713
0.97978546
1.712417
2.5214218
3.3302393
4.1066048
4.8611436
5.5882234
6.3187787
7.0055971
7.6629611
8.2516311
8.7986538
9.2735752
9.7142123
10.085487
10.437224
10.723848
11.006119
11.225474
11.454841
11.620308
11.80961
11.931588
12.090891
12.176653
12.313574
12.370261
12.488956
12.524966
12.625088
12.648801
12.717068
0.39117842
0.38991256
0.38861061
0.38725163
0.38585485
0.38439896
0.38290435
0.38134777
0.3797502
0.37808717
0.37638095
0.37460639
0.37278669
0.37089585
0.36895776
0.36694588
0.36488457
0.36274714
0.36055805
0.35829085
0.35596969
0.3535689
0.35111179
0.34857411
0.34597767
0.3433004
0.34056183
0.33774299
0.3348602
0.33189861
0.32887031
0.3257657
0.32259152
0.31934458
0.31602517
0.31263766
0.30917482
0.30564955
0.3020464
0.29838723
0.29464837
0.29086012
0.28699186
0.28308011
0.27909077
0.27506153
0.27096187
0.26682112
0.26262494
0.25837795
0.25410281
0.24975405
0.24542343
0.24097746
0.23662702
0.23210535
0.22783855
0.22336415
0.21954685
0.2159066
0.2145875
0.21662617
0.22647212
0.25966084
0.35910573
0.61418271
1.1681186
1.9247036
2.7360372
3.5214201
4.2804153
5.0169004
5.7321246
6.4451598
7.1123596
7.747286
8.3109876
8.8379753
9.2883406
9.7137368
10.064318
10.405853
10.674863
10.95112
11.154806
11.381885
11.533192
11.723775
11.831649
11.995199
12.067689
12.210058
12.256871
12.378149
12.410175
12.498996
0.39117857
0.38991262
0.38861028
0.38725137
0.38585463
0.38439885
0.3829044
0.38134784
0.37975066
0.3780876
0.37638209
0.37460737
0.37278872
0.37089755
0.36896092
0.36694848
0.36488917
0.36275087
0.36056445
0.35829597
0.35597832
0.35357574
0.35112318
0.34858303
0.34599244
0.34331182
0.34058072
0.33775739
0.33488405
0.33191652
0.32890012
0.3257877
0.32262842
0.31937131
0.31607048
0.31266978
0.30923003
0.30568778
0.3021132
0.2984323
0.29472862
0.29091274
0.2870876
0.283141
0.27920417
0.2751314
0.27109515
0.26690066
0.26278023
0.25846778
0.25428189
0.24985384
0.24562587
0.24108238
0.23684267
0.23218208
0.2279753
0.22321503
0.21916701
0.21441899
0.2109912
0.20713579
0.20692559
0.21011164
0.22421229
0.26960946
0.40629787
0.72887247
1.3803074
2.1517071
2.9527866
3.7185997
4.454747
5.1781092
5.8807112
6.5766055
7.2213918
7.8350644
8.3712514
8.8800148
9.305517
9.717372
10.046207
10.378724
10.628632
10.900647
11.087232
11.314574
11.449038
11.64357
11.735377
11.904822
11.964853
12.110313
12.151648
12.263447
0.39117938
0.38991326
0.38861063
0.38725181
0.38585508
0.38439945
0.38290508
0.38134858
0.37975163
0.37808863
0.37638358
0.37460886
0.3727909
0.37089961
0.36896398
0.36695126
0.36489332
0.36275455
0.36056996
0.35830077
0.35598552
0.3535819
0.35113247
0.34859088
0.34600427
0.34332171
0.34059562
0.33776973
0.33490267
0.33193181
0.32892319
0.32580649
0.32265678
0.31939424
0.31610508
0.3126976
0.30927195
0.30572133
0.30216362
0.29847254
0.29478882
0.29096079
0.28715892
0.28319814
0.27928795
0.27519916
0.27119266
0.26698084
0.26289251
0.25856252
0.25440959
0.2499657
0.2457686
0.24121391
0.23699696
0.232333
0.22812608
0.22335416
0.21919787
0.21435657
0.21035797
0.20561931
0.20221796
0.19887978
0.19938621
0.20448956
0.22480103
0.28781684
0.4727271
0.89707227
1.6051468
2.3898579
3.1631596
3.916967
4.6313207
5.3435232
6.0306872
6.7123794
7.3297447
7.9247244
8.4327243
8.9248392
9.324124
9.7235434
10.02929
10.355056
10.584326
10.855158
11.021633
11.252349
11.367604
11.568234
11.644461
11.817822
11.870568
12.008642
0.39118026
0.38991464
0.38861114
0.38725311
0.38585567
0.38440096
0.38290583
0.38135028
0.37975256
0.37809062
0.37638484
0.37461128
0.37279261
0.37090257
0.36896626
0.36695488
0.36489632
0.36275899
0.36057386
0.35830621
0.35599053
0.35358859
0.35113885
0.34859909
0.34601234
0.34333177
0.34060574
0.33778204
0.33491525
0.33194683
0.32893869
0.32582478
0.32267574
0.31941646
0.3161281
0.31272452
0.30929967
0.30575388
0.30219673
0.29851184
0.29482803
0.29100818
0.28720492
0.28325526
0.27934135
0.27526798
0.27125389
0.26706382
0.26296167
0.25866273
0.25448623
0.25008707
0.24585128
0.24136152
0.23708236
0.2325132
0.22820642
0.22357264
0.21925185
0.21457808
0.21025466
0.20562486
0.20137146
0.19701103
0.19341283
0.190957
0.19225051
0.2001444
0.22930386
0.32112542
0.56555063
1.1068292
1.8384007
2.629165
3.375477
4.1172011
4.8094605
5.5157989
6.1822872
6.8508569
7.4386982
8.0157101
8.4937036
8.9702189
9.3421982
9.7319354
10.012912
10.335512
10.54074
10.813994
10.957667
11.194397
11.290367
11.495999
11.562774
11.731588
0.39118086
0.38991659
0.38861139
0.38725509
0.38585595
0.38440324
0.3829062
0.38135281
0.37975297
0.37809347
0.37638541
0.3746146
0.37279342
0.37090645
0.36896737
0.36695943
0.36489782
0.36276436
0.36057586
0.35831257
0.35599316
0.35359615
0.35114226
0.34860811
0.34601671
0.34334256
0.34061129
0.33779496
0.33492221
0.33196232
0.32894734
0.32584337
0.32268637
0.31943878
0.31614104
0.31275132
0.30931525
0.30578607
0.3022153
0.29855051
0.29484992
0.29105466
0.28723041
0.28331116
0.27937063
0.27533528
0.27128699
0.26714494
0.26299836
0.25876066
0.25452588
0.2502055
0.24589266
0.24150501
0.23712343
0.23268718
0.22824398
0.22378259
0.21928082
0.21482467
0.21026239
0.20585297
0.20123052
0.19696176
0.19235555
0.18853754
0.18464003
0.18337704
0.18578331
0.19807415
0.24035813
0.37364521
0.68861802
1.343434
2.0840009
2.8687509
3.5898107
4.3163338
4.9908091
5.6921196
6.3346624
6.9889614
7.5457907
8.1055071
8.5525889
9.0165535
9.3592671
9.7433323
9.9956314
10.31926
10.497521
10.776332
10.896488
11.139238
11.223018
11.42828
0.39118104
0.38991876
0.38861129
0.38725738
0.38585586
0.38440587
0.38290614
0.38135574
0.37975289
0.37809675
0.37638537
0.37461835
0.37279347
0.37091074
0.36896754
0.36696438
0.36489817
0.36277007
0.36057643
0.35831921
0.35599404
0.3536039
0.35114354
0.34861719
0.3460185
0.34335323
0.34061371
0.33780755
0.33492542
0.33197719
0.32895149
0.32586097
0.32269164
0.31945962
0.31614761
0.31277604
0.30932334
0.30581541
0.30222511
0.29858536
0.29486168
0.29109607
0.28724431
0.28336038
0.27938686
0.27539378
0.27130572
0.26721447
0.26301969
0.25884323
0.25454988
0.2503034
0.24591942
0.24162071
0.23715315
0.23282311
0.22827727
0.22394054
0.21931901
0.21500466
0.21030645
0.20604777
0.20127066
0.19711147
0.19225594
0.18830203
0.18344522
0.1800945
0.17609158
0.17623456
0.18044526
0.19937041
0.26059836
0.44857191
0.87542947
1.5906491
2.3363233
3.1016418
3.803845
4.5159558
5.1723816
5.868117
6.4867383
7.1250881
7.6499875
8.1952871
8.6088712
9.0644695
9.3734231
9.756745
9.9772587
10.30552
10.455514
10.740996
10.845175
11.093868
0.39118092
0.38992053
0.38861095
0.3872593
0.38585555
0.38440813
0.38290588
0.38135827
0.37975259
0.3780996
0.3763851
0.37462159
0.37279326
0.37091446
0.36896741
0.36696864
0.36489815
0.36277497
0.36057658
0.35832486
0.3559944
0.35361043
0.35114419
0.34862476
0.34601952
0.34336205
0.34061521
0.33781783
0.33492751
0.33198921
0.32895432
0.32587503
0.32269538
0.31947609
0.31615245
0.31279533
0.3093295
0.30583799
0.30223286
0.29861178
0.29487131
0.29112695
0.2872562
0.2833964
0.27940147
0.2754357
0.2713236
0.26726307
0.26304162
0.25889929
0.25457687
0.25036757
0.24595289
0.24169338
0.23719519
0.23290411
0.22833092
0.22402879
0.21938862
0.21509758
0.21039802
0.20614138
0.20138936
0.19719107
0.19239649
0.18828058
0.1834866
0.17951099
0.17488918
0.17141311
0.16837689
0.16934704
0.17650808
0.20523776
0.29904059
0.55476702
1.104704
1.8470529
2.5885396
3.3329335
4.0158123
4.7166917
5.3574641
6.045046
6.6367429
7.2610993
7.7499822
8.2850671
8.660079
9.1130556
9.3848387
9.7714062
9.9582626
10.293504
10.422071
10.722617
0.39118069
0.38992134
0.38861061
0.38726023
0.38585532
0.38440933
0.38290576
0.38135968
0.37975252
0.37810121
0.37638512
0.37462348
0.37279341
0.37091665
0.36896771
0.36697117
0.36489864
0.3627779
0.3605773
0.35832824
0.35599543
0.35361435
0.3511456
0.34862932
0.34602141
0.34336735
0.34061771
0.33782401
0.33493076
0.3319964
0.32895849
0.3258834
0.32270068
0.31948582
0.31615913
0.31280661
0.30933787
0.30585103
0.30224328
0.29862678
0.29488424
0.29114412
0.28727221
0.28341592
0.27942128
0.27545771
0.27134813
0.2672876
0.26307205
0.25892621
0.25461477
0.2503965
0.24600036
0.24172353
0.23725501
0.2329341
0.22840683
0.22405634
0.21948557
0.21511924
0.21052254
0.20615196
0.2015505
0.19718281
0.19260523
0.18823784
0.18372546
0.17934474
0.17498547
0.17060835
0.16664654
0.16281673
0.16108166
0.16322813
0.17524227
0.2190711
0.36001478
0.71268606
1.3569561
2.1106202
2.8370607
3.5661451
4.2232211
4.9200841
5.541714
6.2232473
6.7808552
7.3963364
7.8432693
8.374395
8.7067256
9.1613514
9.3935133
9.7870782
9.9450402
10.307639
0.39118045
0.38992085
0.38861039
0.38725981
0.38585531
0.38440909
0.38290598
0.38135954
0.37975289
0.37810114
0.37638568
0.37462351
0.3727942
0.37091679
0.36896878
0.36697144
0.36490003
0.36277831
0.36057907
0.35832882
0.35599765
0.35361513
0.35114837
0.34863033
0.34602484
0.34336864
0.34062194
0.33782562
0.33493596
0.33199839
0.32896486
0.32588581
0.32270846
0.31948869
0.3161686
0.31280999
0.30934938
0.30585495
0.30225724
0.29863124
0.29490117
0.2911491
0.28729272
0.28342135
0.27944612
0.27546344
0.27137825
0.26729338
0.2631086
0.25893168
0.2546592
0.25040111
0.24605445
0.24172651
0.23732094
0.23293443
0.22848726
0.22405276
0.21958392
0.21511006
0.21064282
0.20613508
0.20169736
0.19715593
0.19278181
0.18819988
0.18393195
0.1792926
0.1751872
0.17046937
0.16661698
0.1618391
0.15859457
0.15437781
0.15440658
0.15847916
0.17796242
0.24696031
0.45010132
0.92928735
1.6176277
2.3809057
3.0746985
3.7987615
4.4273604
5.1259937
5.7216567
6.4032019
6.9180626
7.5304202
7.9301151
8.4617437
8.7483262
9.2099095
9.4035189
9.8404436
0.3911802
0.38991934
0.38861025
0.38725834
0.38585544
0.38440774
0.38290639
0.38135823
0.37975355
0.37809982
0.37638661
0.3746222
0.37279545
0.37091549
0.36897038
0.36697014
0.36490203
0.36277699
0.36058152
0.35832749
0.35600063
0.35361378
0.35115197
0.34862897
0.34602917
0.34336727
0.34062712
0.33782426
0.33494216
0.33199704
0.32897225
0.32588449
0.32271725
0.31948741
0.31617905
0.31280874
0.30936177
0.30585372
0.30227192
0.29863002
0.29491853
0.29114786
0.28731323
0.28342004
0.27947032
0.27546201
0.27140676
0.26729177
0.26314216
0.25892981
0.25469863
0.25039891
0.24610064
0.24172397
0.23737487
0.23293163
0.22854986
0.22404997
0.21965573
0.21510818
0.21072405
0.20613592
0.20178707
0.19716309
0.19287685
0.18821979
0.18402481
0.17933637
0.17526009
0.17054537
0.16661278
0.16189422
0.15814372
0.15356696
0.15022261
0.1470549
0.14797182
0.15568034
0.187034
0.29657258
0.57567251
1.1886361
1.8813586
2.6500399
3.3082589
4.0305475
4.6297285
5.3383687
5.8969253
6.5816599
7.0476012
7.6610702
8.0097394
8.548825
8.7852313
9.3105357
0.39117984
0.38991737
0.38861004
0.38725639
0.38585551
0.38440588
0.38290677
0.38135639
0.37975416
0.37809795
0.37638748
0.3746203
0.37279661
0.37091356
0.36897185
0.36696816
0.36490385
0.36277497
0.36058373
0.35832541
0.35600328
0.35361165
0.35115511
0.34862679
0.3460329
0.34336507
0.34063153
0.33782205
0.33494734
0.33199485
0.32897833
0.32588235
0.32272436
0.31948536
0.31618734
0.31280684
0.30937141
0.30585203
0.3022831
0.29862863
0.29493144
0.29114685
0.2873281
0.28341955
0.27948737
0.2754622
0.27142621
0.26729286
0.26316417
0.25893211
0.25472328
0.25040292
0.2461279
0.24173039
0.23740446
0.23294154
0.22858112
0.22406506
0.21968735
0.21513095
0.21075356
0.20617026
0.2018106
0.19721492
0.19288902
0.18829743
0.18401816
0.17945177
0.17522496
0.17071444
0.16653098
0.16212367
0.15795012
0.1537365
0.14954628
0.14574646
0.14194265
0.14028281
0.14258801
0.15623649
0.20611347
0.37407337
0.75465267
1.4669535
2.149149
2.9156765
3.539261
4.2603598
4.8277311
5.5503541
6.0659044
6.756051
7.168654
7.7917568
8.0775974
8.7055981
0.39117934
0.38991585
0.38860966
0.38725494
0.38585536
0.38440456
0.38290686
0.38135514
0.37975442
0.37809673
0.37638791
0.37461911
0.37279722
0.3709124
0.36897266
0.36696703
0.36490486
0.36277387
0.36058495
0.35832435
0.35600473
0.35361064
0.35115683
0.34862587
0.34603492
0.34336427
0.34063388
0.33782142
0.33495008
0.33199445
0.32898151
0.32588225
0.32272803
0.31948565
0.31619155
0.31280761
0.3093762
0.30585342
0.30228847
0.29863081
0.2949374
0.29115005
0.28733459
0.28342406
0.2794943
0.27546841
0.27143342
0.26730129
0.26317144
0.25894344
0.25473028
0.250418
0.24613412
0.24175035
0.23740915
0.23296785
0.22858328
0.22409957
0.21968575
0.21517608
0.21074656
0.20622937
0.20179571
0.19729186
0.19286298
0.18839711
0.18397693
0.17957886
0.17516436
0.17087055
0.16645055
0.16230731
0.15785784
0.15392188
0.14941298
0.14576106
0.14119076
0.13810009
0.13402328
0.13418534
0.13885287
0.1619578
0.24227605
0.48579
0.99688214
1.7526998
2.4160633
3.1721286
3.7623374
4.49146
5.022904
5.7616124
6.2275012
6.9327711
7.271089
8.0129416
0.39117884
0.3899153
0.38860923
0.38725452
0.38585509
0.38440432
0.38290673
0.38135505
0.37975439
0.37809674
0.37638794
0.37461922
0.37279732
0.37091262
0.36897281
0.36696736
0.36490505
0.36277432
0.36058517
0.35832494
0.35600497
0.35361141
0.35115709
0.34862685
0.34603519
0.34336551
0.34063416
0.33782299
0.33495035
0.33199644
0.32898176
0.32588476
0.32272824
0.3194888
0.3161917
0.31281157
0.30937626
0.30585836
0.30228842
0.29863696
0.29493717
0.29115767
0.28733413
0.28343346
0.27949351
0.27547995
0.27143215
0.26731542
0.26316947
0.25896068
0.25472733
0.250439
0.24612983
0.24177586
0.2374031
0.23299877
0.22857494
0.22413696
0.21967448
0.21522096
0.21073175
0.20628218
0.20177741
0.19735311
0.19284199
0.18846624
0.18395561
0.17965366
0.17514769
0.17094633
0.16644686
0.16237343
0.1578805
0.15395898
0.14947807
0.14572367
0.1412838
0.13769682
0.13343242
0.13018127
0.12728722
0.12850601
0.13752101
0.17585094
0.30546454
0.67130253
1.2645382
2.0393624
2.6728785
3.4302849
3.9772539
4.7252465
5.2129792
5.9804803
6.3658162
7.223002
0.39117855
0.38991567
0.38860898
0.38725505
0.38585495
0.38440506
0.38290669
0.38135597
0.37975437
0.3780978
0.37638792
0.37462044
0.37279728
0.37091399
0.36897273
0.3669689
0.3649049
0.36277603
0.36058495
0.35832685
0.35600466
0.35361355
0.35115667
0.34862926
0.34603465
0.34336824
0.3406335
0.3378261
0.33494957
0.332
0.32898085
0.32588885
0.32272719
0.31949352
0.31619049
0.31281703
0.30937487
0.3058647
0.30228681
0.2986443
0.29493532
0.29116617
0.28733199
0.2834433
0.27949104
0.27549132
0.27142932
0.26732851
0.26316628
0.2589757
0.25472379
0.25045614
0.24612603
0.24179527
0.23739921
0.23302051
0.2285713
0.22416089
0.21967169
0.21524672
0.21073084
0.20630919
0.20177981
0.19737971
0.19285001
0.18848952
0.18397287
0.17966907
0.17517983
0.17094724
0.16650205
0.1623503
0.15797378
0.15390015
0.1496271
0.14561323
0.14149411
0.13750181
0.13361872
0.12959475
0.12615762
0.12241164
0.12119434
0.12412839
0.14044041
0.20850933
0.40578922
0.91532548
1.5370987
2.3320641
2.9156454
3.6910495
4.1822652
4.9708598
5.3818764
6.3358164
0.39117858
0.3899165
0.38860905
0.38725606
0.38585512
0.38440628
0.38290695
0.38135737
0.37975468
0.37809934
0.37638823
0.37462211
0.37279759
0.37091579
0.36897301
0.36697083
0.36490515
0.3627781
0.36058513
0.35832905
0.35600478
0.3536159
0.35115671
0.34863178
0.34603461
0.34337096
0.34063339
0.33782905
0.33494939
0.33200321
0.32898061
0.32589237
0.32272691
0.31949739
0.31619018
0.3128213
0.30937457
0.30586941
0.30228656
0.2986495
0.29493516
0.29117191
0.28733199
0.28344962
0.27949128
0.27549824
0.27142992
0.26733601
0.26316739
0.25898373
0.25472565
0.25046456
0.24612895
0.24180385
0.23740365
0.23302883
0.2285779
0.22416834
0.21968135
0.21525242
0.2107448
0.20631183
0.20179983
0.19737778
0.1928786
0.18848124
0.18401334
0.17965227
0.17523582
0.17091912
0.16657773
0.16230762
0.15806863
0.15384256
0.14973939
0.14554554
0.14161808
0.1374359
0.13372985
0.129533
0.12610564
0.12190013
0.11894148
0.11531036
0.11572151
0.12227673
0.15127894
0.26698075
0.54663227
1.2040417
1.8041707
2.6292925
3.1459102
3.9558541
4.3700499
5.3709892
0.39117887
0.3899172
0.38860943
0.38725689
0.38585562
0.3844073
0.38290759
0.38135854
0.3797554
0.37810062
0.37638901
0.37462349
0.37279841
0.37091726
0.36897387
0.36697237
0.36490602
0.36277969
0.36058602
0.3583307
0.35600566
0.35361759
0.35115761
0.34863352
0.34603553
0.34337274
0.34063433
0.33783088
0.33495039
0.33200511
0.3289817
0.32589433
0.32272812
0.31949942
0.31619157
0.3128234
0.30937618
0.30587157
0.30228847
0.2986517
0.29493746
0.29117413
0.28733478
0.28345179
0.27949471
0.2755003
0.27143417
0.26733787
0.26317268
0.25898527
0.25473225
0.25046562
0.2461372
0.24180423
0.23741394
0.23302832
0.22859072
0.22416665
0.21969727
0.21524919
0.21076445
0.20630669
0.20182387
0.19737035
0.19290737
0.18847133
0.1840467
0.17964032
0.17527319
0.17090687
0.16661699
0.16229916
0.15810645
0.15384345
0.14976839
0.14556472
0.14162438
0.13748863
0.13369149
0.12964851
0.12597786
0.12207629
0.11849428
0.11487658
0.11150654
0.10938049
0.11114696
0.12421864
0.17412062
0.3673698
0.73207612
1.5200607
2.0667548
2.9237184
3.3553971
4.37596
0.39117928
0.38991751
0.38860995
0.38725733
0.38585631
0.38440787
0.38290844
0.38135923
0.37975639
0.3781014
0.37639011
0.37462432
0.3727996
0.37091813
0.36897514
0.36697326
0.36490737
0.36278059
0.36058744
0.35833159
0.35600716
0.35361846
0.35115919
0.34863436
0.3460372
0.34337355
0.34063612
0.33783166
0.33495231
0.33200585
0.32898379
0.32589503
0.32273042
0.31950008
0.31619411
0.31282401
0.30937902
0.30587214
0.30229167
0.29865221
0.29494107
0.29117457
0.28733888
0.28345216
0.27949937
0.27550057
0.27143947
0.26733804
0.26317872
0.25898532
0.2547391
0.25046556
0.24614496
0.24180407
0.23742269
0.23302809
0.2286005
0.22416645
0.21970804
0.21524923
0.21077609
0.20630737
0.20183599
0.19737235
0.19291931
0.18847571
0.18405726
0.1796487
0.17528023
0.1709218
0.16661723
0.16232443
0.1580954
0.15388625
0.14973834
0.14563533
0.14156662
0.13760067
0.13359507
0.1298088
0.12583389
0.12228994
0.11828604
0.11507947
0.11095359
0.1083237
0.10427577
0.10430141
0.10844645
0.13355779
0.21654381
0.54311769
0.96748812
1.8416103
2.3066467
3.3773938
0.39117967
0.38991768
0.38861047
0.38725761
0.38585699
0.3844083
0.38290929
0.38135977
0.37975738
0.37810202
0.37639121
0.374625
0.37280081
0.37091885
0.36897643
0.366974
0.36490874
0.36278134
0.36058887
0.35833233
0.35600865
0.35361918
0.35116073
0.34863504
0.34603881
0.34337421
0.3406378
0.33783229
0.33495407
0.33200646
0.32898565
0.32589564
0.3227324
0.3195007
0.31619623
0.31282465
0.3093813
0.3058728
0.30229412
0.29865294
0.29494372
0.29117537
0.28734174
0.28345308
0.27950244
0.27550165
0.27144274
0.26733934
0.26318215
0.25898693
0.25474265
0.2504676
0.24614851
0.24180672
0.23742611
0.23303159
0.22860358
0.22417111
0.21971048
0.21525546
0.21077746
0.20631573
0.20183579
0.19738358
0.19291689
0.18849102
0.18405177
0.17966957
0.17527054
0.17095005
0.16660192
0.16236217
0.15807264
0.15393369
0.14970795
0.14569182
0.14153017
0.13766227
0.13355909
0.12986822
0.125812
0.1223285
0.11830485
0.11505208
0.11106457
0.10802938
0.10417506
0.10138585
0.098490448
0.09971656
0.10853532
0.15919126
0.29471315
0.77953224
1.2298509
2.3393594
0.39118008
0.38991803
0.38861099
0.38725808
0.38585766
0.38440891
0.38291011
0.38136051
0.37975833
0.37810286
0.37639225
0.37462592
0.37280192
0.37091982
0.36897761
0.36697502
0.36490995
0.36278238
0.36059011
0.35833338
0.3560099
0.35362024
0.35116198
0.34863612
0.34604005
0.3433753
0.34063904
0.3378334
0.33495531
0.3320076
0.32898688
0.32589683
0.32273363
0.31950196
0.31619746
0.31282601
0.30938252
0.30587429
0.30229533
0.2986546
0.29494491
0.29117726
0.28734287
0.28345524
0.2795035
0.27550417
0.27144367
0.26734231
0.2631829
0.25899046
0.25474314
0.25047184
0.24614866
0.24181184
0.2374258
0.23303778
0.22860267
0.22417861
0.21970887
0.21526449
0.21077503
0.20632649
0.20183249
0.19739621
0.19291271
0.18850537
0.18404689
0.17968551
0.1752653
0.17096718
0.16659708
0.16237952
0.15806993
0.15394988
0.14971002
0.14570318
0.14154148
0.13766196
0.13358699
0.12984594
0.12587152
0.12226698
0.11841829
0.11492876
0.1112527
0.10783482
0.10439475
0.10098028
0.097921424
0.094645662
0.093409974
0.097174381
0.11486081
0.20796194
0.41798484
1.2752135
0.39118063
0.38991866
0.38861164
0.38725884
0.38585845
0.38440981
0.38291103
0.38136155
0.37975936
0.37810401
0.37639337
0.37462716
0.37280311
0.37092113
0.36897883
0.36697638
0.3649112
0.36278377
0.36059136
0.3583348
0.35601113
0.35362167
0.35116319
0.34863755
0.34604122
0.34337673
0.34064017
0.33783485
0.3349564
0.33200908
0.32898792
0.32589834
0.32273463
0.31950352
0.31619841
0.31282764
0.30938343
0.30587602
0.30229619
0.29865644
0.29494572
0.29117925
0.28734363
0.28345741
0.27950419
0.27550657
0.27144429
0.26734498
0.26318342
0.25899347
0.25474354
0.25047526
0.24614892
0.24181574
0.23742591
0.23304221
0.22860268
0.22418356
0.21970886
0.21526989
0.21077522
0.20633212
0.20183322
0.19740169
0.1929145
0.18851021
0.18405036
0.17968899
0.17527122
0.17096835
0.16660644
0.16237716
0.15808446
0.15394205
0.14973266
0.14568693
0.14157645
0.13763399
0.13363924
0.12980273
0.12594107
0.12220844
0.1185025
0.11486125
0.11134161
0.10777113
0.10447181
0.10094538
0.097902869
0.094407213
0.091729109
0.088668737
0.089191897
0.097716173
0.13239933
0.48944382
0.39118138
0.38991944
0.3886125
0.38725974
0.38585944
0.38441085
0.38291216
0.38136272
0.37976061
0.37810528
0.37639472
0.37462851
0.37280452
0.37092254
0.3689803
0.36697782
0.3649127
0.36278523
0.36059288
0.35833625
0.35601265
0.35362311
0.3511647
0.34863896
0.34604272
0.3433781
0.34064164
0.33783617
0.33495785
0.33201035
0.32898937
0.32589957
0.32273606
0.3195047
0.31619986
0.31282877
0.30938489
0.30587711
0.30229769
0.29865749
0.29494726
0.29118026
0.28734523
0.2834584
0.27950586
0.27550753
0.27144604
0.26734594
0.26318526
0.25899443
0.25474549
0.25047623
0.24615101
0.24181673
0.23742821
0.23304318
0.2286053
0.22418442
0.21971199
0.21527043
0.21077917
0.20633204
0.20183842
0.19740059
0.19292156
0.18850762
0.18405993
0.17968449
0.17528382
0.17096175
0.16662239
0.16236833
0.15810362
0.15393109
0.14975472
0.14567412
0.14160095
0.13761994
0.13366454
0.12979021
0.12596393
0.12220337
0.11851522
0.11487291
0.11133178
0.10781466
0.10441815
0.1010508
0.097767318
0.094604777
0.091367169
0.08853184
0.085351064
0.083929464
0.086297963
0.16314076
0.39118225
0.38992019
0.3886135
0.3872606
0.38586058
0.38441183
0.38291345
0.38136381
0.37976203
0.37810647
0.37639626
0.37462976
0.37280616
0.37092383
0.36898202
0.36697913
0.36491448
0.36278653
0.36059469
0.35833751
0.3560145
0.35362431
0.35116656
0.34864008
0.3460446
0.34337914
0.34064354
0.3378371
0.33495978
0.33201116
0.32899133
0.32590025
0.32273808
0.31950524
0.31620194
0.31282916
0.30938706
0.30587734
0.30229996
0.29865755
0.29494966
0.29118013
0.28734779
0.28345808
0.27950861
0.27550703
0.27144901
0.26734526
0.26318848
0.25899359
0.25474899
0.25047525
0.24615482
0.24181561
0.23743239
0.23304194
0.22860994
0.224183
0.21971723
0.21526872
0.21078523
0.20632984
0.20184558
0.19739763
0.19292998
0.18850374
0.18406962
0.17967975
0.17529452
0.17095661
0.16663341
0.16236373
0.15811414
0.1539281
0.14976397
0.14567366
0.14160811
0.13762307
0.13366781
0.12979924
0.12595945
0.12222363
0.11849657
0.11491243
0.11129288
0.10787919
0.10435571
0.10114055
0.097683304
0.094713184
0.09127616
0.088605181
0.085137638
0.082869305
0.079606593
0.088579381
0.39118316
0.38992087
0.38861453
0.38726138
0.38586176
0.38441272
0.38291479
0.38136481
0.37976352
0.37810755
0.37639787
0.3746309
0.37280789
0.37092501
0.36898384
0.36698031
0.36491637
0.36278769
0.36059664
0.35833863
0.35601649
0.35362535
0.3511686
0.34864103
0.34604666
0.34337997
0.34064565
0.3378378
0.33496192
0.33201171
0.32899353
0.32590062
0.32274034
0.31950543
0.31620429
0.31282915
0.30938952
0.30587711
0.30230255
0.29865709
0.29495242
0.29117944
0.28735073
0.28345714
0.27951175
0.27550584
0.27145237
0.26734382
0.26319207
0.25899194
0.25475282
0.25047341
0.24615892
0.24181362
0.23743677
0.23303981
0.22861465
0.22418074
0.21972237
0.21526627
0.21079091
0.20632711
0.20185193
0.19739455
0.1929371
0.18850029
0.18407745
0.17967613
0.17530269
0.17095328
0.16664134
0.16236129
0.1581213
0.15392695
0.14977027
0.14567363
0.14161402
0.13762361
0.13367404
0.12979991
0.12596601
0.12222411
0.11850401
0.11491103
0.11130462
0.1078704
0.10437964
0.1011152
0.097731589
0.094656556
0.091367499
0.088493738
0.085295211
0.082631609
0.079513568
0.077231254
0.39118406
0.38992156
0.38861556
0.38726218
0.38586293
0.38441363
0.38291611
0.38136583
0.37976498
0.37810866
0.37639946
0.37463207
0.37280959
0.37092622
0.36898563
0.36698154
0.36491824
0.3627889
0.36059857
0.3583398
0.35601846
0.35362645
0.3511706
0.34864204
0.34604869
0.34338086
0.3406477
0.33783856
0.334964
0.33201232
0.32899565
0.32590106
0.32274251
0.31950569
0.31620653
0.31282921
0.30939184
0.30587695
0.30230499
0.29865669
0.29495499
0.29117879
0.28735346
0.28345623
0.27951466
0.27550467
0.2714555
0.26734239
0.26319544
0.25899025
0.25475646
0.25047146
0.24616287
0.24181143
0.23744107
0.23303737
0.22861938
0.22417801
0.21972762
0.21526318
0.21079683
0.20632354
0.20185867
0.19739036
0.19294482
0.18849538
0.18408616
0.17967053
0.1753123
0.17094714
0.16665166
0.16235476
0.15813243
0.15391966
0.14978326
0.14566417
0.14163107
0.13760931
0.13369813
0.12977765
0.12600035
0.12219038
0.11855319
0.1148597
0.11137766
0.10778894
0.10449245
0.10098475
0.09790635
0.09445097
0.091637315
0.088169718
0.085717213
0.082110891
0.080183114
0.075758995
0.39118499
0.38992237
0.38861661
0.38726309
0.38586411
0.38441466
0.38291744
0.38136696
0.37976645
0.37810989
0.37640105
0.37463338
0.37281128
0.37092758
0.36898741
0.36698292
0.36492008
0.36279029
0.36060046
0.35834115
0.35602038
0.35362775
0.35117254
0.34864326
0.34605064
0.34338198
0.34064965
0.33783956
0.33496597
0.33201318
0.32899762
0.32590178
0.32274451
0.31950623
0.31620857
0.31282956
0.30939395
0.30587709
0.30230717
0.29865661
0.29495729
0.29117847
0.2873559
0.28345564
0.27951729
0.27550378
0.27145835
0.26734119
0.26319857
0.2589887
0.25475992
0.25046954
0.24616673
0.24180909
0.23744542
0.23303456
0.22862433
0.22417465
0.21973333
0.21525914
0.21080347
0.20631864
0.20186646
0.19738439
0.19295398
0.18848813
0.18409691
0.17966177
0.17532488
0.17093657
0.16666648
0.16234179
0.15815035
0.15390311
0.14980584
0.14564209
0.14166068
0.13757915
0.13373726
0.12973707
0.12605111
0.1221375
0.11861764
0.11479213
0.11145896
0.10770335
0.10459366
0.10087967
0.098026272
0.094331364
0.091766288
0.0880526
0.085825934
0.082047048
0.080193842
0.075671008
0.39118599
0.38992332
0.38861772
0.38726415
0.38586535
0.38441583
0.3829188
0.38136825
0.37976794
0.37811128
0.37640266
0.37463486
0.37281299
0.37092912
0.3689892
0.3669845
0.36492194
0.36279188
0.36060236
0.35834273
0.3560223
0.35362929
0.35117446
0.34864473
0.34605256
0.34338337
0.34065156
0.33784084
0.33496786
0.33201434
0.32899951
0.3259028
0.3227464
0.31950711
0.31621047
0.31283027
0.30939587
0.30587762
0.30230914
0.29865693
0.29495933
0.29117855
0.28735805
0.28345547
0.27951959
0.27550333
0.27146084
0.26734043
0.2632013
0.25898759
0.25476297
0.25046804
0.24617016
0.24180714
0.23744934
0.23303209
0.22862884
0.22417156
0.21973857
0.21525532
0.21080958
0.20631397
0.20187361
0.19737872
0.19296234
0.18848128
0.18410667
0.17965354
0.17533627
0.17092669
0.16667986
0.16232979
0.15816632
0.15388828
0.14982526
0.14562353
0.14168444
0.13755611
0.13376598
0.12970929
0.12608461
0.12210544
0.11865533
0.11475649
0.11150014
0.10766524
0.10463649
0.1008422
0.09806631
0.09430028
0.091797132
0.088034728
0.085840984
0.082047296
0.080195039
0.075664438
0.39118707
0.38992441
0.38861891
0.38726534
0.38586666
0.38441714
0.38292024
0.38136968
0.3797695
0.37811281
0.37640434
0.37463648
0.37281476
0.37093082
0.36899105
0.36698624
0.36492384
0.36279364
0.36060429
0.35834449
0.35602425
0.35363102
0.35117641
0.34864641
0.34605449
0.34338498
0.34065346
0.33784237
0.33496973
0.33201577
0.32900135
0.32590411
0.32274821
0.31950829
0.31621225
0.31283131
0.30939764
0.3058785
0.30231092
0.29865765
0.29496112
0.29117909
0.28735989
0.28345581
0.27952149
0.27550346
0.27146285
0.26734031
0.26320346
0.2589872
0.25476532
0.25046734
0.24617277
0.2418061
0.23745226
0.23303066
0.22863214
0.2241697
0.21974232
0.21525298
0.21081387
0.20631109
0.20187851
0.19737523
0.19296792
0.18847713
0.18411302
0.17964867
0.17534347
0.17092097
0.16668807
0.16232306
0.15817574
0.15388033
0.14983615
0.14561418
0.14169691
0.13754542
0.13377979
0.12969771
0.12609914
0.1220937
0.11866988
0.11474528
0.11151409
0.1076553
0.10464889
0.10083483
0.098075777
0.094296698
0.091803085
0.088034902
0.085844093
0.082049844
0.080197509
0.075665991
0.39118824
0.3899256
0.38862017
0.38726664
0.38586804
0.38441855
0.38292174
0.38137121
0.37977113
0.37811445
0.37640607
0.37463822
0.37281659
0.37093263
0.36899295
0.36698811
0.3649258
0.36279554
0.36060628
0.3583464
0.35602625
0.35363291
0.3511784
0.34864827
0.34605645
0.34338678
0.34065539
0.33784409
0.33497161
0.33201741
0.32900317
0.32590565
0.32274997
0.31950972
0.31621396
0.31283262
0.3093993
0.30587969
0.30231254
0.29865871
0.29496271
0.29118001
0.28736146
0.28345659
0.27952306
0.27550407
0.27146442
0.26734076
0.26320506
0.25898748
0.25476698
0.25046744
0.24617452
0.241806
0.23745414
0.23303034
0.22863417
0.22416915
0.21974455
0.21525219
0.21081631
0.20631005
0.20188119
0.19737394
0.19297086
0.1884756
0.18411622
0.17964688
0.17534696
0.17091892
0.16669188
0.16232073
0.15817994
0.15387768
0.14984075
0.14561124
0.14170185
0.13754235
0.13378485
0.12969482
0.126104
0.12209129
0.11867432
0.11474351
0.11151805
0.10765429
0.10465223
0.1008348
0.098078342
0.094297652
0.09180503
0.088036475
0.085845845
0.082051797
0.080199512
0.075668036
0.39118948
0.38992688
0.38862152
0.38726802
0.3858695
0.38442005
0.38292332
0.38137282
0.37977281
0.37811618
0.37640787
0.37464005
0.37281848
0.37093454
0.36899492
0.36699008
0.36492782
0.36279755
0.36060833
0.35834842
0.35602831
0.35363493
0.35118045
0.34865025
0.34605847
0.34338871
0.34065736
0.33784596
0.33497352
0.3320192
0.32900502
0.32590736
0.32275175
0.31951132
0.31621566
0.31283413
0.30940092
0.30588109
0.30231408
0.29866
0.29496419
0.29118119
0.28736287
0.28345765
0.27952442
0.27550502
0.27146574
0.26734159
0.26320635
0.25898818
0.25476825
0.25046802
0.24617577
0.24180646
0.23745538
0.23303069
0.22863543
0.22416939
0.21974583
0.21525233
0.21081763
0.20631009
0.20188256
0.19737389
0.19297228
0.18847547
0.1841177
0.1796467
0.1753485
0.17091869
0.16669349
0.16232045
0.15818163
0.15387736
0.14984252
0.14561091
0.14170367
0.1375421
0.13378664
0.12969475
0.12610568
0.12209147
0.11867586
0.11474393
0.11151949
0.10765494
0.10465355
0.10083572
0.09807952
0.094298845
0.091806278
0.088037821
0.085847241
0.082053272
0.080201035
0.07566965
0.39119079
0.38992824
0.38862293
0.38726949
0.38587102
0.38442163
0.38292496
0.38137451
0.37977457
0.37811798
0.37640973
0.37464195
0.37282044
0.37093653
0.36899695
0.36699214
0.36492991
0.36279965
0.36061046
0.35835054
0.35603044
0.35363704
0.35118256
0.34865234
0.34606056
0.34339076
0.34065939
0.33784794
0.33497549
0.3320211
0.32900691
0.32590918
0.32275356
0.31951306
0.31621739
0.31283576
0.30940256
0.30588263
0.30231563
0.29866143
0.29496564
0.29118252
0.28736424
0.28345887
0.27952569
0.27550614
0.27146694
0.26734261
0.26320747
0.25898911
0.25476931
0.25046886
0.24617677
0.24180721
0.23745634
0.23303136
0.22863635
0.22416997
0.21974672
0.21525283
0.2108185
0.20631052
0.2018834
0.19737428
0.1929731
0.18847583
0.1841185
0.17964703
0.17534929
0.17091901
0.16669428
0.16232076
0.15818242
0.15387767
0.14984333
0.14561124
0.14170448
0.13754248
0.13378743
0.12969521
0.12610643
0.12209204
0.11867661
0.11474461
0.11152027
0.10765571
0.10465439
0.10083659
0.098080429
0.094299804
0.091807264
0.088038854
0.085848318
0.082054405
0.080202204
0.075670881
0.39119219
0.38992969
0.38862443
0.38727103
0.38587262
0.38442328
0.38292667
0.38137628
0.37977639
0.37811986
0.37641165
0.37464392
0.37282246
0.37093859
0.36899905
0.36699427
0.36493206
0.36280183
0.36061265
0.35835274
0.35603265
0.35363924
0.35118476
0.34865452
0.34606272
0.34339289
0.34066151
0.33785002
0.33497754
0.33202311
0.32900888
0.3259111
0.32275544
0.31951488
0.31621917
0.31283749
0.30940425
0.30588425
0.30231722
0.29866295
0.29496712
0.29118393
0.28736562
0.28346018
0.27952698
0.27550735
0.27146812
0.26734372
0.26320857
0.25899012
0.25477031
0.25046978
0.2461777
0.24180804
0.23745719
0.23303212
0.22863713
0.22417066
0.21974744
0.21525346
0.21081917
0.20631111
0.20188402
0.19737482
0.19297369
0.18847633
0.18411905
0.17964751
0.17534982
0.17091947
0.16669479
0.16232121
0.15818293
0.15387812
0.14984384
0.1456117
0.14170499
0.13754296
0.13378794
0.12969572
0.12610696
0.12209258
0.11867716
0.11474518
0.11152086
0.10765631
0.10465502
0.10083725
0.09808111
0.094300521
0.091808008
0.088039634
0.085849131
0.08205526
0.080203087
0.075671802
0.39119367
0.38993121
0.388626
0.38727266
0.38587429
0.38442501
0.38292845
0.38137812
0.37977828
0.3781218
0.37641365
0.37464597
0.37282455
0.37094072
0.36900122
0.36699647
0.3649343
0.36280408
0.36061492
0.35835502
0.35603494
0.35364153
0.35118704
0.34865678
0.34606497
0.34339512
0.34066371
0.33785219
0.33497967
0.3320252
0.32901094
0.3259131
0.3227574
0.31951679
0.31622104
0.3128393
0.30940601
0.30588595
0.30231887
0.29866454
0.29496866
0.29118542
0.28736705
0.28346156
0.2795283
0.27550861
0.27146934
0.26734488
0.26320968
0.25899118
0.25477133
0.25047074
0.24617862
0.24180891
0.23745802
0.2330329
0.22863789
0.22417137
0.21974812
0.2152541
0.21081979
0.20631169
0.20188459
0.19737535
0.1929742
0.18847682
0.18411953
0.17964796
0.17535026
0.17091989
0.16669521
0.1623216
0.15818332
0.1538785
0.14984422
0.14561208
0.14170537
0.13754334
0.13378833
0.12969611
0.12610736
0.12209299
0.11867758
0.11474561
0.1115213
0.10765677
0.10465549
0.10083774
0.098081618
0.094301052
0.091808561
0.088040213
0.085849736
0.082055896
0.080203743
0.075672478
0.39119522
0.38993281
0.38862765
0.38727436
0.38587605
0.38442681
0.3829303
0.38138003
0.37978024
0.37812382
0.37641572
0.37464808
0.37282671
0.37094292
0.36900347
0.36699875
0.3649366
0.36280641
0.36061727
0.35835738
0.3560373
0.35364389
0.3511894
0.34865914
0.3460673
0.34339743
0.34066599
0.33785445
0.3349819
0.33202738
0.32901308
0.3259152
0.32275945
0.31951879
0.31622298
0.31284119
0.30940784
0.30588773
0.30232059
0.29866621
0.29497027
0.29118696
0.28736853
0.28346298
0.27952967
0.27550992
0.27147059
0.26734608
0.26321082
0.25899227
0.25477236
0.25047172
0.24617955
0.2418098
0.23745887
0.2330337
0.22863864
0.22417208
0.2197488
0.21525474
0.21082039
0.20631225
0.20188512
0.19737586
0.19297468
0.18847727
0.18411996
0.17964837
0.17535065
0.17092026
0.16669557
0.16232195
0.15818366
0.15387882
0.14984454
0.14561239
0.14170567
0.13754364
0.13378862
0.12969641
0.12610766
0.12209329
0.11867789
0.11474592
0.11152162
0.1076571
0.10465584
0.1008381
0.098081988
0.094301438
0.091808963
0.088040634
0.085850178
0.08205636
0.080204221
0.075672963
0.39119686
0.38993449
0.38862937
0.38727613
0.38587787
0.38442869
0.38293223
0.38138201
0.37978228
0.3781259
0.37641785
0.37465027
0.37282894
0.3709452
0.36900578
0.36700109
0.36493898
0.36280881
0.36061969
0.35835982
0.35603975
0.35364634
0.35119184
0.34866157
0.34606972
0.34339983
0.34066837
0.33785679
0.3349842
0.33202965
0.3290153
0.32591738
0.32276158
0.31952087
0.31622501
0.31284316
0.30940975
0.30588959
0.30232238
0.29866794
0.29497194
0.29118857
0.28737008
0.28346447
0.27953109
0.27551129
0.27147189
0.26734731
0.263212
0.25899339
0.25477343
0.25047273
0.24618051
0.2418107
0.23745972
0.2330345
0.2286394
0.2241728
0.21974947
0.21525537
0.21082098
0.20631281
0.20188564
0.19737634
0.19297513
0.1884777
0.18412035
0.17964874
0.175351
0.17092059
0.16669588
0.16232224
0.15818393
0.15387909
0.14984479
0.14561263
0.14170591
0.13754387
0.13378885
0.12969663
0.12610788
0.12209351
0.11867811
0.11474615
0.11152185
0.10765734
0.10465608
0.10083835
0.098082246
0.094301707
0.091809245
0.088040929
0.085850488
0.082056686
0.080204557
0.075673295
0.39119858
0.38993626
0.38863118
0.38727799
0.38587978
0.38443065
0.38293424
0.38138407
0.37978439
0.37812806
0.37642006
0.37465252
0.37283124
0.37094754
0.36900816
0.36700351
0.36494143
0.36281129
0.36062219
0.35836233
0.35604227
0.35364887
0.35119437
0.34866409
0.34607223
0.34340232
0.34067083
0.33785922
0.3349866
0.33203201
0.32901762
0.32591965
0.3227638
0.31952304
0.31622712
0.31284521
0.30941175
0.30589152
0.30232425
0.29866974
0.29497368
0.29119024
0.28737169
0.28346601
0.27953257
0.2755127
0.27147324
0.2673486
0.26321322
0.25899455
0.25477453
0.25047377
0.24618149
0.24181163
0.23746059
0.23303532
0.22864017
0.22417351
0.21975014
0.21525599
0.21082156
0.20631335
0.20188614
0.19737681
0.19297556
0.1884781
0.18412072
0.17964908
0.17535132
0.17092088
0.16669615
0.16232249
0.15818417
0.1538793
0.14984499
0.14561282
0.14170608
0.13754404
0.13378901
0.12969678
0.12610803
0.12209366
0.11867825
0.11474629
0.11152199
0.10765749
0.10465623
0.1008385
0.098082411
0.094301879
0.091809426
0.08804112
0.085850691
0.082056901
0.080204779
0.075673505
0.39120038
0.3899381
0.38863307
0.38727992
0.38588176
0.38443268
0.38293632
0.3813862
0.37978657
0.37813029
0.37642234
0.37465485
0.37283362
0.37094996
0.36901062
0.36700601
0.36494395
0.36281384
0.36062476
0.35836492
0.35604487
0.35365148
0.35119698
0.34866669
0.34607482
0.34340489
0.34067338
0.33786174
0.33498909
0.33203446
0.32902002
0.32592201
0.32276611
0.31952529
0.31622931
0.31284735
0.30941382
0.30589353
0.30232619
0.29867162
0.29497549
0.29119199
0.28737336
0.28346761
0.2795341
0.27551416
0.27147463
0.26734993
0.26321449
0.25899574
0.25477566
0.25047484
0.2461825
0.24181257
0.23746148
0.23303615
0.22864094
0.22417423
0.21975081
0.21525662
0.21082214
0.20631388
0.20188664
0.19737726
0.19297598
0.18847848
0.18412107
0.1796494
0.17535161
0.17092114
0.16669639
0.1623227
0.15818436
0.15387948
0.14984515
0.14561296
0.14170621
0.13754416
0.13378911
0.12969688
0.12610812
0.12209374
0.11867833
0.11474637
0.11152207
0.10765756
0.10465631
0.10083859
0.098082498
0.094301969
0.091809524
0.088041224
0.085850804
0.082057023
0.080204906
0.075673613
0.39120226
0.38994003
0.38863504
0.38728194
0.38588382
0.38443479
0.38293848
0.3813884
0.37978882
0.3781326
0.37642469
0.37465725
0.37283606
0.37095244
0.36901314
0.36700857
0.36494655
0.36281646
0.36062741
0.35836759
0.35604755
0.35365416
0.35119966
0.34866937
0.34607749
0.34340754
0.34067601
0.33786435
0.33499166
0.33203699
0.32902251
0.32592445
0.3227685
0.31952763
0.31623159
0.31284957
0.30941598
0.30589562
0.30232822
0.29867357
0.29497737
0.2911938
0.2873751
0.28346928
0.27953569
0.27551568
0.27147608
0.2673513
0.26321579
0.25899697
0.25477682
0.25047593
0.24618353
0.24181354
0.23746238
0.23303699
0.22864173
0.22417496
0.21975149
0.21525724
0.21082271
0.20631441
0.20188712
0.1973777
0.19297638
0.18847884
0.1841214
0.17964969
0.17535187
0.17092137
0.16669659
0.16232288
0.15818452
0.15387961
0.14984526
0.14561306
0.14170629
0.13754423
0.13378917
0.12969693
0.12610816
0.12209377
0.11867836
0.11474639
0.11152209
0.10765758
0.10465632
0.1008386
0.098082515
0.094301987
0.091809546
0.088041252
0.085850838
0.082057064
0.080204949
0.075673632
0.39120423
0.38994204
0.38863709
0.38728404
0.38588596
0.38443698
0.38294071
0.38139069
0.37979115
0.37813497
0.37642712
0.37465972
0.37283857
0.370955
0.36901574
0.3670112
0.36494922
0.36281916
0.36063013
0.35837033
0.35605031
0.35365693
0.35120243
0.34867214
0.34608024
0.34341028
0.34067873
0.33786704
0.33499432
0.33203962
0.3290251
0.32592699
0.32277099
0.31953006
0.31623396
0.31285188
0.30941822
0.30589779
0.30233032
0.2986756
0.29497933
0.29119568
0.2873769
0.283471
0.27953734
0.27551725
0.27147758
0.26735272
0.26321713
0.25899825
0.25477802
0.25047706
0.24618459
0.24181453
0.23746331
0.23303785
0.22864253
0.2241757
0.21975217
0.21525786
0.21082328
0.20631493
0.20188759
0.19737813
0.19297676
0.18847919
0.1841217
0.17964996
0.17535211
0.17092158
0.16669677
0.16232303
0.15818464
0.15387971
0.14984534
0.14561312
0.14170633
0.13754426
0.13378918
0.12969693
0.12610815
0.12209375
0.11867833
0.11474636
0.11152205
0.10765754
0.10465628
0.10083856
0.098082475
0.094301948
0.091809511
0.08804122
0.085850812
0.082057042
0.080204929
0.075673586
0.39120629
0.38994413
0.38863923
0.38728621
0.38588819
0.38443924
0.38294303
0.38139305
0.37979356
0.37813743
0.37642962
0.37466227
0.37284116
0.37095763
0.36901841
0.36701391
0.36495196
0.36282193
0.36063293
0.35837315
0.35605314
0.35365977
0.35120528
0.34867499
0.34608309
0.34341311
0.34068154
0.33786982
0.33499707
0.33204233
0.32902777
0.32592961
0.32277356
0.31953257
0.31623642
0.31285427
0.30942054
0.30590005
0.3023325
0.29867771
0.29498136
0.29119763
0.28737877
0.2834728
0.27953905
0.27551888
0.27147913
0.26735419
0.26321852
0.25899956
0.25477926
0.25047822
0.24618567
0.24181554
0.23746425
0.23303872
0.22864334
0.22417645
0.21975285
0.21525849
0.21082385
0.20631545
0.20188805
0.19737855
0.19297713
0.18847951
0.18412199
0.17965021
0.17535232
0.17092175
0.16669691
0.16232314
0.15818473
0.15387977
0.14984538
0.14561314
0.14170633
0.13754424
0.13378915
0.12969688
0.12610809
0.12209368
0.11867826
0.11474627
0.11152196
0.10765745
0.10465618
0.10083846
0.098082378
0.094301849
0.091809415
0.088041126
0.085850723
0.082056957
0.080204846
0.075673474
0.39120843
0.38994631
0.38864145
0.38728848
0.38589049
0.38444159
0.38294542
0.38139549
0.37979605
0.37813996
0.37643219
0.37466489
0.37284383
0.37096034
0.36902116
0.3670167
0.36495478
0.36282478
0.3606358
0.35837604
0.35605605
0.3536627
0.35120821
0.34867792
0.34608601
0.34341603
0.34068443
0.3378727
0.33499991
0.33204514
0.32903053
0.32593233
0.32277622
0.31953518
0.31623896
0.31285675
0.30942295
0.30590238
0.30233476
0.2986799
0.29498346
0.29119965
0.28738071
0.28347465
0.27954082
0.27552057
0.27148073
0.2673557
0.26321996
0.25900091
0.25478053
0.25047941
0.24618679
0.24181657
0.23746521
0.23303961
0.22864416
0.2241772
0.21975354
0.21525912
0.21082442
0.20631596
0.20188851
0.19737895
0.19297749
0.18847982
0.18412225
0.17965043
0.1753525
0.1709219
0.16669703
0.16232322
0.15818478
0.1538798
0.14984538
0.14561312
0.14170629
0.13754418
0.13378907
0.12969679
0.12610799
0.12209357
0.11867814
0.11474614
0.11152182
0.10765731
0.10465604
0.10083831
0.098082227
0.094301696
0.091809263
0.088040976
0.085850576
0.082056813
0.080204702
0.0756733
0.39121066
0.38994858
0.38864376
0.38729083
0.38589288
0.38444403
0.3829479
0.38139801
0.37979861
0.37814257
0.37643485
0.37466759
0.37284657
0.37096313
0.36902398
0.36701956
0.36495767
0.36282771
0.36063876
0.35837902
0.35605905
0.3536657
0.35121123
0.34868093
0.34608902
0.34341903
0.34068742
0.33787566
0.33500285
0.33204804
0.32903339
0.32593514
0.32277898
0.31953788
0.3162416
0.31285932
0.30942545
0.30590481
0.30233711
0.29868216
0.29498564
0.29120175
0.28738273
0.28347657
0.27954266
0.27552231
0.27148239
0.26735727
0.26322144
0.2590023
0.25478183
0.25048063
0.24618793
0.24181763
0.23746619
0.23304051
0.22864499
0.22417796
0.21975423
0.21525974
0.21082498
0.20631646
0.20188895
0.19737934
0.19297782
0.18848011
0.1841225
0.17965063
0.17535266
0.17092202
0.16669711
0.16232327
0.15818481
0.15387979
0.14984535
0.14561307
0.14170621
0.13754408
0.13378896
0.12969666
0.12610785
0.1220934
0.11867797
0.11474596
0.11152164
0.10765711
0.10465584
0.10083811
0.098082026
0.094301492
0.091809061
0.088040775
0.085850378
0.082056618
0.080204507
0.075673074
0.39121297
0.38995093
0.38864615
0.38729326
0.38589536
0.38444655
0.38295046
0.38140062
0.37980126
0.37814527
0.37643759
0.37467037
0.3728494
0.37096599
0.36902689
0.3670225
0.36496065
0.36283072
0.36064179
0.35838208
0.35606213
0.3536688
0.35121433
0.34868404
0.34609212
0.34342212
0.3406905
0.33787871
0.33500587
0.33205103
0.32903634
0.32593805
0.32278183
0.31954068
0.31624433
0.31286198
0.30942804
0.30590732
0.30233954
0.29868451
0.29498791
0.29120392
0.28738481
0.28347857
0.27954456
0.27552412
0.2714841
0.26735889
0.26322297
0.25900373
0.25478318
0.25048188
0.24618909
0.24181871
0.23746719
0.23304143
0.22864583
0.22417872
0.21975492
0.21526036
0.21082554
0.20631695
0.20188938
0.19737972
0.19297814
0.18848038
0.18412272
0.1796508
0.17535279
0.1709221
0.16669717
0.16232329
0.15818479
0.15387975
0.14984527
0.14561297
0.14170608
0.13754394
0.13378879
0.12969648
0.12610766
0.1220932
0.11867775
0.11474574
0.1115214
0.10765687
0.10465559
0.10083786
0.098081775
0.094301239
0.091808808
0.088040524
0.085850129
0.082056373
0.080204261
0.075672796
0.39121539
0.38995338
0.38864864
0.38729579
0.38589793
0.38444916
0.38295312
0.38140331
0.379804
0.37814805
0.37644041
0.37467324
0.37285231
0.37096894
0.36902988
0.36702553
0.36496371
0.36283381
0.36064491
0.35838523
0.35606529
0.35367198
0.35121752
0.34868724
0.34609532
0.34342531
0.34069367
0.33788187
0.335009
0.33205412
0.32903939
0.32594105
0.32278478
0.31954357
0.31624716
0.31286474
0.30943073
0.30590993
0.30234206
0.29868695
0.29499025
0.29120618
0.28738697
0.28348063
0.27954653
0.27552599
0.27148587
0.26736056
0.26322454
0.25900521
0.25478456
0.25048317
0.24619029
0.24181982
0.23746821
0.23304237
0.22864668
0.22417949
0.21975562
0.21526099
0.21082609
0.20631744
0.2018898
0.19738008
0.19297844
0.18848063
0.18412291
0.17965095
0.1753529
0.17092216
0.16669719
0.16232327
0.15818474
0.15387966
0.14984516
0.14561283
0.14170592
0.13754376
0.13378859
0.12969626
0.12610742
0.12209294
0.11867749
0.11474546
0.11152112
0.10765659
0.1046553
0.10083756
0.098081476
0.094300937
0.091808506
0.088040224
0.08584983
0.082056078
0.080203966
0.07567247
0.3912179
0.38995593
0.38865123
0.38729842
0.38590059
0.38445187
0.38295586
0.3814061
0.37980684
0.37815093
0.37644333
0.3746762
0.37285531
0.37097199
0.36903296
0.36702865
0.36496686
0.362837
0.36064813
0.35838847
0.35606855
0.35367526
0.35122081
0.34869053
0.34609861
0.3434286
0.34069694
0.33788512
0.33501223
0.33205732
0.32904255
0.32594416
0.32278784
0.31954657
0.31625009
0.3128676
0.30943351
0.30591263
0.30234468
0.29868948
0.29499269
0.29120851
0.28738921
0.28348277
0.27954856
0.27552792
0.2714877
0.26736229
0.26322617
0.25900673
0.25478599
0.25048449
0.24619152
0.24182095
0.23746925
0.23304332
0.22864755
0.22418027
0.21975632
0.21526161
0.21082664
0.20631792
0.20189021
0.19738042
0.19297873
0.18848085
0.18412308
0.17965107
0.17535297
0.17092219
0.16669718
0.16232321
0.15818465
0.15387954
0.14984501
0.14561265
0.14170571
0.13754353
0.13378834
0.12969599
0.12610714
0.12209264
0.11867718
0.11474514
0.11152079
0.10765625
0.10465495
0.10083721
0.098081127
0.094300586
0.091808155
0.088039876
0.085849483
0.082055734
0.080203622
0.075672095
0.39122051
0.38995858
0.38865392
0.38730114
0.38590336
0.38445468
0.38295871
0.381409
0.37980977
0.3781539
0.37644635
0.37467926
0.37285841
0.37097513
0.36903614
0.36703187
0.36497012
0.36284029
0.36065145
0.35839181
0.35607192
0.35367864
0.3512242
0.34869393
0.34610202
0.34343199
0.34070033
0.33788849
0.33501557
0.33206063
0.32904582
0.32594739
0.32279101
0.31954968
0.31625314
0.31287057
0.3094364
0.30591544
0.3023474
0.2986921
0.29499522
0.29121094
0.28739153
0.28348499
0.27955068
0.27552993
0.2714896
0.26736408
0.26322785
0.2590083
0.25478746
0.25048585
0.24619278
0.24182211
0.23747032
0.23304428
0.22864843
0.22418106
0.21975702
0.21526223
0.21082718
0.20631839
0.20189061
0.19738075
0.19297899
0.18848106
0.18412323
0.17965116
0.17535302
0.17092218
0.16669713
0.16232312
0.15818453
0.15387938
0.14984481
0.14561243
0.14170546
0.13754326
0.13378804
0.12969568
0.12610681
0.12209229
0.11867682
0.11474477
0.11152041
0.10765587
0.10465456
0.10083682
0.098080729
0.094300186
0.091807754
0.088039478
0.085849086
0.082055342
0.08020323
0.075671673
0.39122323
0.38996135
0.38865672
0.38730398
0.38590624
0.3844576
0.38296168
0.381412
0.37981282
0.37815699
0.37644948
0.37468244
0.37286163
0.37097839
0.36903944
0.3670352
0.36497349
0.36284369
0.36065488
0.35839527
0.3560754
0.35368214
0.35122771
0.34869745
0.34610554
0.34343551
0.34070384
0.33789198
0.33501903
0.33206406
0.32904921
0.32595073
0.3227943
0.31955291
0.3162563
0.31287366
0.30943941
0.30591836
0.30235023
0.29869483
0.29499784
0.29121347
0.28739395
0.2834873
0.27955287
0.27553201
0.27149157
0.26736593
0.26322959
0.25900993
0.25478897
0.25048726
0.24619408
0.2418233
0.23747141
0.23304527
0.22864932
0.22418186
0.21975773
0.21526286
0.21082772
0.20631885
0.201891
0.19738107
0.19297924
0.18848124
0.18412336
0.17965123
0.17535303
0.17092215
0.16669705
0.162323
0.15818437
0.15387918
0.14984458
0.14561217
0.14170516
0.13754295
0.1337877
0.12969532
0.12610643
0.1220919
0.11867642
0.11474435
0.11151998
0.10765543
0.10465412
0.10083637
0.098080282
0.094299736
0.091807304
0.088039031
0.08584864
0.082054902
0.08020279
0.075671203
0.39122608
0.38996423
0.38865964
0.38730695
0.38590925
0.38446064
0.38296476
0.38141513
0.37981599
0.37816021
0.37645274
0.37468574
0.37286497
0.37098177
0.36904286
0.36703866
0.36497698
0.36284722
0.36065844
0.35839886
0.35607901
0.35368577
0.35123136
0.34870111
0.34610919
0.34343917
0.34070748
0.3378956
0.33502263
0.33206763
0.32905274
0.32595421
0.32279773
0.31955627
0.31625959
0.31287688
0.30944254
0.3059214
0.30235317
0.29869768
0.29500059
0.2912161
0.28739647
0.2834897
0.27955516
0.27553417
0.27149362
0.26736786
0.2632314
0.25901162
0.25479055
0.25048871
0.24619543
0.24182453
0.23747253
0.23304629
0.22865024
0.22418268
0.21975846
0.21526349
0.21082826
0.20631931
0.20189138
0.19738138
0.19297947
0.18848141
0.18412346
0.17965127
0.17535302
0.17092208
0.16669694
0.16232283
0.15818417
0.15387894
0.1498443
0.14561187
0.14170482
0.13754259
0.13378731
0.12969491
0.126106
0.12209145
0.11867597
0.11474388
0.1115195
0.10765495
0.10465363
0.10083588
0.098079785
0.094299237
0.091806805
0.088038537
0.085848147
0.082054415
0.080202303
0.075670686
0.39122906
0.38996725
0.3886627
0.38731005
0.38591239
0.38446382
0.38296799
0.3814184
0.3798193
0.37816356
0.37645614
0.37468918
0.37286845
0.3709853
0.36904643
0.36704227
0.36498063
0.3628509
0.36066215
0.3584026
0.35608277
0.35368956
0.35123516
0.34870491
0.346113
0.34344298
0.34071128
0.33789939
0.33502639
0.33207136
0.32905642
0.32595785
0.3228013
0.31955979
0.31626303
0.31288024
0.30944581
0.30592458
0.30235625
0.29870065
0.29500345
0.29121885
0.28739911
0.28349221
0.27955755
0.27553644
0.27149576
0.26736987
0.26323329
0.25901338
0.25479218
0.25049023
0.24619682
0.24182581
0.2374737
0.23304734
0.22865118
0.22418352
0.2197592
0.21526413
0.21082882
0.20631978
0.20189176
0.19738168
0.1929797
0.18848157
0.18412355
0.1796513
0.17535299
0.17092199
0.16669681
0.16232264
0.15818394
0.15387866
0.14984399
0.14561153
0.14170445
0.13754219
0.13378688
0.12969446
0.12610554
0.12209097
0.11867547
0.11474337
0.11151898
0.10765442
0.10465309
0.10083534
0.098079243
0.094298693
0.091806261
0.088037997
0.085847608
0.082053882
0.080201771
0.075670125
0.39123204
0.38997026
0.38866575
0.38731314
0.38591552
0.384467
0.3829712
0.38142165
0.3798226
0.3781669
0.37645952
0.3746926
0.37287192
0.3709888
0.36904997
0.36704585
0.36498425
0.36285456
0.36066584
0.35840632
0.35608652
0.35369332
0.35123894
0.34870871
0.3461168
0.34344677
0.34071507
0.33790316
0.33503014
0.33207508
0.3290601
0.32596148
0.32280488
0.3195633
0.31626647
0.3128836
0.30944909
0.30592776
0.30235933
0.29870363
0.29500631
0.29122159
0.28740172
0.2834947
0.27955991
0.27553867
0.27149786
0.26737184
0.26323513
0.25901509
0.25479377
0.25049168
0.24619815
0.24182701
0.23747478
0.23304831
0.22865204
0.22418426
0.21975984
0.21526467
0.21082926
0.20632013
0.20189202
0.19738186
0.1929798
0.18848159
0.1841235
0.17965119
0.17535282
0.17092176
0.16669653
0.16232231
0.15818356
0.15387825
0.14984353
0.14561104
0.14170392
0.13754164
0.1337863
0.12969386
0.12610492
0.12209033
0.11867482
0.11474271
0.1115183
0.10765375
0.1046524
0.10083465
0.098078549
0.094298003
0.091805566
0.088037313
0.08584692
0.082053209
0.080201097
0.075669417
)
;

boundaryField
{
    inlet
    {
        type            fixedValue;
        value           uniform 0.7098;
    }
    outlet
    {
        type            inletOutlet;
        inletValue      uniform 0.7098;
        value           nonuniform List<scalar> 
80
(
13.535242
16.938331
15.830848
15.437894
15.268365
15.172035
15.104817
15.050039
15.000265
14.951751
14.902411
14.850968
14.796563
14.738561
14.676446
14.609763
14.538086
14.460992
14.37805
14.288806
14.192774
14.089434
13.978215
13.858497
13.7296
13.590771
13.44118
13.279954
13.106284
12.91906
12.717068
12.498996
12.263447
12.008642
11.731588
11.42828
11.093868
10.722617
10.307639
9.8404436
9.3105357
8.7055981
8.0129416
7.223002
6.3358164
5.3709892
4.37596
3.3773938
2.3393594
1.2752135
0.48944382
0.16314076
0.088579381
0.077231254
0.075758995
0.075671008
0.075664438
0.075665991
0.075668036
0.07566965
0.075670881
0.075671802
0.075672478
0.075672963
0.075673295
0.075673505
0.075673613
0.075673632
0.075673586
0.075673474
0.0756733
0.075673074
0.075672796
0.07567247
0.075672095
0.075671673
0.075671203
0.075670686
0.075670125
0.075669417
)
;
    }
    top
    {
        type            zeroGradient;
    }
    upstreamWall
    {
        type            symmetryPlane;
    }
    plate
    {
        type            kLowReWallFunction;
        value           nonuniform List<scalar> 
96
(
11.844944
43.499747
59.527578
57.538271
51.611173
47.086492
46.826398
47.551564
48.721002
49.007765
48.831199
48.337535
47.682177
46.987101
46.264516
45.525774
44.805503
44.10822
43.432474
42.782214
42.159346
41.561769
40.998285
40.462172
39.946864
39.450979
38.973826
38.51688
38.08117
37.660353
37.253811
36.859413
36.480444
36.113779
35.758816
35.413223
35.077889
34.753072
34.436314
34.127699
33.827075
33.534396
33.247805
32.967599
32.694096
32.426536
32.164041
31.907069
31.655364
31.408222
31.16563
30.927464
30.693286
30.46331
30.236832
30.014056
29.794977
29.578851
29.366084
29.156516
28.949689
28.745874
28.544657
28.346325
28.150233
27.957107
27.765976
27.577464
27.391018
27.206952
27.024742
26.844989
26.666798
26.491093
26.316732
26.144852
25.974076
25.805874
25.638507
25.473827
25.309688
25.148385
24.987289
24.829277
24.671103
24.516222
24.360845
24.209016
24.056201
23.907394
23.756807
23.611004
23.463101
23.312593
23.194703
22.960446
)
;
    }
    frontAndBack
    {
        type            empty;
    }
}


// ************************************************************************* //
