/*--------------------------------*- C++ -*----------------------------------*\
| =========                 |                                                 |
| \\      /  F ield         | OpenFOAM: The Open Source CFD Toolbox           |
|  \\    /   O peration     | Version:  2512                                  |
|   \\  /    A nd           | Website:  www.openfoam.com                      |
|    \\/     M anipulation  |                                                 |
\*---------------------------------------------------------------------------*/
FoamFile
{
    version     2.0;
    format      ascii;
    arch        "LSB;label=32;scalar=64";
    class       volVectorField;
    location    "0.499982";
    object      wallShearStress;
}
// * * * * * * * * * * * * * * * * * * * * * * * * * * * * * * * * * * * * * //

dimensions      [1 -1 -2 0 0 0 0];

internalField   uniform (0 0 0);

boundaryField
{
    inlet
    {
        type            calculated;
        value           uniform (0 0 0);
    }
    outlet
    {
        type            calculated;
        value           uniform (0 0 0);
    }
    top
    {
        type            calculated;
        value           uniform (0 0 0);
    }
    upstreamWall
    {
        type            symmetryPlane;
    }
    plate
    {
        type            calculated;
        value           nonuniform List<vector> 
96
(
(-10.941089 -0.061360883 0)
(-15.751748 -0.14487368 0)
(-15.993203 -0.16043857 0)
(-13.994869 -0.10640296 0)
(-12.289403 -0.042890706 0)
(-11.398764 0.00093371172 0)
(-11.360292 0.017699467 0)
(-11.530109 0.015799746 0)
(-11.72189 0.00920104 0)
(-11.743304 0.0027557678 0)
(-11.659924 -0.00096616644 0)
(-11.516375 -0.0024994561 0)
(-11.346536 -0.0030215379 0)
(-11.168688 -0.0032114669 0)
(-10.985669 -0.0032704899 0)
(-10.800457 -0.0032055779 0)
(-10.620123 -0.0030316335 0)
(-10.446504 -0.0028227951 0)
(-10.27919 -0.0026207128 0)
(-10.118606 -0.002424891 0)
(-9.9650472 -0.0022375648 0)
(-9.8182595 -0.0020492476 0)
(-9.6798007 -0.0018639242 0)
(-9.5485197 -0.0017030472 0)
(-9.4229209 -0.0015663901 0)
(-9.3024175 -0.001445696 0)
(-9.1867544 -0.0013320969 0)
(-9.076184 -0.0012219477 0)
(-8.9708559 -0.0011227642 0)
(-8.8695502 -0.0010371551 0)
(-8.7719137 -0.00096185374 0)
(-8.6774758 -0.00089092999 0)
(-8.5867685 -0.00082381549 0)
(-8.4992381 -0.00076342332 0)
(-8.4146695 -0.00070963771 0)
(-8.3325495 -0.00066101091 0)
(-8.2529776 -0.0006146398 0)
(-8.1759858 -0.00057228501 0)
(-8.1010936 -0.00053423389 0)
(-8.028235 -0.00049893106 0)
(-7.9573651 -0.00046576303 0)
(-7.8884496 -0.00043563822 0)
(-7.8211117 -0.00040836473 0)
(-7.7553554 -0.00038250649 0)
(-7.6912367 -0.00035823024 0)
(-7.6286008 -0.00033618441 0)
(-7.567248 -0.00031577147 0)
(-7.5072432 -0.00029640732 0)
(-7.448534 -0.00027852409 0)
(-7.3909688 -0.00026202734 0)
(-7.3345216 -0.00024654397 0)
(-7.2791633 -0.00023212148 0)
(-7.2247944 -0.00021862013 0)
(-7.171448 -0.00020602213 0)
(-7.1189752 -0.00019432891 0)
(-7.067407 -0.00018319157 0)
(-7.0167345 -0.00017290469 0)
(-6.9668079 -0.00016329036 0)
(-6.9176886 -0.00015413335 0)
(-6.869353 -0.00014560761 0)
(-6.8216953 -0.00013762801 0)
(-6.7747669 -0.00013009156 0)
(-6.7284782 -0.00012299118 0)
(-6.6828859 -0.00011634988 0)
(-6.6378517 -0.00011003681 0)
(-6.5935229 -0.00010410904 0)
(-6.5496965 -9.8565843e-05 0)
(-6.5064971 -9.3300125e-05 0)
(-6.4638054 -8.835236e-05 0)
(-6.4216886 -8.3696753e-05 0)
(-6.3800285 -7.9274687e-05 0)
(-6.338955 -7.5114588e-05 0)
(-6.2982741 -7.1180271e-05 0)
(-6.25818 -6.7466509e-05 0)
(-6.2184294 -6.39541e-05 0)
(-6.1792606 -6.0647098e-05 0)
(-6.1403808 -5.7500741e-05 0)
(-6.1020998 -5.4541546e-05 0)
(-6.0640474 -5.1727521e-05 0)
(-6.0266148 -4.9078145e-05 0)
(-5.9893459 -4.6559737e-05 0)
(-5.9527256 -4.4187947e-05 0)
(-5.9161959 -4.1925506e-05 0)
(-5.8803642 -3.9796812e-05 0)
(-5.8445431 -3.7770348e-05 0)
(-5.8094629 -3.5859773e-05 0)
(-5.7743185 -3.4037696e-05 0)
(-5.7399693 -3.2332137e-05 0)
(-5.7054472 -3.0690736e-05 0)
(-5.6718177 -2.9178755e-05 0)
(-5.6378422 -2.7692797e-05 0)
(-5.6049182 -2.630971e-05 0)
(-5.5716018 -2.552e-05 0)
(-5.5375991 -2.2441838e-05 0)
(-5.5112071 -2.6682278e-05 0)
(-5.4582742 -1.8714237e-05 0)
)
;
    }
    frontAndBack
    {
        type            empty;
    }
}


// ************************************************************************* //
