/*--------------------------------*- C++ -*----------------------------------*\
| =========                 |                                                 |
| \\      /  F ield         | OpenFOAM: The Open Source CFD Toolbox           |
|  \\    /   O peration     | Version:  2512                                  |
|   \\  /    A nd           | Website:  www.openfoam.com                      |
|    \\/     M anipulation  |                                                 |
\*---------------------------------------------------------------------------*/
FoamFile
{
    version     2.0;
    format      ascii;
    arch        "LSB;label=32;scalar=64";
    class       volTensorField;
    location    "0";
    object      grad(U);
}
// * * * * * * * * * * * * * * * * * * * * * * * * * * * * * * * * * * * * * //

dimensions      [0 0 -1 0 0 0 0];

internalField   nonuniform List<tensor> 
1800
(
(0 0 0 0 0 0 0 0 0)
(0 0 0 0 0 0 0 0 0)
(0 0 0 0 0 0 0 0 0)
(0 0 0 0 0 0 0 0 0)
(0 0 0 0 0 0 0 0 0)
(0 0 0 0 0 0 0 0 0)
(0 0 0 0 0 0 0 0 0)
(0 0 0 0 0 0 0 0 0)
(0 0 0 0 0 0 0 0 0)
(0 0 0 0 0 0 0 0 0)
(-6.76804e-13 0 0 0 0 0 0 0 0)
(0 0 0 0 0 0 0 0 0)
(0 0 0 0 0 0 0 0 0)
(0 0 0 0 0 0 0 0 0)
(0 0 0 0 0 0 0 0 0)
(0 0 0 0 0 0 0 0 0)
(0 0 0 0 0 0 0 0 0)
(0 0 0 0 0 0 0 0 0)
(0 0 0 0 0 0 0 0 0)
(0 0 0 0 0 0 0 0 0)
(0 0 0 0 0 0 0 0 0)
(0 0 0 0 0 0 0 0 0)
(0 0 0 0 0 0 0 0 0)
(0 0 0 0 0 0 0 0 0)
(0 0 0 0 0 0 0 0 0)
(0 0 0 0 0 0 0 0 0)
(0 0 0 0 0 0 0 0 0)
(0 0 0 0 0 0 0 0 0)
(0 0 0 0 0 0 0 0 0)
(0 0 0 0 0 0 0 0 0)
(0 0 0 0 0 0 0 0 0)
(0 0 0 0 0 0 0 0 0)
(0 0 0 0 0 0 0 0 0)
(0 0 0 0 0 0 0 0 0)
(0 0 0 0 0 0 0 0 0)
(0 0 0 0 0 0 0 0 0)
(0 0 0 0 0 0 0 0 0)
(0 0 0 0 0 0 0 0 0)
(0 0 0 0 0 0 0 0 0)
(0 0 0 0 0 0 0 0 0)
(0 0 0 0 0 0 0 0 0)
(0 0 0 0 0 0 0 0 0)
(0 0 0 0 0 0 0 0 0)
(0 0 0 0 0 0 0 0 0)
(0 0 0 0 0 0 0 0 0)
(0 0 0 0 0 0 0 0 0)
(0 0 0 0 0 0 0 0 0)
(0 0 0 0 0 0 0 0 0)
(0 0 0 0 0 0 0 0 0)
(0 0 0 0 0 0 0 0 0)
(0 0 0 0 0 0 0 0 0)
(0 0 0 0 0 0 0 0 0)
(0 0 0 0 0 0 0 0 0)
(0 0 0 0 0 0 0 0 0)
(0 0 0 0 0 0 0 0 0)
(0 0 0 0 0 0 0 0 0)
(0 0 0 0 0 0 0 0 0)
(0 0 0 0 0 0 0 0 0)
(0 0 0 0 0 0 0 0 0)
(0 0 0 0 0 0 0 0 0)
(0 0 0 0 0 0 0 0 0)
(0 0 0 0 0 0 0 0 0)
(0 0 0 0 0 0 0 0 0)
(0 0 0 0 0 0 0 0 0)
(0 0 0 0 0 0 0 0 0)
(0 0 0 0 0 0 0 0 0)
(0 0 0 0 0 0 0 0 0)
(0 0 0 0 0 0 0 0 0)
(0 0 0 0 0 0 0 0 0)
(0 0 0 0 0 0 0 0 0)
(0 0 0 0 0 0 0 0 0)
(0 0 0 0 0 0 0 0 0)
(0 0 0 0 0 0 0 0 0)
(0 0 0 0 0 0 0 0 0)
(0 0 0 0 0 0 0 0 0)
(0 0 0 0 0 0 0 0 0)
(0 0 0 0 0 0 0 0 0)
(0 0 0 0 0 0 0 0 0)
(0 0 0 0 0 0 0 0 0)
(0 0 0 0 0 0 0 0 0)
(0 0 0 0 0 0 0 0 0)
(0 0 0 0 0 0 0 0 0)
(0 0 0 0 0 0 0 0 0)
(0 0 0 0 0 0 0 0 0)
(0 0 0 0 0 0 0 0 0)
(0 0 0 0 0 0 0 0 0)
(0 0 0 0 0 0 0 0 0)
(0 0 0 0 0 0 0 0 0)
(0 0 0 0 0 0 0 0 0)
(0 0 0 0 0 0 0 0 0)
(0 0 0 0 0 0 0 0 0)
(0 0 0 0 0 0 0 0 0)
(0 0 0 0 0 0 0 0 0)
(0 0 0 0 0 0 0 0 0)
(0 0 0 0 0 0 0 0 0)
(0 0 0 0 0 0 0 0 0)
(0 0 0 0 0 0 0 0 0)
(0 0 0 0 0 0 0 0 0)
(0 0 0 0 0 0 0 0 0)
(0 0 0 0 0 0 0 0 0)
(0 0 0 0 0 0 0 0 0)
(0 0 0 0 0 0 0 0 0)
(0 0 0 0 0 0 0 0 0)
(0 0 0 0 0 0 0 0 0)
(0 0 0 0 0 0 0 0 0)
(0 0 0 0 0 0 0 0 0)
(0 0 0 0 0 0 0 0 0)
(0 0 0 0 0 0 0 0 0)
(0 0 0 0 0 0 0 0 0)
(0 0 0 0 0 0 0 0 0)
(0 0 0 0 0 0 0 0 0)
(0 0 0 0 0 0 0 0 0)
(0 0 0 0 0 0 0 0 0)
(0 0 0 0 0 0 0 0 0)
(0 0 0 0 0 0 0 0 0)
(0 0 0 0 0 0 0 0 0)
(0 0 0 0 0 0 0 0 0)
(0 0 0 0 0 0 0 0 0)
(0 0 0 0 0 0 0 0 0)
(0 0 0 0 0 0 0 0 0)
(0 0 0 0 0 0 0 0 0)
(0 0 0 0 0 0 0 0 0)
(0 0 0 0 0 0 0 0 0)
(0 0 0 0 0 0 0 0 0)
(0 0 0 0 0 0 0 0 0)
(0 0 0 0 0 0 0 0 0)
(0 0 0 0 0 0 0 0 0)
(0 0 0 0 0 0 0 0 0)
(0 0 0 0 0 0 0 0 0)
(0 0 0 0 0 0 0 0 0)
(0 0 0 0 0 0 0 0 0)
(0 0 0 0 0 0 0 0 0)
(0 0 0 0 0 0 0 0 0)
(0 0 0 0 0 0 0 0 0)
(0 0 0 0 0 0 0 0 0)
(0 0 0 0 0 0 0 0 0)
(0 0 0 0 0 0 0 0 0)
(0 0 0 0 0 0 0 0 0)
(0 0 0 0 0 0 0 0 0)
(0 0 0 0 0 0 0 0 0)
(0 0 0 0 0 0 0 0 0)
(0 0 0 0 0 0 0 0 0)
(0 0 0 0 0 0 0 0 0)
(0 0 0 0 0 0 0 0 0)
(0 0 0 0 0 0 0 0 0)
(0 0 0 0 0 0 0 0 0)
(0 0 0 0 0 0 0 0 0)
(0 0 0 0 0 0 0 0 0)
(0 0 0 0 0 0 0 0 0)
(0 0 0 0 0 0 0 0 0)
(0 0 0 0 0 0 0 0 0)
(0 0 0 0 0 0 0 0 0)
(0 0 0 0 0 0 0 0 0)
(0 0 0 0 0 0 0 0 0)
(0 0 0 0 0 0 0 0 0)
(0 0 0 0 0 0 0 0 0)
(0 0 0 0 0 0 0 0 0)
(0 0 0 0 0 0 0 0 0)
(0 0 0 0 0 0 0 0 0)
(0 0 0 0 0 0 0 0 0)
(0 0 0 0 0 0 0 0 0)
(0 0 0 0 0 0 0 0 0)
(0 0 0 0 0 0 0 0 0)
(0 0 0 0 0 0 0 0 0)
(0 0 0 0 0 0 0 0 0)
(0 0 0 0 0 0 0 0 0)
(0 0 0 0 0 0 0 0 0)
(0 0 0 0 0 0 0 0 0)
(0 0 0 0 0 0 0 0 0)
(0 0 0 0 0 0 0 0 0)
(0 0 0 0 0 0 0 0 0)
(0 0 0 0 0 0 0 0 0)
(0 0 0 0 0 0 0 0 0)
(0 0 0 0 0 0 0 0 0)
(0 0 0 0 0 0 0 0 0)
(0 0 0 0 0 0 0 0 0)
(0 0 0 0 0 0 0 0 0)
(0 0 0 0 0 0 0 0 0)
(0 0 0 0 0 0 0 0 0)
(0 0 0 0 0 0 0 0 0)
(0 0 0 0 0 0 0 0 0)
(0 0 0 0 0 0 0 0 0)
(0 0 0 0 0 0 0 0 0)
(0 0 0 0 0 0 0 0 0)
(0 0 0 0 0 0 0 0 0)
(0 0 0 0 0 0 0 0 0)
(0 0 0 0 0 0 0 0 0)
(0 0 0 0 0 0 0 0 0)
(0 0 0 0 0 0 0 0 0)
(0 0 0 0 0 0 0 0 0)
(0 0 0 0 0 0 0 0 0)
(0 0 0 0 0 0 0 0 0)
(0 0 0 0 0 0 0 0 0)
(0 0 0 0 0 0 0 0 0)
(0 0 0 0 0 0 0 0 0)
(0 0 0 0 0 0 0 0 0)
(0 0 0 0 0 0 0 0 0)
(0 0 0 0 0 0 0 0 0)
(0 0 0 0 0 0 0 0 0)
(0 0 0 0 0 0 0 0 0)
(6.47523e-13 0 0 0 0 0 0 0 0)
(0 0 0 0 0 0 0 0 0)
(0 0 0 0 0 0 0 0 0)
(0 0 0 0 0 0 0 0 0)
(0 0 0 0 0 0 0 0 0)
(0 0 0 0 0 0 0 0 0)
(0 0 0 0 0 0 0 0 0)
(0 0 0 0 0 0 0 0 0)
(0 0 0 0 0 0 0 0 0)
(0 0 0 0 0 0 0 0 0)
(0 0 0 0 0 0 0 0 0)
(0 0 0 0 0 0 0 0 0)
(0 0 0 0 0 0 0 0 0)
(0 0 0 0 0 0 0 0 0)
(0 0 0 0 0 0 0 0 0)
(0 0 0 0 0 0 0 0 0)
(0 0 0 0 0 0 0 0 0)
(0 0 0 0 0 0 0 0 0)
(0 0 0 0 0 0 0 0 0)
(0 0 0 0 0 0 0 0 0)
(0 0 0 0 0 0 0 0 0)
(0 0 0 0 0 0 0 0 0)
(0 0 0 0 0 0 0 0 0)
(0 0 0 0 0 0 0 0 0)
(0 0 0 0 0 0 0 0 0)
(0 0 0 0 0 0 0 0 0)
(0 0 0 0 0 0 0 0 0)
(0 0 0 0 0 0 0 0 0)
(0 0 0 0 0 0 0 0 0)
(0 0 0 0 0 0 0 0 0)
(0 0 0 0 0 0 0 0 0)
(0 0 0 0 0 0 0 0 0)
(0 0 0 0 0 0 0 0 0)
(0 0 0 0 0 0 0 0 0)
(0 0 0 0 0 0 0 0 0)
(0 0 0 0 0 0 0 0 0)
(0 0 0 0 0 0 0 0 0)
(0 0 0 0 0 0 0 0 0)
(0 0 0 0 0 0 0 0 0)
(0 0 0 0 0 0 0 0 0)
(0 0 0 0 0 0 0 0 0)
(0 0 0 0 0 0 0 0 0)
(0 0 0 0 0 0 0 0 0)
(0 0 0 0 0 0 0 0 0)
(0 0 0 0 0 0 0 0 0)
(0 0 0 0 0 0 0 0 0)
(0 0 0 0 0 0 0 0 0)
(0 0 0 0 0 0 0 0 0)
(0 0 0 0 0 0 0 0 0)
(0 0 0 0 0 0 0 0 0)
(0 0 0 0 0 0 0 0 0)
(0 0 0 0 0 0 0 0 0)
(0 0 0 0 0 0 0 0 0)
(0 0 0 0 0 0 0 0 0)
(0 0 0 0 0 0 0 0 0)
(0 0 0 0 0 0 0 0 0)
(0 0 0 0 0 0 0 0 0)
(0 0 0 0 0 0 0 0 0)
(0 0 0 0 0 0 0 0 0)
(0 0 0 0 0 0 0 0 0)
(0 0 0 0 0 0 0 0 0)
(0 0 0 0 0 0 0 0 0)
(0 0 0 0 0 0 0 0 0)
(0 0 0 0 0 0 0 0 0)
(0 0 0 0 0 0 0 0 0)
(0 0 0 0 0 0 0 0 0)
(0 0 0 0 0 0 0 0 0)
(0 0 0 0 0 0 0 0 0)
(0 0 0 0 0 0 0 0 0)
(0 0 0 0 0 0 0 0 0)
(0 0 0 0 0 0 0 0 0)
(0 0 0 0 0 0 0 0 0)
(0 0 0 0 0 0 0 0 0)
(0 0 0 0 0 0 0 0 0)
(0 0 0 0 0 0 0 0 0)
(0 0 0 0 0 0 0 0 0)
(0 0 0 0 0 0 0 0 0)
(0 0 0 0 0 0 0 0 0)
(0 0 0 0 0 0 0 0 0)
(0 0 0 0 0 0 0 0 0)
(0 0 0 0 0 0 0 0 0)
(0 0 0 0 0 0 0 0 0)
(0 0 0 0 0 0 0 0 0)
(0 0 0 0 0 0 0 0 0)
(0 0 0 0 0 0 0 0 0)
(0 0 0 0 0 0 0 0 0)
(0 0 0 0 0 0 0 0 0)
(0 0 0 0 0 0 0 0 0)
(0 0 0 0 0 0 0 0 0)
(0 0 0 0 0 0 0 0 0)
(-9.4719e-13 0 0 0 0 0 0 0 0)
(0 0 0 0 0 0 0 0 0)
(0 0 0 0 0 0 0 0 0)
(0 0 0 0 0 0 0 0 0)
(0 0 0 0 0 0 0 0 0)
(0 0 0 0 0 0 0 0 0)
(0 0 0 0 0 0 0 0 0)
(0 0 0 0 0 0 0 0 0)
(0 0 0 0 0 0 0 0 0)
(0 0 0 0 0 0 0 0 0)
(0 0 0 0 0 0 0 0 0)
(0 0 0 0 0 0 0 0 0)
(0 0 0 0 0 0 0 0 0)
(0 0 0 0 0 0 0 0 0)
(0 0 0 0 0 0 0 0 0)
(0 0 0 0 0 0 0 0 0)
(0 0 0 0 0 0 0 0 0)
(0 0 0 0 0 0 0 0 0)
(0 0 0 0 0 0 0 0 0)
(0 0 0 0 0 0 0 0 0)
(0 0 0 0 0 0 0 0 0)
(0 0 0 0 0 0 0 0 0)
(0 0 0 0 0 0 0 0 0)
(0 0 0 0 0 0 0 0 0)
(0 0 0 0 0 0 0 0 0)
(0 0 0 0 0 0 0 0 0)
(0 0 0 0 0 0 0 0 0)
(0 0 0 0 0 0 0 0 0)
(0 0 0 0 0 0 0 0 0)
(0 0 0 0 0 0 0 0 0)
(0 0 0 0 0 0 0 0 0)
(0 0 0 0 0 0 0 0 0)
(0 0 0 0 0 0 0 0 0)
(0 0 0 0 0 0 0 0 0)
(0 0 0 0 0 0 0 0 0)
(0 0 0 0 0 0 0 0 0)
(0 0 0 0 0 0 0 0 0)
(0 0 0 0 0 0 0 0 0)
(0 0 0 0 0 0 0 0 0)
(0 0 0 0 0 0 0 0 0)
(0 0 0 0 0 0 0 0 0)
(0 0 0 0 0 0 0 0 0)
(0 0 0 0 0 0 0 0 0)
(0 0 0 0 0 0 0 0 0)
(0 0 0 0 0 0 0 0 0)
(0 0 0 0 0 0 0 0 0)
(0 0 0 0 0 0 0 0 0)
(0 0 0 0 0 0 0 0 0)
(0 0 0 0 0 0 0 0 0)
(0 0 0 0 0 0 0 0 0)
(0 0 0 0 0 0 0 0 0)
(0 0 0 0 0 0 0 0 0)
(0 0 0 0 0 0 0 0 0)
(0 0 0 0 0 0 0 0 0)
(0 0 0 0 0 0 0 0 0)
(0 0 0 0 0 0 0 0 0)
(0 0 0 0 0 0 0 0 0)
(0 0 0 0 0 0 0 0 0)
(0 0 0 0 0 0 0 0 0)
(0 0 0 0 0 0 0 0 0)
(0 0 0 0 0 0 0 0 0)
(0 0 0 0 0 0 0 0 0)
(0 0 0 0 0 0 0 0 0)
(0 0 0 0 0 0 0 0 0)
(0 0 0 0 0 0 0 0 0)
(0 0 0 0 0 0 0 0 0)
(0 0 0 0 0 0 0 0 0)
(0 0 0 0 0 0 0 0 0)
(0 0 0 0 0 0 0 0 0)
(0 0 0 0 0 0 0 0 0)
(0 0 0 538290 0 0 0 0 0)
(0 0 0 538290 0 0 0 0 0)
(0 0 0 538290 0 0 0 0 0)
(0 0 0 538290 0 0 0 0 0)
(0 0 0 538290 0 0 0 0 0)
(0 0 0 538290 0 0 0 0 0)
(0 0 0 538290 0 0 0 0 0)
(0 0 0 538290 0 0 0 0 0)
(0 0 0 538290 0 0 0 0 0)
(0 0 0 538290 0 0 0 0 0)
(0 0 0 538290 0 0 0 0 0)
(0 0 0 538290 0 0 0 0 0)
(0 0 0 538290 0 0 0 0 0)
(0 0 0 538290 0 0 0 0 0)
(0 0 0 538290 0 0 0 0 0)
(0 0 0 538290 0 0 0 0 0)
(0 0 0 538290 0 0 0 0 0)
(0 0 0 538290 0 0 0 0 0)
(0 0 0 538290 0 0 0 0 0)
(0 0 0 538290 0 0 0 0 0)
(0 0 0 538290 0 0 0 0 0)
(0 0 0 538290 0 0 0 0 0)
(0 0 0 538290 0 0 0 0 0)
(0 0 0 538290 0 0 0 0 0)
(0 0 0 538290 0 0 0 0 0)
(0 0 0 538290 0 0 0 0 0)
(0 0 0 538290 0 0 0 0 0)
(0 0 0 538290 0 0 0 0 0)
(0 0 0 538290 0 0 0 0 0)
(0 0 0 538290 0 0 0 0 0)
(0 0 0 538290 0 0 0 0 0)
(0 0 0 538290 0 0 0 0 0)
(0 0 0 538290 0 0 0 0 0)
(0 0 0 538290 0 0 0 0 0)
(0 0 0 538290 0 0 0 0 0)
(0 0 0 538290 0 0 0 0 0)
(0 0 0 538290 0 0 0 0 0)
(0 0 0 538290 0 0 0 0 0)
(0 0 0 538290 0 0 0 0 0)
(0 0 0 538290 0 0 0 0 0)
(0 0 0 0 0 0 0 0 0)
(0 0 0 0 0 0 0 0 0)
(0 0 0 0 0 0 0 0 0)
(0 0 0 0 0 0 0 0 0)
(0 0 0 0 0 0 0 0 0)
(0 0 0 0 0 0 0 0 0)
(0 0 0 0 0 0 0 0 0)
(0 0 0 0 0 0 0 0 0)
(0 0 0 0 0 0 0 0 0)
(0 0 0 0 0 0 0 0 0)
(0 0 0 0 0 0 0 0 0)
(0 0 0 0 0 0 0 0 0)
(0 0 0 0 0 0 0 0 0)
(0 0 0 0 0 0 0 0 0)
(0 0 0 0 0 0 0 0 0)
(0 0 0 0 0 0 0 0 0)
(0 0 0 0 0 0 0 0 0)
(0 0 0 0 0 0 0 0 0)
(0 0 0 0 0 0 0 0 0)
(0 0 0 0 0 0 0 0 0)
(0 0 0 0 0 0 0 0 0)
(0 0 0 0 0 0 0 0 0)
(0 0 0 0 0 0 0 0 0)
(0 0 0 0 0 0 0 0 0)
(0 0 0 0 0 0 0 0 0)
(0 0 0 0 0 0 0 0 0)
(0 0 0 0 0 0 0 0 0)
(0 0 0 0 0 0 0 0 0)
(0 0 0 0 0 0 0 0 0)
(0 0 0 0 0 0 0 0 0)
(0 0 0 0 0 0 0 0 0)
(0 0 0 0 0 0 0 0 0)
(0 0 0 0 0 0 0 0 0)
(0 0 0 0 0 0 0 0 0)
(0 0 0 0 0 0 0 0 0)
(0 0 0 0 0 0 0 0 0)
(0 0 0 0 0 0 0 0 0)
(0 0 0 0 0 0 0 0 0)
(0 0 0 0 0 0 0 0 0)
(0 0 0 0 0 0 0 0 0)
(0 0 0 0 0 0 0 0 0)
(0 0 0 0 0 0 0 0 0)
(0 0 0 0 0 0 0 0 0)
(0 0 0 0 0 0 0 0 0)
(0 0 0 0 0 0 0 0 0)
(0 0 0 0 0 0 0 0 0)
(0 0 0 0 0 0 0 0 0)
(0 0 0 0 0 0 0 0 0)
(0 0 0 0 0 0 0 0 0)
(0 0 0 0 0 0 0 0 0)
(0 0 0 0 0 0 0 0 0)
(0 0 0 0 0 0 0 0 0)
(0 0 0 0 0 0 0 0 0)
(0 0 0 0 0 0 0 0 0)
(0 0 0 0 0 0 0 0 0)
(0 0 0 0 0 0 0 0 0)
(0 0 0 0 0 0 0 0 0)
(0 0 0 0 0 0 0 0 0)
(0 0 0 0 0 0 0 0 0)
(0 0 0 0 0 0 0 0 0)
(0 0 0 0 0 0 0 0 0)
(0 0 0 0 0 0 0 0 0)
(0 0 0 0 0 0 0 0 0)
(0 0 0 0 0 0 0 0 0)
(0 0 0 0 0 0 0 0 0)
(0 0 0 0 0 0 0 0 0)
(0 0 0 0 0 0 0 0 0)
(0 0 0 0 0 0 0 0 0)
(0 0 0 0 0 0 0 0 0)
(0 0 0 0 0 0 0 0 0)
(0 0 0 0 0 0 0 0 0)
(0 0 0 0 0 0 0 0 0)
(0 0 0 0 0 0 0 0 0)
(0 0 0 0 0 0 0 0 0)
(0 0 0 0 0 0 0 0 0)
(0 0 0 0 0 0 0 0 0)
(0 0 0 0 0 0 0 0 0)
(0 0 0 0 0 0 0 0 0)
(0 0 0 0 0 0 0 0 0)
(0 0 0 0 0 0 0 0 0)
(0 0 0 0 0 0 0 0 0)
(0 0 0 0 0 0 0 0 0)
(0 0 0 0 0 0 0 0 0)
(0 0 0 0 0 0 0 0 0)
(0 0 0 0 0 0 0 0 0)
(0 0 0 0 0 0 0 0 0)
(0 0 0 0 0 0 0 0 0)
(0 0 0 0 0 0 0 0 0)
(0 0 0 0 0 0 0 0 0)
(0 0 0 0 0 0 0 0 0)
(0 0 0 0 0 0 0 0 0)
(0 0 0 0 0 0 0 0 0)
(0 0 0 0 0 0 0 0 0)
(0 0 0 0 0 0 0 0 0)
(0 0 0 0 0 0 0 0 0)
(0 0 0 0 0 0 0 0 0)
(0 0 0 0 0 0 0 0 0)
(0 0 0 0 0 0 0 0 0)
(0 0 0 0 0 0 0 0 0)
(0 0 0 0 0 0 0 0 0)
(0 0 0 0 0 0 0 0 0)
(0 0 0 0 0 0 0 0 0)
(0 0 0 0 0 0 0 0 0)
(0 0 0 0 0 0 0 0 0)
(0 0 0 0 0 0 0 0 0)
(0 0 0 0 0 0 0 0 0)
(0 0 0 0 0 0 0 0 0)
(0 0 0 0 0 0 0 0 0)
(0 0 0 0 0 0 0 0 0)
(0 0 0 0 0 0 0 0 0)
(0 0 0 0 0 0 0 0 0)
(0 0 0 0 0 0 0 0 0)
(0 0 0 0 0 0 0 0 0)
(0 0 0 0 0 0 0 0 0)
(0 0 0 0 0 0 0 0 0)
(0 0 0 0 0 0 0 0 0)
(0 0 0 0 0 0 0 0 0)
(0 0 0 0 0 0 0 0 0)
(0 0 0 0 0 0 0 0 0)
(0 0 0 0 0 0 0 0 0)
(0 0 0 0 0 0 0 0 0)
(0 0 0 0 0 0 0 0 0)
(0 0 0 0 0 0 0 0 0)
(0 0 0 0 0 0 0 0 0)
(0 0 0 0 0 0 0 0 0)
(0 0 0 0 0 0 0 0 0)
(0 0 0 0 0 0 0 0 0)
(0 0 0 0 0 0 0 0 0)
(0 0 0 0 0 0 0 0 0)
(0 0 0 0 0 0 0 0 0)
(0 0 0 0 0 0 0 0 0)
(0 0 0 0 0 0 0 0 0)
(0 0 0 0 0 0 0 0 0)
(0 0 0 0 0 0 0 0 0)
(0 0 0 0 0 0 0 0 0)
(0 0 0 0 0 0 0 0 0)
(0 0 0 0 0 0 0 0 0)
(0 0 0 0 0 0 0 0 0)
(0 0 0 0 0 0 0 0 0)
(0 0 0 0 0 0 0 0 0)
(0 0 0 0 0 0 0 0 0)
(0 0 0 0 0 0 0 0 0)
(0 0 0 0 0 0 0 0 0)
(0 0 0 0 0 0 0 0 0)
(0 0 0 0 0 0 0 0 0)
(0 0 0 0 0 0 0 0 0)
(0 0 0 0 0 0 0 0 0)
(0 0 0 0 0 0 0 0 0)
(0 0 0 0 0 0 0 0 0)
(0 0 0 0 0 0 0 0 0)
(0 0 0 0 0 0 0 0 0)
(0 0 0 0 0 0 0 0 0)
(0 0 0 0 0 0 0 0 0)
(0 0 0 0 0 0 0 0 0)
(0 0 0 0 0 0 0 0 0)
(0 0 0 0 0 0 0 0 0)
(0 0 0 0 0 0 0 0 0)
(0 0 0 0 0 0 0 0 0)
(0 0 0 0 0 0 0 0 0)
(0 0 0 0 0 0 0 0 0)
(0 0 0 0 0 0 0 0 0)
(0 0 0 0 0 0 0 0 0)
(0 0 0 0 0 0 0 0 0)
(0 0 0 0 0 0 0 0 0)
(0 0 0 0 0 0 0 0 0)
(0 0 0 0 0 0 0 0 0)
(0 0 0 0 0 0 0 0 0)
(0 0 0 0 0 0 0 0 0)
(0 0 0 0 0 0 0 0 0)
(0 0 0 0 0 0 0 0 0)
(0 0 0 0 0 0 0 0 0)
(0 0 0 0 0 0 0 0 0)
(0 0 0 0 0 0 0 0 0)
(0 0 0 0 0 0 0 0 0)
(0 0 0 0 0 0 0 0 0)
(0 0 0 0 0 0 0 0 0)
(0 0 0 0 0 0 0 0 0)
(0 0 0 0 0 0 0 0 0)
(0 0 0 0 0 0 0 0 0)
(0 0 0 0 0 0 0 0 0)
(0 0 0 0 0 0 0 0 0)
(0 0 0 0 0 0 0 0 0)
(0 0 0 0 0 0 0 0 0)
(0 0 0 0 0 0 0 0 0)
(0 0 0 0 0 0 0 0 0)
(0 0 0 0 0 0 0 0 0)
(0 0 0 0 0 0 0 0 0)
(0 0 0 0 0 0 0 0 0)
(0 0 0 0 0 0 0 0 0)
(0 0 0 0 0 0 0 0 0)
(0 0 0 0 0 0 0 0 0)
(0 0 0 0 0 0 0 0 0)
(0 0 0 0 0 0 0 0 0)
(0 0 0 0 0 0 0 0 0)
(0 0 0 0 0 0 0 0 0)
(0 0 0 0 0 0 0 0 0)
(0 0 0 0 0 0 0 0 0)
(0 0 0 0 0 0 0 0 0)
(0 0 0 0 0 0 0 0 0)
(0 0 0 0 0 0 0 0 0)
(0 0 0 0 0 0 0 0 0)
(0 0 0 0 0 0 0 0 0)
(0 0 0 0 0 0 0 0 0)
(0 0 0 0 0 0 0 0 0)
(0 0 0 0 0 0 0 0 0)
(0 0 0 0 0 0 0 0 0)
(0 0 0 0 0 0 0 0 0)
(0 0 0 0 0 0 0 0 0)
(0 0 0 0 0 0 0 0 0)
(0 0 0 0 0 0 0 0 0)
(0 0 0 0 0 0 0 0 0)
(0 0 0 0 0 0 0 0 0)
(0 0 0 0 0 0 0 0 0)
(0 0 0 0 0 0 0 0 0)
(0 0 0 0 0 0 0 0 0)
(0 0 0 0 0 0 0 0 0)
(0 0 0 0 0 0 0 0 0)
(0 0 0 0 0 0 0 0 0)
(0 0 0 0 0 0 0 0 0)
(0 0 0 0 0 0 0 0 0)
(0 0 0 0 0 0 0 0 0)
(0 0 0 0 0 0 0 0 0)
(0 0 0 0 0 0 0 0 0)
(0 0 0 0 0 0 0 0 0)
(0 0 0 0 0 0 0 0 0)
(0 0 0 0 0 0 0 0 0)
(0 0 0 0 0 0 0 0 0)
(0 0 0 0 0 0 0 0 0)
(0 0 0 0 0 0 0 0 0)
(0 0 0 0 0 0 0 0 0)
(0 0 0 0 0 0 0 0 0)
(0 0 0 0 0 0 0 0 0)
(0 0 0 0 0 0 0 0 0)
(0 0 0 0 0 0 0 0 0)
(0 0 0 0 0 0 0 0 0)
(0 0 0 0 0 0 0 0 0)
(0 0 0 0 0 0 0 0 0)
(0 0 0 0 0 0 0 0 0)
(0 0 0 0 0 0 0 0 0)
(0 0 0 0 0 0 0 0 0)
(0 0 0 0 0 0 0 0 0)
(0 0 0 0 0 0 0 0 0)
(0 0 0 0 0 0 0 0 0)
(0 0 0 0 0 0 0 0 0)
(0 0 0 0 0 0 0 0 0)
(0 0 0 0 0 0 0 0 0)
(0 0 0 0 0 0 0 0 0)
(0 0 0 0 0 0 0 0 0)
(0 0 0 0 0 0 0 0 0)
(0 0 0 0 0 0 0 0 0)
(0 0 0 0 0 0 0 0 0)
(0 0 0 0 0 0 0 0 0)
(0 0 0 0 0 0 0 0 0)
(0 0 0 0 0 0 0 0 0)
(0 0 0 0 0 0 0 0 0)
(0 0 0 0 0 0 0 0 0)
(0 0 0 0 0 0 0 0 0)
(0 0 0 0 0 0 0 0 0)
(0 0 0 0 0 0 0 0 0)
(0 0 0 0 0 0 0 0 0)
(0 0 0 0 0 0 0 0 0)
(0 0 0 0 0 0 0 0 0)
(0 0 0 0 0 0 0 0 0)
(0 0 0 0 0 0 0 0 0)
(0 0 0 0 0 0 0 0 0)
(0 0 0 0 0 0 0 0 0)
(0 0 0 0 0 0 0 0 0)
(0 0 0 0 0 0 0 0 0)
(0 0 0 0 0 0 0 0 0)
(0 0 0 0 0 0 0 0 0)
(0 0 0 0 0 0 0 0 0)
(0 0 0 0 0 0 0 0 0)
(0 0 0 0 0 0 0 0 0)
(0 0 0 0 0 0 0 0 0)
(0 0 0 0 0 0 0 0 0)
(0 0 0 0 0 0 0 0 0)
(0 0 0 0 0 0 0 0 0)
(0 0 0 0 0 0 0 0 0)
(0 0 0 0 0 0 0 0 0)
(0 0 0 0 0 0 0 0 0)
(0 0 0 0 0 0 0 0 0)
(0 0 0 0 0 0 0 0 0)
(0 0 0 0 0 0 0 0 0)
(0 0 0 0 0 0 0 0 0)
(0 0 0 0 0 0 0 0 0)
(0 0 0 0 0 0 0 0 0)
(0 0 0 0 0 0 0 0 0)
(0 0 0 0 0 0 0 0 0)
(0 0 0 0 0 0 0 0 0)
(0 0 0 0 0 0 0 0 0)
(0 0 0 0 0 0 0 0 0)
(0 0 0 0 0 0 0 0 0)
(0 0 0 0 0 0 0 0 0)
(0 0 0 0 0 0 0 0 0)
(0 0 0 0 0 0 0 0 0)
(0 0 0 0 0 0 0 0 0)
(0 0 0 0 0 0 0 0 0)
(0 0 0 0 0 0 0 0 0)
(0 0 0 0 0 0 0 0 0)
(0 0 0 0 0 0 0 0 0)
(0 0 0 0 0 0 0 0 0)
(0 0 0 0 0 0 0 0 0)
(0 0 0 0 0 0 0 0 0)
(0 0 0 0 0 0 0 0 0)
(0 0 0 0 0 0 0 0 0)
(0 0 0 0 0 0 0 0 0)
(0 0 0 0 0 0 0 0 0)
(0 0 0 0 0 0 0 0 0)
(0 0 0 0 0 0 0 0 0)
(0 0 0 0 0 0 0 0 0)
(0 0 0 0 0 0 0 0 0)
(0 0 0 0 0 0 0 0 0)
(0 0 0 0 0 0 0 0 0)
(0 0 0 0 0 0 0 0 0)
(0 0 0 0 0 0 0 0 0)
(0 0 0 0 0 0 0 0 0)
(0 0 0 0 0 0 0 0 0)
(0 0 0 0 0 0 0 0 0)
(0 0 0 0 0 0 0 0 0)
(0 0 0 0 0 0 0 0 0)
(0 0 0 0 0 0 0 0 0)
(0 0 0 0 0 0 0 0 0)
(0 0 0 0 0 0 0 0 0)
(0 0 0 0 0 0 0 0 0)
(0 0 0 0 0 0 0 0 0)
(0 0 0 0 0 0 0 0 0)
(0 0 0 0 0 0 0 0 0)
(0 0 0 0 0 0 0 0 0)
(0 0 0 0 0 0 0 0 0)
(0 0 0 0 0 0 0 0 0)
(0 0 0 0 0 0 0 0 0)
(0 0 0 0 0 0 0 0 0)
(0 0 0 0 0 0 0 0 0)
(0 0 0 0 0 0 0 0 0)
(0 0 0 0 0 0 0 0 0)
(0 0 0 0 0 0 0 0 0)
(0 0 0 0 0 0 0 0 0)
(0 0 0 0 0 0 0 0 0)
(0 0 0 0 0 0 0 0 0)
(0 0 0 0 0 0 0 0 0)
(0 0 0 0 0 0 0 0 0)
(0 0 0 0 0 0 0 0 0)
(0 0 0 0 0 0 0 0 0)
(0 0 0 0 0 0 0 0 0)
(0 0 0 0 0 0 0 0 0)
(0 0 0 0 0 0 0 0 0)
(0 0 0 0 0 0 0 0 0)
(0 0 0 0 0 0 0 0 0)
(0 0 0 0 0 0 0 0 0)
(0 0 0 0 0 0 0 0 0)
(0 0 0 0 0 0 0 0 0)
(0 0 0 0 0 0 0 0 0)
(0 0 0 0 0 0 0 0 0)
(0 0 0 0 0 0 0 0 0)
(0 0 0 0 0 0 0 0 0)
(0 0 0 0 0 0 0 0 0)
(0 0 0 0 0 0 0 0 0)
(0 0 0 0 0 0 0 0 0)
(0 0 0 0 0 0 0 0 0)
(0 0 0 0 0 0 0 0 0)
(0 0 0 0 0 0 0 0 0)
(0 0 0 0 0 0 0 0 0)
(0 0 0 0 0 0 0 0 0)
(0 0 0 0 0 0 0 0 0)
(0 0 0 0 0 0 0 0 0)
(0 0 0 0 0 0 0 0 0)
(0 0 0 0 0 0 0 0 0)
(0 0 0 0 0 0 0 0 0)
(0 0 0 0 0 0 0 0 0)
(0 0 0 0 0 0 0 0 0)
(0 0 0 0 0 0 0 0 0)
(0 0 0 0 0 0 0 0 0)
(0 0 0 0 0 0 0 0 0)
(0 0 0 0 0 0 0 0 0)
(0 0 0 0 0 0 0 0 0)
(0 0 0 0 0 0 0 0 0)
(0 0 0 0 0 0 0 0 0)
(0 0 0 0 0 0 0 0 0)
(0 0 0 0 0 0 0 0 0)
(0 0 0 0 0 0 0 0 0)
(0 0 0 0 0 0 0 0 0)
(0 0 0 0 0 0 0 0 0)
(0 0 0 0 0 0 0 0 0)
(0 0 0 0 0 0 0 0 0)
(0 0 0 0 0 0 0 0 0)
(0 0 0 0 0 0 0 0 0)
(0 0 0 0 0 0 0 0 0)
(0 0 0 0 0 0 0 0 0)
(0 0 0 0 0 0 0 0 0)
(0 0 0 0 0 0 0 0 0)
(0 0 0 0 0 0 0 0 0)
(0 0 0 0 0 0 0 0 0)
(0 0 0 0 0 0 0 0 0)
(0 0 0 0 0 0 0 0 0)
(0 0 0 0 0 0 0 0 0)
(0 0 0 0 0 0 0 0 0)
(0 0 0 0 0 0 0 0 0)
(0 0 0 0 0 0 0 0 0)
(0 0 0 0 0 0 0 0 0)
(0 0 0 0 0 0 0 0 0)
(0 0 0 0 0 0 0 0 0)
(0 0 0 0 0 0 0 0 0)
(0 0 0 0 0 0 0 0 0)
(0 0 0 0 0 0 0 0 0)
(0 0 0 0 0 0 0 0 0)
(0 0 0 0 0 0 0 0 0)
(0 0 0 0 0 0 0 0 0)
(0 0 0 0 0 0 0 0 0)
(0 0 0 0 0 0 0 0 0)
(0 0 0 0 0 0 0 0 0)
(0 0 0 0 0 0 0 0 0)
(0 0 0 0 0 0 0 0 0)
(0 0 0 0 0 0 0 0 0)
(0 0 0 0 0 0 0 0 0)
(0 0 0 0 0 0 0 0 0)
(0 0 0 0 0 0 0 0 0)
(0 0 0 0 0 0 0 0 0)
(0 0 0 0 0 0 0 0 0)
(0 0 0 0 0 0 0 0 0)
(0 0 0 0 0 0 0 0 0)
(0 0 0 0 0 0 0 0 0)
(0 0 0 0 0 0 0 0 0)
(0 0 0 0 0 0 0 0 0)
(0 0 0 0 0 0 0 0 0)
(0 0 0 0 0 0 0 0 0)
(0 0 0 0 0 0 0 0 0)
(0 0 0 0 0 0 0 0 0)
(0 0 0 0 0 0 0 0 0)
(0 0 0 0 0 0 0 0 0)
(0 0 0 0 0 0 0 0 0)
(0 0 0 0 0 0 0 0 0)
(0 0 0 0 0 0 0 0 0)
(0 0 0 0 0 0 0 0 0)
(0 0 0 0 0 0 0 0 0)
(0 0 0 0 0 0 0 0 0)
(0 0 0 0 0 0 0 0 0)
(0 0 0 0 0 0 0 0 0)
(0 0 0 0 0 0 0 0 0)
(0 0 0 0 0 0 0 0 0)
(0 0 0 0 0 0 0 0 0)
(0 0 0 0 0 0 0 0 0)
(0 0 0 0 0 0 0 0 0)
(0 0 0 0 0 0 0 0 0)
(0 0 0 0 0 0 0 0 0)
(0 0 0 0 0 0 0 0 0)
(0 0 0 0 0 0 0 0 0)
(0 0 0 0 0 0 0 0 0)
(0 0 0 0 0 0 0 0 0)
(0 0 0 0 0 0 0 0 0)
(0 0 0 0 0 0 0 0 0)
(0 0 0 0 0 0 0 0 0)
(0 0 0 0 0 0 0 0 0)
(0 0 0 0 0 0 0 0 0)
(0 0 0 0 0 0 0 0 0)
(0 0 0 0 0 0 0 0 0)
(0 0 0 0 0 0 0 0 0)
(0 0 0 0 0 0 0 0 0)
(0 0 0 0 0 0 0 0 0)
(0 0 0 0 0 0 0 0 0)
(0 0 0 0 0 0 0 0 0)
(0 0 0 0 0 0 0 0 0)
(0 0 0 0 0 0 0 0 0)
(0 0 0 0 0 0 0 0 0)
(0 0 0 0 0 0 0 0 0)
(0 0 0 0 0 0 0 0 0)
(0 0 0 0 0 0 0 0 0)
(0 0 0 0 0 0 0 0 0)
(0 0 0 0 0 0 0 0 0)
(0 0 0 0 0 0 0 0 0)
(0 0 0 0 0 0 0 0 0)
(0 0 0 0 0 0 0 0 0)
(0 0 0 0 0 0 0 0 0)
(0 0 0 0 0 0 0 0 0)
(0 0 0 0 0 0 0 0 0)
(0 0 0 0 0 0 0 0 0)
(0 0 0 0 0 0 0 0 0)
(0 0 0 0 0 0 0 0 0)
(0 0 0 0 0 0 0 0 0)
(0 0 0 0 0 0 0 0 0)
(0 0 0 0 0 0 0 0 0)
(0 0 0 0 0 0 0 0 0)
(0 0 0 0 0 0 0 0 0)
(0 0 0 0 0 0 0 0 0)
(0 0 0 0 0 0 0 0 0)
(0 0 0 0 0 0 0 0 0)
(0 0 0 0 0 0 0 0 0)
(0 0 0 0 0 0 0 0 0)
(0 0 0 0 0 0 0 0 0)
(0 0 0 0 0 0 0 0 0)
(0 0 0 0 0 0 0 0 0)
(0 0 0 0 0 0 0 0 0)
(0 0 0 0 0 0 0 0 0)
(0 0 0 0 0 0 0 0 0)
(0 0 0 0 0 0 0 0 0)
(0 0 0 0 0 0 0 0 0)
(0 0 0 0 0 0 0 0 0)
(0 0 0 0 0 0 0 0 0)
(0 0 0 0 0 0 0 0 0)
(0 0 0 0 0 0 0 0 0)
(0 0 0 0 0 0 0 0 0)
(0 0 0 0 0 0 0 0 0)
(0 0 0 0 0 0 0 0 0)
(0 0 0 0 0 0 0 0 0)
(0 0 0 0 0 0 0 0 0)
(0 0 0 0 0 0 0 0 0)
(0 0 0 0 0 0 0 0 0)
(0 0 0 0 0 0 0 0 0)
(0 0 0 0 0 0 0 0 0)
(0 0 0 0 0 0 0 0 0)
(0 0 0 0 0 0 0 0 0)
(0 0 0 0 0 0 0 0 0)
(0 0 0 0 0 0 0 0 0)
(0 0 0 0 0 0 0 0 0)
(0 0 0 0 0 0 0 0 0)
(0 0 0 0 0 0 0 0 0)
(0 0 0 0 0 0 0 0 0)
(0 0 0 0 0 0 0 0 0)
(0 0 0 0 0 0 0 0 0)
(0 0 0 0 0 0 0 0 0)
(0 0 0 0 0 0 0 0 0)
(0 0 0 0 0 0 0 0 0)
(0 0 0 0 0 0 0 0 0)
(0 0 0 0 0 0 0 0 0)
(0 0 0 0 0 0 0 0 0)
(0 0 0 0 0 0 0 0 0)
(0 0 0 0 0 0 0 0 0)
(0 0 0 0 0 0 0 0 0)
(0 0 0 0 0 0 0 0 0)
(0 0 0 0 0 0 0 0 0)
(0 0 0 0 0 0 0 0 0)
(0 0 0 0 0 0 0 0 0)
(0 0 0 0 0 0 0 0 0)
(0 0 0 0 0 0 0 0 0)
(0 0 0 0 0 0 0 0 0)
(0 0 0 0 0 0 0 0 0)
(0 0 0 0 0 0 0 0 0)
(0 0 0 0 0 0 0 0 0)
(0 0 0 0 0 0 0 0 0)
(0 0 0 0 0 0 0 0 0)
(0 0 0 0 0 0 0 0 0)
(0 0 0 0 0 0 0 0 0)
(0 0 0 0 0 0 0 0 0)
(0 0 0 0 0 0 0 0 0)
(0 0 0 0 0 0 0 0 0)
(0 0 0 0 0 0 0 0 0)
(0 0 0 0 0 0 0 0 0)
(0 0 0 0 0 0 0 0 0)
(0 0 0 0 0 0 0 0 0)
(0 0 0 0 0 0 0 0 0)
(0 0 0 0 0 0 0 0 0)
(0 0 0 0 0 0 0 0 0)
(0 0 0 0 0 0 0 0 0)
(0 0 0 0 0 0 0 0 0)
(0 0 0 0 0 0 0 0 0)
(0 0 0 0 0 0 0 0 0)
(0 0 0 0 0 0 0 0 0)
(0 0 0 0 0 0 0 0 0)
(0 0 0 0 0 0 0 0 0)
(0 0 0 0 0 0 0 0 0)
(0 0 0 0 0 0 0 0 0)
(0 0 0 0 0 0 0 0 0)
(0 0 0 0 0 0 0 0 0)
(0 0 0 0 0 0 0 0 0)
(0 0 0 0 0 0 0 0 0)
(0 0 0 0 0 0 0 0 0)
(0 0 0 0 0 0 0 0 0)
(0 0 0 0 0 0 0 0 0)
(0 0 0 0 0 0 0 0 0)
(0 0 0 0 0 0 0 0 0)
(0 0 0 0 0 0 0 0 0)
(0 0 0 0 0 0 0 0 0)
(0 0 0 0 0 0 0 0 0)
(0 0 0 0 0 0 0 0 0)
(0 0 0 0 0 0 0 0 0)
(0 0 0 0 0 0 0 0 0)
(0 0 0 0 0 0 0 0 0)
(0 0 0 0 0 0 0 0 0)
(0 0 0 0 0 0 0 0 0)
(0 0 0 0 0 0 0 0 0)
(0 0 0 0 0 0 0 0 0)
(0 0 0 0 0 0 0 0 0)
(0 0 0 0 0 0 0 0 0)
(0 0 0 0 0 0 0 0 0)
(0 0 0 0 0 0 0 0 0)
(0 0 0 0 0 0 0 0 0)
(0 0 0 0 0 0 0 0 0)
(0 0 0 0 0 0 0 0 0)
(0 0 0 0 0 0 0 0 0)
(0 0 0 0 0 0 0 0 0)
(0 0 0 0 0 0 0 0 0)
(0 0 0 0 0 0 0 0 0)
(0 0 0 0 0 0 0 0 0)
(0 0 0 0 0 0 0 0 0)
(0 0 0 0 0 0 0 0 0)
(0 0 0 0 0 0 0 0 0)
(0 0 0 0 0 0 0 0 0)
(0 0 0 0 0 0 0 0 0)
(0 0 0 0 0 0 0 0 0)
(0 0 0 0 0 0 0 0 0)
(0 0 0 0 0 0 0 0 0)
(0 0 0 0 0 0 0 0 0)
(0 0 0 0 0 0 0 0 0)
(0 0 0 0 0 0 0 0 0)
(0 0 0 0 0 0 0 0 0)
(0 0 0 0 0 0 0 0 0)
(0 0 0 0 0 0 0 0 0)
(0 0 0 0 0 0 0 0 0)
(0 0 0 0 0 0 0 0 0)
(0 0 0 0 0 0 0 0 0)
(0 0 0 0 0 0 0 0 0)
(0 0 0 0 0 0 0 0 0)
(0 0 0 0 0 0 0 0 0)
(0 0 0 0 0 0 0 0 0)
(0 0 0 0 0 0 0 0 0)
(0 0 0 0 0 0 0 0 0)
(0 0 0 0 0 0 0 0 0)
(0 0 0 0 0 0 0 0 0)
(0 0 0 0 0 0 0 0 0)
(0 0 0 0 0 0 0 0 0)
(0 0 0 0 0 0 0 0 0)
(0 0 0 0 0 0 0 0 0)
(0 0 0 0 0 0 0 0 0)
(0 0 0 0 0 0 0 0 0)
(0 0 0 0 0 0 0 0 0)
(0 0 0 0 0 0 0 0 0)
(0 0 0 0 0 0 0 0 0)
(0 0 0 0 0 0 0 0 0)
(0 0 0 0 0 0 0 0 0)
(0 0 0 0 0 0 0 0 0)
(0 0 0 0 0 0 0 0 0)
(0 0 0 0 0 0 0 0 0)
(0 0 0 0 0 0 0 0 0)
(0 0 0 0 0 0 0 0 0)
(0 0 0 0 0 0 0 0 0)
(0 0 0 0 0 0 0 0 0)
(0 0 0 0 0 0 0 0 0)
(0 0 0 0 0 0 0 0 0)
(0 0 0 0 0 0 0 0 0)
(0 0 0 0 0 0 0 0 0)
(0 0 0 0 0 0 0 0 0)
(0 0 0 0 0 0 0 0 0)
(0 0 0 0 0 0 0 0 0)
(0 0 0 0 0 0 0 0 0)
(0 0 0 0 0 0 0 0 0)
(0 0 0 0 0 0 0 0 0)
(0 0 0 0 0 0 0 0 0)
(0 0 0 0 0 0 0 0 0)
(0 0 0 0 0 0 0 0 0)
(0 0 0 0 0 0 0 0 0)
(0 0 0 0 0 0 0 0 0)
(0 0 0 0 0 0 0 0 0)
(0 0 0 0 0 0 0 0 0)
(0 0 0 0 0 0 0 0 0)
(0 0 0 0 0 0 0 0 0)
(0 0 0 0 0 0 0 0 0)
(0 0 0 0 0 0 0 0 0)
(0 0 0 0 0 0 0 0 0)
(0 0 0 0 0 0 0 0 0)
(0 0 0 0 0 0 0 0 0)
(0 0 0 0 0 0 0 0 0)
(0 0 0 0 0 0 0 0 0)
(0 0 0 0 0 0 0 0 0)
(0 0 0 0 0 0 0 0 0)
(0 0 0 0 0 0 0 0 0)
(0 0 0 0 0 0 0 0 0)
(0 0 0 0 0 0 0 0 0)
(0 0 0 0 0 0 0 0 0)
(0 0 0 0 0 0 0 0 0)
(0 0 0 0 0 0 0 0 0)
(0 0 0 0 0 0 0 0 0)
(0 0 0 0 0 0 0 0 0)
(0 0 0 0 0 0 0 0 0)
(0 0 0 0 0 0 0 0 0)
(0 0 0 0 0 0 0 0 0)
(0 0 0 0 0 0 0 0 0)
(0 0 0 0 0 0 0 0 0)
(0 0 0 0 0 0 0 0 0)
(0 0 0 0 0 0 0 0 0)
(0 0 0 0 0 0 0 0 0)
(0 0 0 0 0 0 0 0 0)
(0 0 0 0 0 0 0 0 0)
(0 0 0 0 0 0 0 0 0)
(0 0 0 0 0 0 0 0 0)
(0 0 0 0 0 0 0 0 0)
(0 0 0 0 0 0 0 0 0)
(0 0 0 0 0 0 0 0 0)
(0 0 0 0 0 0 0 0 0)
(0 0 0 0 0 0 0 0 0)
(0 0 0 0 0 0 0 0 0)
(0 0 0 0 0 0 0 0 0)
(0 0 0 0 0 0 0 0 0)
(0 0 0 0 0 0 0 0 0)
(0 0 0 0 0 0 0 0 0)
(0 0 0 0 0 0 0 0 0)
(0 0 0 0 0 0 0 0 0)
(0 0 0 0 0 0 0 0 0)
(0 0 0 0 0 0 0 0 0)
(0 0 0 0 0 0 0 0 0)
(0 0 0 0 0 0 0 0 0)
(0 0 0 0 0 0 0 0 0)
(0 0 0 0 0 0 0 0 0)
(0 0 0 0 0 0 0 0 0)
(0 0 0 0 0 0 0 0 0)
(0 0 0 0 0 0 0 0 0)
(0 0 0 0 0 0 0 0 0)
(0 0 0 0 0 0 0 0 0)
(0 0 0 0 0 0 0 0 0)
(0 0 0 0 0 0 0 0 0)
(0 0 0 0 0 0 0 0 0)
(0 0 0 0 0 0 0 0 0)
(0 0 0 0 0 0 0 0 0)
(0 0 0 0 0 0 0 0 0)
(0 0 0 0 0 0 0 0 0)
(0 0 0 0 0 0 0 0 0)
(0 0 0 0 0 0 0 0 0)
(0 0 0 0 0 0 0 0 0)
(0 0 0 0 0 0 0 0 0)
(0 0 0 0 0 0 0 0 0)
(0 0 0 0 0 0 0 0 0)
(0 0 0 0 0 0 0 0 0)
(0 0 0 0 0 0 0 0 0)
(0 0 0 0 0 0 0 0 0)
(0 0 0 0 0 0 0 0 0)
(0 0 0 0 0 0 0 0 0)
(0 0 0 0 0 0 0 0 0)
(0 0 0 0 0 0 0 0 0)
(0 0 0 0 0 0 0 0 0)
(0 0 0 0 0 0 0 0 0)
(0 0 0 0 0 0 0 0 0)
(0 0 0 0 0 0 0 0 0)
(0 0 0 0 0 0 0 0 0)
(0 0 0 0 0 0 0 0 0)
(0 0 0 0 0 0 0 0 0)
(0 0 0 0 0 0 0 0 0)
(0 0 0 0 0 0 0 0 0)
(0 0 0 0 0 0 0 0 0)
(0 0 0 0 0 0 0 0 0)
(0 0 0 0 0 0 0 0 0)
(0 0 0 0 0 0 0 0 0)
(0 0 0 0 0 0 0 0 0)
(0 0 0 0 0 0 0 0 0)
(0 0 0 0 0 0 0 0 0)
(0 0 0 0 0 0 0 0 0)
(0 0 0 0 0 0 0 0 0)
(0 0 0 0 0 0 0 0 0)
(0 0 0 0 0 0 0 0 0)
(0 0 0 0 0 0 0 0 0)
(0 0 0 0 0 0 0 0 0)
(0 0 0 0 0 0 0 0 0)
(0 0 0 0 0 0 0 0 0)
(0 0 0 0 0 0 0 0 0)
(0 0 0 0 0 0 0 0 0)
(0 0 0 0 0 0 0 0 0)
(0 0 0 0 0 0 0 0 0)
(0 0 0 0 0 0 0 0 0)
(0 0 0 0 0 0 0 0 0)
(0 0 0 0 0 0 0 0 0)
(0 0 0 0 0 0 0 0 0)
(0 0 0 0 0 0 0 0 0)
(0 0 0 0 0 0 0 0 0)
(0 0 0 0 0 0 0 0 0)
(0 0 0 0 0 0 0 0 0)
(0 0 0 0 0 0 0 0 0)
(0 0 0 0 0 0 0 0 0)
(0 0 0 0 0 0 0 0 0)
(0 0 0 0 0 0 0 0 0)
(0 0 0 0 0 0 0 0 0)
(0 0 0 0 0 0 0 0 0)
(0 0 0 0 0 0 0 0 0)
(0 0 0 0 0 0 0 0 0)
(0 0 0 0 0 0 0 0 0)
(0 0 0 0 0 0 0 0 0)
(0 0 0 0 0 0 0 0 0)
(0 0 0 0 0 0 0 0 0)
(0 0 0 0 0 0 0 0 0)
(0 0 0 0 0 0 0 0 0)
(0 0 0 0 0 0 0 0 0)
(0 0 0 0 0 0 0 0 0)
(0 0 0 0 0 0 0 0 0)
(0 0 0 0 0 0 0 0 0)
(0 0 0 0 0 0 0 0 0)
(0 0 0 0 0 0 0 0 0)
(0 0 0 0 0 0 0 0 0)
(0 0 0 0 0 0 0 0 0)
(0 0 0 0 0 0 0 0 0)
(0 0 0 0 0 0 0 0 0)
(0 0 0 0 0 0 0 0 0)
(0 0 0 0 0 0 0 0 0)
(0 0 0 0 0 0 0 0 0)
(0 0 0 0 0 0 0 0 0)
(0 0 0 0 0 0 0 0 0)
(0 0 0 0 0 0 0 0 0)
(0 0 0 0 0 0 0 0 0)
(0 0 0 0 0 0 0 0 0)
(0 0 0 0 0 0 0 0 0)
(0 0 0 0 0 0 0 0 0)
(0 0 0 0 0 0 0 0 0)
(0 0 0 0 0 0 0 0 0)
(0 0 0 0 0 0 0 0 0)
(0 0 0 0 0 0 0 0 0)
(0 0 0 0 0 0 0 0 0)
(0 0 0 0 0 0 0 0 0)
(0 0 0 0 0 0 0 0 0)
(0 0 0 0 0 0 0 0 0)
(0 0 0 0 0 0 0 0 0)
(0 0 0 0 0 0 0 0 0)
(0 0 0 0 0 0 0 0 0)
(0 0 0 0 0 0 0 0 0)
(0 0 0 0 0 0 0 0 0)
(0 0 0 0 0 0 0 0 0)
(0 0 0 0 0 0 0 0 0)
(0 0 0 0 0 0 0 0 0)
(0 0 0 0 0 0 0 0 0)
(0 0 0 0 0 0 0 0 0)
(0 0 0 0 0 0 0 0 0)
(0 0 0 0 0 0 0 0 0)
(0 0 0 0 0 0 0 0 0)
(0 0 0 0 0 0 0 0 0)
(0 0 0 0 0 0 0 0 0)
(0 0 0 0 0 0 0 0 0)
(0 0 0 0 0 0 0 0 0)
(0 0 0 0 0 0 0 0 0)
(0 0 0 0 0 0 0 0 0)
(0 0 0 0 0 0 0 0 0)
(0 0 0 0 0 0 0 0 0)
(0 0 0 0 0 0 0 0 0)
(0 0 0 0 0 0 0 0 0)
(0 0 0 0 0 0 0 0 0)
(0 0 0 0 0 0 0 0 0)
(0 0 0 0 0 0 0 0 0)
(0 0 0 0 0 0 0 0 0)
(0 0 0 0 0 0 0 0 0)
(0 0 0 0 0 0 0 0 0)
(0 0 0 0 0 0 0 0 0)
(0 0 0 0 0 0 0 0 0)
(0 0 0 0 0 0 0 0 0)
(0 0 0 0 0 0 0 0 0)
(0 0 0 0 0 0 0 0 0)
(0 0 0 0 0 0 0 0 0)
(0 0 0 0 0 0 0 0 0)
(0 0 0 0 0 0 0 0 0)
(0 0 0 0 0 0 0 0 0)
(0 0 0 0 0 0 0 0 0)
(0 0 0 0 0 0 0 0 0)
(0 0 0 0 0 0 0 0 0)
(0 0 0 0 0 0 0 0 0)
(0 0 0 0 0 0 0 0 0)
(0 0 0 0 0 0 0 0 0)
(0 0 0 0 0 0 0 0 0)
(0 0 0 0 0 0 0 0 0)
(0 0 0 0 0 0 0 0 0)
(0 0 0 0 0 0 0 0 0)
(0 0 0 0 0 0 0 0 0)
(0 0 0 0 0 0 0 0 0)
(0 0 0 0 0 0 0 0 0)
(0 0 0 0 0 0 0 0 0)
(0 0 0 0 0 0 0 0 0)
(0 0 0 0 0 0 0 0 0)
(0 0 0 0 0 0 0 0 0)
(0 0 0 0 0 0 0 0 0)
(0 0 0 0 0 0 0 0 0)
(0 0 0 0 0 0 0 0 0)
(0 0 0 0 0 0 0 0 0)
(0 0 0 0 0 0 0 0 0)
(0 0 0 0 0 0 0 0 0)
(0 0 0 0 0 0 0 0 0)
(0 0 0 0 0 0 0 0 0)
(0 0 0 0 0 0 0 0 0)
(0 0 0 0 0 0 0 0 0)
(0 0 0 0 0 0 0 0 0)
(0 0 0 0 0 0 0 0 0)
(0 0 0 0 0 0 0 0 0)
(0 0 0 0 0 0 0 0 0)
(0 0 0 0 0 0 0 0 0)
(0 0 0 0 0 0 0 0 0)
(0 0 0 0 0 0 0 0 0)
(0 0 0 0 0 0 0 0 0)
(0 0 0 0 0 0 0 0 0)
(0 0 0 0 0 0 0 0 0)
(0 0 0 0 0 0 0 0 0)
(0 0 0 0 0 0 0 0 0)
(0 0 0 0 0 0 0 0 0)
(0 0 0 0 0 0 0 0 0)
(0 0 0 0 0 0 0 0 0)
(0 0 0 0 0 0 0 0 0)
(0 0 0 0 0 0 0 0 0)
(0 0 0 0 0 0 0 0 0)
(0 0 0 0 0 0 0 0 0)
(0 0 0 0 0 0 0 0 0)
(0 0 0 0 0 0 0 0 0)
(0 0 0 0 0 0 0 0 0)
(0 0 0 0 0 0 0 0 0)
(0 0 0 0 0 0 0 0 0)
(0 0 0 0 0 0 0 0 0)
(0 0 0 0 0 0 0 0 0)
(0 0 0 0 0 0 0 0 0)
(0 0 0 0 0 0 0 0 0)
(0 0 0 0 0 0 0 0 0)
(0 0 0 0 0 0 0 0 0)
(0 0 0 0 0 0 0 0 0)
(0 0 0 0 0 0 0 0 0)
(0 0 0 0 0 0 0 0 0)
(0 0 0 0 0 0 0 0 0)
(0 0 0 0 0 0 0 0 0)
(0 0 0 0 0 0 0 0 0)
(0 0 0 0 0 0 0 0 0)
(0 0 0 0 0 0 0 0 0)
(0 0 0 0 0 0 0 0 0)
(0 0 0 0 0 0 0 0 0)
(0 0 0 0 0 0 0 0 0)
(0 0 0 0 0 0 0 0 0)
(0 0 0 0 0 0 0 0 0)
(0 0 0 0 0 0 0 0 0)
(0 0 0 0 0 0 0 0 0)
(0 0 0 0 0 0 0 0 0)
(0 0 0 0 0 0 0 0 0)
(0 0 0 0 0 0 0 0 0)
(0 0 0 0 0 0 0 0 0)
(0 0 0 0 0 0 0 0 0)
(0 0 0 0 0 0 0 0 0)
(0 0 0 0 0 0 0 0 0)
(0 0 0 0 0 0 0 0 0)
(0 0 0 0 0 0 0 0 0)
(0 0 0 0 0 0 0 0 0)
(0 0 0 0 0 0 0 0 0)
(0 0 0 0 0 0 0 0 0)
(0 0 0 0 0 0 0 0 0)
(0 0 0 0 0 0 0 0 0)
(0 0 0 0 0 0 0 0 0)
(0 0 0 0 0 0 0 0 0)
(0 0 0 0 0 0 0 0 0)
(0 0 0 0 0 0 0 0 0)
(0 0 0 0 0 0 0 0 0)
(0 0 0 0 0 0 0 0 0)
(0 0 0 0 0 0 0 0 0)
(0 0 0 0 0 0 0 0 0)
(0 0 0 0 0 0 0 0 0)
(0 0 0 0 0 0 0 0 0)
(0 0 0 0 0 0 0 0 0)
(0 0 0 0 0 0 0 0 0)
(0 0 0 0 0 0 0 0 0)
(0 0 0 0 0 0 0 0 0)
(0 0 0 0 0 0 0 0 0)
(0 0 0 0 0 0 0 0 0)
(0 0 0 0 0 0 0 0 0)
(0 0 0 0 0 0 0 0 0)
(0 0 0 0 0 0 0 0 0)
(0 0 0 0 0 0 0 0 0)
(0 0 0 0 0 0 0 0 0)
(0 0 0 0 0 0 0 0 0)
(0 0 0 0 0 0 0 0 0)
(0 0 0 0 0 0 0 0 0)
(0 0 0 0 0 0 0 0 0)
(0 0 0 0 0 0 0 0 0)
(0 0 0 0 0 0 0 0 0)
(0 0 0 0 0 0 0 0 0)
(0 0 0 0 0 0 0 0 0)
(0 0 0 0 0 0 0 0 0)
(0 0 0 0 0 0 0 0 0)
(0 0 0 0 0 0 0 0 0)
(0 0 0 0 0 0 0 0 0)
(0 0 0 0 0 0 0 0 0)
(0 0 0 0 0 0 0 0 0)
(0 0 0 0 0 0 0 0 0)
(0 0 0 0 0 0 0 0 0)
(0 0 0 0 0 0 0 0 0)
(0 0 0 0 0 0 0 0 0)
(0 0 0 0 0 0 0 0 0)
(0 0 0 0 0 0 0 0 0)
(0 0 0 0 0 0 0 0 0)
(0 0 0 0 0 0 0 0 0)
(0 0 0 0 0 0 0 0 0)
(0 0 0 0 0 0 0 0 0)
(0 0 0 0 0 0 0 0 0)
(0 0 0 0 0 0 0 0 0)
(0 0 0 0 0 0 0 0 0)
(0 0 0 0 0 0 0 0 0)
(0 0 0 0 0 0 0 0 0)
(0 0 0 0 0 0 0 0 0)
(0 0 0 0 0 0 0 0 0)
(0 0 0 0 0 0 0 0 0)
(0 0 0 0 0 0 0 0 0)
(0 0 0 0 0 0 0 0 0)
(0 0 0 0 0 0 0 0 0)
(0 0 0 0 0 0 0 0 0)
(0 0 0 0 0 0 0 0 0)
(0 0 0 0 0 0 0 0 0)
(0 0 0 0 0 0 0 0 0)
(0 0 0 0 0 0 0 0 0)
(0 0 0 0 0 0 0 0 0)
(0 0 0 0 0 0 0 0 0)
(0 0 0 0 0 0 0 0 0)
(0 0 0 0 0 0 0 0 0)
(0 0 0 0 0 0 0 0 0)
(0 0 0 0 0 0 0 0 0)
(0 0 0 0 0 0 0 0 0)
(0 0 0 0 0 0 0 0 0)
(0 0 0 0 0 0 0 0 0)
(0 0 0 0 0 0 0 0 0)
(0 0 0 0 0 0 0 0 0)
(0 0 0 0 0 0 0 0 0)
(0 0 0 0 0 0 0 0 0)
(0 0 0 0 0 0 0 0 0)
(0 0 0 0 0 0 0 0 0)
(0 0 0 0 0 0 0 0 0)
(0 0 0 0 0 0 0 0 0)
(0 0 0 0 0 0 0 0 0)
(0 0 0 0 0 0 0 0 0)
(0 0 0 0 0 0 0 0 0)
(0 0 0 0 0 0 0 0 0)
(0 0 0 0 0 0 0 0 0)
(0 0 0 0 0 0 0 0 0)
(0 0 0 0 0 0 0 0 0)
(0 0 0 0 0 0 0 0 0)
(0 0 0 0 0 0 0 0 0)
(0 0 0 0 0 0 0 0 0)
(0 0 0 0 0 0 0 0 0)
(0 0 0 0 0 0 0 0 0)
(0 0 0 0 0 0 0 0 0)
(0 0 0 0 0 0 0 0 0)
(0 0 0 0 0 0 0 0 0)
(0 0 0 0 0 0 0 0 0)
(0 0 0 0 0 0 0 0 0)
(0 0 0 0 0 0 0 0 0)
(0 0 0 0 0 0 0 0 0)
(0 0 0 0 0 0 0 0 0)
(0 0 0 0 0 0 0 0 0)
(0 0 0 0 0 0 0 0 0)
(0 0 0 0 0 0 0 0 0)
(0 0 0 0 0 0 0 0 0)
(0 0 0 0 0 0 0 0 0)
(0 0 0 0 0 0 0 0 0)
(0 0 0 0 0 0 0 0 0)
(0 0 0 0 0 0 0 0 0)
(0 0 0 0 0 0 0 0 0)
(0 0 0 0 0 0 0 0 0)
(0 0 0 0 0 0 0 0 0)
(0 0 0 0 0 0 0 0 0)
(0 0 0 0 0 0 0 0 0)
(0 0 0 0 0 0 0 0 0)
(0 0 0 0 0 0 0 0 0)
(0 0 0 0 0 0 0 0 0)
(0 0 0 0 0 0 0 0 0)
(0 0 0 0 0 0 0 0 0)
(0 0 0 0 0 0 0 0 0)
(0 0 0 0 0 0 0 0 0)
(0 0 0 0 0 0 0 0 0)
(0 0 0 0 0 0 0 0 0)
(0 0 0 0 0 0 0 0 0)
(0 0 0 0 0 0 0 0 0)
(0 0 0 0 0 0 0 0 0)
(0 0 0 0 0 0 0 0 0)
(0 0 0 0 0 0 0 0 0)
(0 0 0 0 0 0 0 0 0)
(0 0 0 0 0 0 0 0 0)
(0 0 0 0 0 0 0 0 0)
(0 0 0 0 0 0 0 0 0)
(0 0 0 0 0 0 0 0 0)
(0 0 0 0 0 0 0 0 0)
(0 0 0 0 0 0 0 0 0)
(0 0 0 0 0 0 0 0 0)
(0 0 0 0 0 0 0 0 0)
(0 0 0 0 0 0 0 0 0)
(0 0 0 0 0 0 0 0 0)
(0 0 0 0 0 0 0 0 0)
(0 0 0 0 0 0 0 0 0)
(0 0 0 0 0 0 0 0 0)
(0 0 0 0 0 0 0 0 0)
(0 0 0 0 0 0 0 0 0)
(0 0 0 0 0 0 0 0 0)
(0 0 0 0 0 0 0 0 0)
(0 0 0 0 0 0 0 0 0)
(0 0 0 0 0 0 0 0 0)
(0 0 0 0 0 0 0 0 0)
(0 0 0 0 0 0 0 0 0)
(0 0 0 0 0 0 0 0 0)
(0 0 0 0 0 0 0 0 0)
(0 0 0 0 0 0 0 0 0)
(0 0 0 0 0 0 0 0 0)
(0 0 0 0 0 0 0 0 0)
(0 0 0 0 0 0 0 0 0)
(0 0 0 0 0 0 0 0 0)
(0 0 0 0 0 0 0 0 0)
(0 0 0 0 0 0 0 0 0)
(0 0 0 0 0 0 0 0 0)
(0 0 0 0 0 0 0 0 0)
(0 0 0 0 0 0 0 0 0)
(0 0 0 0 0 0 0 0 0)
(0 0 0 0 0 0 0 0 0)
(0 0 0 0 0 0 0 0 0)
(0 0 0 0 0 0 0 0 0)
(0 0 0 0 0 0 0 0 0)
(0 0 0 0 0 0 0 0 0)
(0 0 0 0 0 0 0 0 0)
(0 0 0 0 0 0 0 0 0)
(0 0 0 0 0 0 0 0 0)
(0 0 0 0 0 0 0 0 0)
(0 0 0 0 0 0 0 0 0)
(0 0 0 0 0 0 0 0 0)
(0 0 0 0 0 0 0 0 0)
(0 0 0 0 0 0 0 0 0)
(0 0 0 0 0 0 0 0 0)
(0 0 0 0 0 0 0 0 0)
(0 0 0 0 0 0 0 0 0)
(0 0 0 0 0 0 0 0 0)
(0 0 0 0 0 0 0 0 0)
(0 0 0 0 0 0 0 0 0)
(0 0 0 0 0 0 0 0 0)
(0 0 0 0 0 0 0 0 0)
(0 0 0 0 0 0 0 0 0)
(0 0 0 0 0 0 0 0 0)
(0 0 0 0 0 0 0 0 0)
(0 0 0 0 0 0 0 0 0)
(0 0 0 0 0 0 0 0 0)
(0 0 0 0 0 0 0 0 0)
(0 0 0 0 0 0 0 0 0)
(0 0 0 0 0 0 0 0 0)
(0 0 0 0 0 0 0 0 0)
(0 0 0 0 0 0 0 0 0)
(0 0 0 0 0 0 0 0 0)
(0 0 0 0 0 0 0 0 0)
(0 0 0 0 0 0 0 0 0)
(0 0 0 0 0 0 0 0 0)
(0 0 0 0 0 0 0 0 0)
(0 0 0 0 0 0 0 0 0)
(0 0 0 0 0 0 0 0 0)
(0 0 0 0 0 0 0 0 0)
(0 0 0 0 0 0 0 0 0)
(0 0 0 0 0 0 0 0 0)
(0 0 0 0 0 0 0 0 0)
(0 0 0 0 0 0 0 0 0)
(0 0 0 0 0 0 0 0 0)
(0 0 0 0 0 0 0 0 0)
(0 0 0 0 0 0 0 0 0)
(0 0 0 0 0 0 0 0 0)
(0 0 0 0 0 0 0 0 0)
(0 0 0 0 0 0 0 0 0)
(0 0 0 0 0 0 0 0 0)
(0 0 0 0 0 0 0 0 0)
(0 0 0 0 0 0 0 0 0)
(0 0 0 0 0 0 0 0 0)
(0 0 0 0 0 0 0 0 0)
(0 0 0 0 0 0 0 0 0)
(0 0 0 0 0 0 0 0 0)
(0 0 0 0 0 0 0 0 0)
(0 0 0 0 0 0 0 0 0)
(0 0 0 0 0 0 0 0 0)
(0 0 0 0 0 0 0 0 0)
(0 0 0 0 0 0 0 0 0)
(0 0 0 0 0 0 0 0 0)
(0 0 0 0 0 0 0 0 0)
(0 0 0 0 0 0 0 0 0)
(0 0 0 0 0 0 0 0 0)
(0 0 0 0 0 0 0 0 0)
(0 0 0 0 0 0 0 0 0)
(0 0 0 0 0 0 0 0 0)
(0 0 0 0 0 0 0 0 0)
(0 0 0 0 0 0 0 0 0)
(0 0 0 0 0 0 0 0 0)
(0 0 0 0 0 0 0 0 0)
(0 0 0 0 0 0 0 0 0)
(0 0 0 0 0 0 0 0 0)
(0 0 0 0 0 0 0 0 0)
(0 0 0 0 0 0 0 0 0)
(0 0 0 0 0 0 0 0 0)
(0 0 0 0 0 0 0 0 0)
(0 0 0 0 0 0 0 0 0)
(0 0 0 0 0 0 0 0 0)
(0 0 0 0 0 0 0 0 0)
(0 0 0 0 0 0 0 0 0)
(0 0 0 0 0 0 0 0 0)
(0 0 0 0 0 0 0 0 0)
(0 0 0 0 0 0 0 0 0)
(0 0 0 0 0 0 0 0 0)
(0 0 0 0 0 0 0 0 0)
(0 0 0 0 0 0 0 0 0)
(0 0 0 0 0 0 0 0 0)
(0 0 0 0 0 0 0 0 0)
(0 0 0 0 0 0 0 0 0)
(0 0 0 0 0 0 0 0 0)
(0 0 0 0 0 0 0 0 0)
(0 0 0 0 0 0 0 0 0)
(0 0 0 0 0 0 0 0 0)
(0 0 0 0 0 0 0 0 0)
(0 0 0 0 0 0 0 0 0)
(0 0 0 0 0 0 0 0 0)
(0 0 0 0 0 0 0 0 0)
(0 0 0 0 0 0 0 0 0)
(0 0 0 0 0 0 0 0 0)
(0 0 0 0 0 0 0 0 0)
(0 0 0 0 0 0 0 0 0)
(0 0 0 0 0 0 0 0 0)
(0 0 0 0 0 0 0 0 0)
(0 0 0 0 0 0 0 0 0)
(0 0 0 0 0 0 0 0 0)
(0 0 0 0 0 0 0 0 0)
(0 0 0 0 0 0 0 0 0)
(0 0 0 0 0 0 0 0 0)
(0 0 0 0 0 0 0 0 0)
(0 0 0 0 0 0 0 0 0)
(0 0 0 0 0 0 0 0 0)
(0 0 0 0 0 0 0 0 0)
(0 0 0 0 0 0 0 0 0)
(0 0 0 0 0 0 0 0 0)
(0 0 0 0 0 0 0 0 0)
(0 0 0 0 0 0 0 0 0)
(0 0 0 0 0 0 0 0 0)
(0 0 0 0 0 0 0 0 0)
(0 0 0 0 0 0 0 0 0)
(0 0 0 0 0 0 0 0 0)
(0 0 0 0 0 0 0 0 0)
(0 0 0 0 0 0 0 0 0)
(0 0 0 0 0 0 0 0 0)
(0 0 0 0 0 0 0 0 0)
(0 0 0 0 0 0 0 0 0)
(0 0 0 0 0 0 0 0 0)
(0 0 0 0 0 0 0 0 0)
(0 0 0 0 0 0 0 0 0)
(0 0 0 0 0 0 0 0 0)
(0 0 0 0 0 0 0 0 0)
(0 0 0 0 0 0 0 0 0)
(0 0 0 0 0 0 0 0 0)
(0 0 0 0 0 0 0 0 0)
(0 0 0 0 0 0 0 0 0)
(0 0 0 0 0 0 0 0 0)
(0 0 0 0 0 0 0 0 0)
(0 0 0 0 0 0 0 0 0)
(0 0 0 0 0 0 0 0 0)
(0 0 0 0 0 0 0 0 0)
(0 0 0 0 0 0 0 0 0)
(0 0 0 0 0 0 0 0 0)
(0 0 0 0 0 0 0 0 0)
(0 0 0 0 0 0 0 0 0)
(0 0 0 0 0 0 0 0 0)
(0 0 0 0 0 0 0 0 0)
(0 0 0 0 0 0 0 0 0)
(0 0 0 0 0 0 0 0 0)
(0 0 0 0 0 0 0 0 0)
(0 0 0 0 0 0 0 0 0)
(0 0 0 0 0 0 0 0 0)
(0 0 0 0 0 0 0 0 0)
(0 0 0 0 0 0 0 0 0)
(0 0 0 0 0 0 0 0 0)
(0 0 0 0 0 0 0 0 0)
(0 0 0 0 0 0 0 0 0)
(0 0 0 0 0 0 0 0 0)
(0 0 0 0 0 0 0 0 0)
(0 0 0 0 0 0 0 0 0)
(0 0 0 0 0 0 0 0 0)
(0 0 0 0 0 0 0 0 0)
(0 0 0 0 0 0 0 0 0)
(0 0 0 0 0 0 0 0 0)
(0 0 0 0 0 0 0 0 0)
(0 0 0 0 0 0 0 0 0)
(0 0 0 0 0 0 0 0 0)
(0 0 0 0 0 0 0 0 0)
(0 0 0 0 0 0 0 0 0)
(0 0 0 0 0 0 0 0 0)
(0 0 0 0 0 0 0 0 0)
(0 0 0 0 0 0 0 0 0)
(0 0 0 0 0 0 0 0 0)
(0 0 0 0 0 0 0 0 0)
(0 0 0 0 0 0 0 0 0)
(0 0 0 0 0 0 0 0 0)
(0 0 0 0 0 0 0 0 0)
(0 0 0 0 0 0 0 0 0)
(0 0 0 0 0 0 0 0 0)
(0 0 0 0 0 0 0 0 0)
(0 0 0 0 0 0 0 0 0)
(0 0 0 0 0 0 0 0 0)
(0 0 0 0 0 0 0 0 0)
(0 0 0 0 0 0 0 0 0)
(0 0 0 0 0 0 0 0 0)
(0 0 0 0 0 0 0 0 0)
(0 0 0 0 0 0 0 0 0)
(0 0 0 0 0 0 0 0 0)
(0 0 0 0 0 0 0 0 0)
(0 0 0 0 0 0 0 0 0)
(0 0 0 0 0 0 0 0 0)
(0 0 0 0 0 0 0 0 0)
(0 0 0 0 0 0 0 0 0)
(0 0 0 0 0 0 0 0 0)
(0 0 0 0 0 0 0 0 0)
(0 0 0 0 0 0 0 0 0)
(0 0 0 0 0 0 0 0 0)
(0 0 0 0 0 0 0 0 0)
(0 0 0 0 0 0 0 0 0)
(0 0 0 0 0 0 0 0 0)
(0 0 0 0 0 0 0 0 0)
(0 0 0 0 0 0 0 0 0)
(0 0 0 0 0 0 0 0 0)
(0 0 0 0 0 0 0 0 0)
(0 0 0 0 0 0 0 0 0)
(0 0 0 0 0 0 0 0 0)
(0 0 0 0 0 0 0 0 0)
(0 0 0 0 0 0 0 0 0)
(0 0 0 0 0 0 0 0 0)
(0 0 0 0 0 0 0 0 0)
(0 0 0 0 0 0 0 0 0)
(0 0 0 0 0 0 0 0 0)
(0 0 0 0 0 0 0 0 0)
(0 0 0 0 0 0 0 0 0)
(0 0 0 0 0 0 0 0 0)
(0 0 0 0 0 0 0 0 0)
(0 0 0 0 0 0 0 0 0)
(0 0 0 0 0 0 0 0 0)
(0 0 0 0 0 0 0 0 0)
(0 0 0 0 0 0 0 0 0)
(0 0 0 0 0 0 0 0 0)
(0 0 0 0 0 0 0 0 0)
(0 0 0 0 0 0 0 0 0)
(0 0 0 0 0 0 0 0 0)
(0 0 0 0 0 0 0 0 0)
(0 0 0 0 0 0 0 0 0)
(0 0 0 0 0 0 0 0 0)
(0 0 0 0 0 0 0 0 0)
(0 0 0 0 0 0 0 0 0)
(0 0 0 0 0 0 0 0 0)
(0 0 0 0 0 0 0 0 0)
(0 0 0 0 0 0 0 0 0)
(0 0 0 0 0 0 0 0 0)
(0 0 0 0 0 0 0 0 0)
(0 0 0 0 0 0 0 0 0)
(0 0 0 0 0 0 0 0 0)
(0 0 0 0 0 0 0 0 0)
(0 0 0 0 0 0 0 0 0)
(0 0 0 0 0 0 0 0 0)
(0 0 0 0 0 0 0 0 0)
(0 0 0 0 0 0 0 0 0)
(0 0 0 0 0 0 0 0 0)
(0 0 0 0 0 0 0 0 0)
(0 0 0 0 0 0 0 0 0)
(0 0 0 0 0 0 0 0 0)
(0 0 0 0 0 0 0 0 0)
(0 0 0 0 0 0 0 0 0)
(0 0 0 0 0 0 0 0 0)
(0 0 0 0 0 0 0 0 0)
(0 0 0 0 0 0 0 0 0)
(0 0 0 0 0 0 0 0 0)
(0 0 0 0 0 0 0 0 0)
(0 0 0 0 0 0 0 0 0)
(0 0 0 0 0 0 0 0 0)
(0 0 0 0 0 0 0 0 0)
(0 0 0 0 0 0 0 0 0)
(0 0 0 0 0 0 0 0 0)
(0 0 0 0 0 0 0 0 0)
(0 0 0 0 0 0 0 0 0)
(0 0 0 0 0 0 0 0 0)
(0 0 0 0 0 0 0 0 0)
(0 0 0 0 0 0 0 0 0)
(0 0 0 0 0 0 0 0 0)
(0 0 0 0 0 0 0 0 0)
(0 0 0 0 0 0 0 0 0)
(0 0 0 0 0 0 0 0 0)
(0 0 0 0 0 0 0 0 0)
(0 0 0 0 0 0 0 0 0)
(0 0 0 0 0 0 0 0 0)
(0 0 0 0 0 0 0 0 0)
(0 0 0 0 0 0 0 0 0)
(0 0 0 0 0 0 0 0 0)
(0 0 0 0 0 0 0 0 0)
(0 0 0 0 0 0 0 0 0)
(0 0 0 0 0 0 0 0 0)
(0 0 0 0 0 0 0 0 0)
(0 0 0 0 0 0 0 0 0)
(0 0 0 0 0 0 0 0 0)
(0 0 0 0 0 0 0 0 0)
(0 0 0 0 0 0 0 0 0)
(0 0 0 0 0 0 0 0 0)
(0 0 0 0 0 0 0 0 0)
(0 0 0 0 0 0 0 0 0)
(0 0 0 0 0 0 0 0 0)
(0 0 0 0 0 0 0 0 0)
(0 0 0 0 0 0 0 0 0)
(0 0 0 0 0 0 0 0 0)
(0 0 0 0 0 0 0 0 0)
(0 0 0 0 0 0 0 0 0)
(0 0 0 0 0 0 0 0 0)
(0 0 0 0 0 0 0 0 0)
(0 0 0 0 0 0 0 0 0)
(0 0 0 0 0 0 0 0 0)
(0 0 0 0 0 0 0 0 0)
(0 0 0 0 0 0 0 0 0)
(0 0 0 0 0 0 0 0 0)
(0 0 0 0 0 0 0 0 0)
(0 0 0 0 0 0 0 0 0)
(0 0 0 0 0 0 0 0 0)
(0 0 0 0 0 0 0 0 0)
(0 0 0 0 0 0 0 0 0)
(0 0 0 0 0 0 0 0 0)
(0 0 0 0 0 0 0 0 0)
(0 0 0 0 0 0 0 0 0)
(0 0 0 0 0 0 0 0 0)
(0 0 0 0 0 0 0 0 0)
(0 0 0 0 0 0 0 0 0)
(0 0 0 0 0 0 0 0 0)
(0 0 0 0 0 0 0 0 0)
(0 0 0 0 0 0 0 0 0)
(0 0 0 0 0 0 0 0 0)
(0 0 0 0 0 0 0 0 0)
)
;

boundaryField
{
    inlet
    {
        type            extrapolatedCalculated;
        value           uniform (0 0 0 0 0 0 0 0 0);
    }
    outlet
    {
        type            extrapolatedCalculated;
        value           nonuniform List<tensor> 
36
(
(0 0 0 538290 0 0 0 0 0)
(0 0 0 0 0 0 0 0 0)
(0 0 0 0 0 0 0 0 0)
(0 0 0 0 0 0 0 0 0)
(0 0 0 0 0 0 0 0 0)
(0 0 0 0 0 0 0 0 0)
(0 0 0 0 0 0 0 0 0)
(0 0 0 0 0 0 0 0 0)
(0 0 0 0 0 0 0 0 0)
(0 0 0 0 0 0 0 0 0)
(0 0 0 0 0 0 0 0 0)
(0 0 0 0 0 0 0 0 0)
(0 0 0 0 0 0 0 0 0)
(0 0 0 0 0 0 0 0 0)
(0 0 0 0 0 0 0 0 0)
(0 0 0 0 0 0 0 0 0)
(0 0 0 0 0 0 0 0 0)
(0 0 0 0 0 0 0 0 0)
(0 0 0 0 0 0 0 0 0)
(0 0 0 0 0 0 0 0 0)
(0 0 0 0 0 0 0 0 0)
(0 0 0 0 0 0 0 0 0)
(0 0 0 0 0 0 0 0 0)
(0 0 0 0 0 0 0 0 0)
(0 0 0 0 0 0 0 0 0)
(0 0 0 0 0 0 0 0 0)
(0 0 0 0 0 0 0 0 0)
(0 0 0 0 0 0 0 0 0)
(0 0 0 0 0 0 0 0 0)
(0 0 0 0 0 0 0 0 0)
(0 0 0 0 0 0 0 0 0)
(0 0 0 0 0 0 0 0 0)
(0 0 0 0 0 0 0 0 0)
(0 0 0 0 0 0 0 0 0)
(0 0 0 0 0 0 0 0 0)
(0 0 0 0 0 0 0 0 0)
)
;
    }
    plate
    {
        type            extrapolatedCalculated;
        value           nonuniform List<tensor> 
40
(
(0 0 0 1.07658e+06 0 0 0 0 0)
(0 0 0 1.07658e+06 0 0 0 0 0)
(0 0 0 1.07658e+06 0 0 0 0 0)
(0 0 0 1.07658e+06 0 0 0 0 0)
(0 0 0 1.07658e+06 0 0 0 0 0)
(0 0 0 1.07658e+06 0 0 0 0 0)
(0 0 0 1.07658e+06 0 0 0 0 0)
(0 0 0 1.07658e+06 0 0 0 0 0)
(0 0 0 1.07658e+06 0 0 0 0 0)
(0 0 0 1.07658e+06 0 0 0 0 0)
(0 0 0 1.07658e+06 0 0 0 0 0)
(0 0 0 1.07658e+06 0 0 0 0 0)
(0 0 0 1.07658e+06 0 0 0 0 0)
(0 0 0 1.07658e+06 0 0 0 0 0)
(0 0 0 1.07658e+06 0 0 0 0 0)
(0 0 0 1.07658e+06 0 0 0 0 0)
(0 0 0 1.07658e+06 0 0 0 0 0)
(0 0 0 1.07658e+06 0 0 0 0 0)
(0 0 0 1.07658e+06 0 0 0 0 0)
(0 0 0 1.07658e+06 0 0 0 0 0)
(0 0 0 1.07658e+06 0 0 0 0 0)
(0 0 0 1.07658e+06 0 0 0 0 0)
(0 0 0 1.07658e+06 0 0 0 0 0)
(0 0 0 1.07658e+06 0 0 0 0 0)
(0 0 0 1.07658e+06 0 0 0 0 0)
(0 0 0 1.07658e+06 0 0 0 0 0)
(0 0 0 1.07658e+06 0 0 0 0 0)
(0 0 0 1.07658e+06 0 0 0 0 0)
(0 0 0 1.07658e+06 0 0 0 0 0)
(0 0 0 1.07658e+06 0 0 0 0 0)
(0 0 0 1.07658e+06 0 0 0 0 0)
(0 0 0 1.07658e+06 0 0 0 0 0)
(0 0 0 1.07658e+06 0 0 0 0 0)
(0 0 0 1.07658e+06 0 0 0 0 0)
(0 0 0 1.07658e+06 0 0 0 0 0)
(0 0 0 1.07658e+06 0 0 0 0 0)
(0 0 0 1.07658e+06 0 0 0 0 0)
(0 0 0 1.07658e+06 0 0 0 0 0)
(0 0 0 1.07658e+06 0 0 0 0 0)
(0 0 0 1.07658e+06 0 0 0 0 0)
)
;
    }
    farfield
    {
        type            extrapolatedCalculated;
        value           uniform (0 0 0 0 0 0 0 0 0);
    }
    upstreamSlip
    {
        type            symmetry;
    }
    frontAndBack
    {
        type            empty;
    }
}


// ************************************************************************* //
