/*--------------------------------*- C++ -*----------------------------------*\
| =========                 |                                                 |
| \\      /  F ield         | OpenFOAM: The Open Source CFD Toolbox           |
|  \\    /   O peration     | Version:  2512                                  |
|   \\  /    A nd           | Website:  www.openfoam.com                      |
|    \\/     M anipulation  |                                                 |
\*---------------------------------------------------------------------------*/
FoamFile
{
    version     2.0;
    format      ascii;
    arch        "LSB;label=32;scalar=64";
    class       surfaceScalarField;
    location    "0.00996967";
    object      phi;
}
// * * * * * * * * * * * * * * * * * * * * * * * * * * * * * * * * * * * * * //

dimensions      [1 0 -1 0 0 0 0];

oriented        oriented;

internalField   nonuniform List<scalar> 
3514
(
1.07551e-06
8.89717e-11
1.07534e-06
1.69677e-10
1.07506e-06
2.78103e-10
1.07465e-06
4.11422e-10
1.07406e-06
5.93372e-10
1.07318e-06
8.76582e-10
1.07183e-06
1.35231e-09
1.06883e-06
2.99664e-09
1.06422e-06
4.6074e-09
4.00041e-07
6.64183e-07
1.2027e-06
1.88454e-10
1.20251e-06
3.59431e-10
1.2022e-06
5.89089e-10
1.20174e-06
8.7148e-10
1.20107e-06
1.2569e-09
1.20009e-06
1.85674e-09
1.19858e-06
2.8645e-09
1.19524e-06
6.3386e-09
1.19016e-06
9.68506e-09
6.71435e-07
9.18766e-07
1.34493e-06
2.99242e-10
1.34471e-06
5.71982e-10
1.34437e-06
9.36686e-10
1.34385e-06
1.3856e-09
1.34311e-06
1.99835e-09
1.34201e-06
2.95119e-09
1.34032e-06
4.5545e-09
1.33666e-06
9.9999e-09
1.33083e-06
1.55215e-08
8.51782e-07
1.15048e-06
1.50397e-06
4.22561e-10
1.50374e-06
8.10123e-10
1.50335e-06
1.32516e-09
1.50277e-06
1.96007e-09
1.50194e-06
2.82681e-09
1.50072e-06
4.17297e-09
1.49883e-06
6.44299e-09
1.49484e-06
1.39962e-08
1.48813e-06
2.22316e-08
9.67876e-07
1.37203e-06
1.68183e-06
5.59771e-10
1.68156e-06
1.07695e-09
1.68113e-06
1.75932e-09
1.68049e-06
2.60192e-09
1.67956e-06
3.75236e-09
1.6782e-06
5.53661e-09
1.67609e-06
8.55289e-09
1.67174e-06
1.83456e-08
1.66403e-06
2.99406e-08
1.03894e-06
1.59297e-06
1.88072e-06
7.12385e-10
1.88042e-06
1.37597e-09
1.87994e-06
2.24447e-09
1.87922e-06
3.31899e-09
1.87819e-06
4.7863e-09
1.87667e-06
7.05824e-09
1.87431e-06
1.09096e-08
1.86958e-06
2.30698e-08
1.86075e-06
3.87772e-08
1.07895e-06
1.82074e-06
2.10313e-06
8.82095e-10
2.1028e-06
1.71103e-09
2.10226e-06
2.78659e-09
2.10146e-06
4.12003e-09
2.1003e-06
5.94117e-09
2.0986e-06
8.75584e-09
2.09597e-06
1.3541e-08
2.09085e-06
2.81955e-08
2.08076e-06
4.88673e-08
1.09806e-06
2.06164e-06
2.35185e-06
1.0708e-09
2.35147e-06
2.08649e-09
2.35087e-06
3.39232e-09
2.34997e-06
5.01478e-09
2.34868e-06
7.231e-09
2.34679e-06
1.06495e-08
2.34385e-06
1.64778e-08
2.33829e-06
3.37558e-08
2.32683e-06
6.03273e-08
1.1035e-06
2.32139e-06
2.62997e-06
1.28063e-09
2.62955e-06
2.50714e-09
2.62888e-06
4.06913e-09
2.62788e-06
6.01414e-09
2.62644e-06
8.67136e-09
2.62432e-06
1.27614e-08
2.62105e-06
1.97539e-08
2.61501e-06
3.9791e-08
2.60208e-06
7.3257e-08
1.10021e-06
2.60537e-06
2.94099e-06
1.51401e-09
2.94052e-06
2.97832e-09
2.93976e-06
4.82527e-09
2.93865e-06
7.13024e-09
2.93704e-06
1.02796e-08
2.93468e-06
1.51165e-08
2.93103e-06
2.34059e-08
2.92447e-06
4.63495e-08
2.91e-06
8.77326e-08
1.09138e-06
2.91882e-06
3.28879e-06
1.77365e-09
3.28826e-06
3.50593e-09
3.28741e-06
5.67003e-09
3.28617e-06
8.37659e-09
3.28437e-06
1.20751e-08
3.28175e-06
1.77424e-08
3.27768e-06
2.74739e-08
3.27054e-06
5.34876e-08
3.25447e-06
1.03799e-07
1.07896e-06
3.2669e-06
3.67771e-06
2.06261e-09
3.67712e-06
4.09653e-09
3.67618e-06
6.61368e-09
3.67479e-06
9.76822e-09
3.67278e-06
1.40793e-08
3.66986e-06
2.06694e-08
3.66533e-06
3.20015e-08
3.65755e-06
6.1269e-08
3.63988e-06
1.21463e-07
1.06401e-06
3.65483e-06
4.11263e-06
2.38436e-09
4.11197e-06
4.75734e-09
4.11092e-06
7.66771e-09
4.10936e-06
1.13218e-08
4.10713e-06
1.63157e-08
4.10387e-06
2.39313e-08
4.09883e-06
3.70353e-08
4.09034e-06
6.97631e-08
4.07111e-06
1.40689e-07
1.04711e-06
4.08801e-06
4.59899e-06
2.74276e-09
4.59825e-06
5.49635e-09
4.59707e-06
8.84481e-09
4.59534e-06
1.30558e-08
4.59284e-06
1.88107e-08
4.58921e-06
2.75646e-08
4.58362e-06
4.26253e-08
4.57434e-06
7.9043e-08
4.55363e-06
1.61393e-07
1.02858e-06
4.57217e-06
5.14285e-06
3.14214e-09
5.14203e-06
6.32238e-09
5.14071e-06
1.01591e-08
5.13878e-06
1.49906e-08
5.136e-06
2.15927e-08
5.13195e-06
3.16095e-08
5.12575e-06
4.88243e-08
5.11561e-06
8.91818e-08
5.09357e-06
1.83438e-07
1.00859e-06
5.11356e-06
5.75104e-06
3.58731e-09
5.75012e-06
7.24513e-09
5.74865e-06
1.16259e-08
5.74649e-06
1.71484e-08
5.74339e-06
2.46932e-08
5.73889e-06
3.6109e-08
5.73203e-06
5.56871e-08
5.72096e-06
1.00249e-07
5.69776e-06
2.06635e-07
9.87296e-07
5.71905e-06
6.43115e-06
4.08359e-09
6.43012e-06
8.27525e-09
6.42848e-06
1.32624e-08
6.42607e-06
1.95539e-08
6.42262e-06
2.8146e-08
6.41762e-06
4.11091e-08
6.41004e-06
6.32694e-08
6.39798e-06
1.12305e-07
6.37387e-06
2.30744e-07
9.6487e-07
6.3963e-06
7.19168e-06
4.63687e-09
7.19053e-06
9.42442e-09
7.18871e-06
1.50872e-08
7.18603e-06
2.22335e-08
7.18219e-06
3.19877e-08
7.17664e-06
4.66579e-08
7.16828e-06
7.16265e-08
7.15519e-06
1.25394e-07
7.13046e-06
2.55473e-07
9.41493e-07
7.15384e-06
8.04216e-06
5.25357e-09
8.04088e-06
1.07053e-08
8.03884e-06
1.71202e-08
8.03586e-06
2.52158e-08
8.03159e-06
3.6257e-08
8.02544e-06
5.28053e-08
8.01626e-06
8.08107e-08
8.00211e-06
1.3954e-07
7.9771e-06
2.80491e-07
9.17372e-07
8.00122e-06
8.99321e-06
5.94068e-09
8.99178e-06
1.21316e-08
8.98952e-06
1.93831e-08
8.9862e-06
2.85312e-08
8.98147e-06
4.09943e-08
8.97467e-06
5.9601e-08
8.96461e-06
9.08681e-08
8.94941e-06
1.54738e-07
8.92448e-06
3.0543e-07
8.92732e-07
8.94911e-06
1.00567e-05
6.70573e-09
1.00551e-05
1.37181e-08
1.00526e-05
2.18987e-08
1.00489e-05
3.22114e-08
1.00437e-05
4.6241e-08
1.00362e-05
6.70936e-08
1.00252e-05
1.01835e-07
1.0009e-05
1.70946e-07
9.98456e-06
3.29903e-07
8.67809e-07
1.00095e-05
1.1246e-05
7.55673e-09
1.12443e-05
1.54802e-08
1.12415e-05
2.46909e-08
1.12374e-05
3.62892e-08
1.12316e-05
5.20382e-08
1.12234e-05
7.5327e-08
1.12115e-05
1.13734e-07
1.11943e-05
1.8808e-07
1.11707e-05
3.53517e-07
8.42836e-07
1.11957e-05
1.2576e-05
8.50209e-09
1.2574e-05
1.74341e-08
1.25709e-05
2.77839e-08
1.25664e-05
4.07969e-08
1.256e-05
5.84249e-08
1.2551e-05
8.4338e-08
1.25382e-05
1.26566e-07
1.25202e-05
2.0601e-07
1.24979e-05
3.75889e-07
8.18036e-07
1.25227e-05
1.40632e-05
9.55044e-09
1.4061e-05
1.95962e-08
1.40576e-05
3.12017e-08
1.40526e-05
4.57653e-08
1.40456e-05
6.54355e-08
1.40358e-05
9.41518e-08
1.40221e-05
1.40305e-07
1.40035e-05
2.24556e-07
1.39827e-05
3.96673e-07
7.93613e-07
1.40072e-05
1.57263e-05
1.07105e-08
1.57239e-05
2.19823e-08
1.57201e-05
3.49664e-08
1.57147e-05
5.12216e-08
1.5707e-05
7.30965e-08
1.56964e-05
1.04776e-07
1.56818e-05
1.54895e-07
1.56628e-05
2.43493e-07
1.56439e-05
4.15573e-07
7.69747e-07
1.56678e-05
1.7586e-05
1.19904e-08
1.75834e-05
2.46073e-08
1.75793e-05
3.90972e-08
1.75733e-05
5.71865e-08
1.7565e-05
8.14223e-08
1.75536e-05
1.16198e-07
1.75382e-05
1.70237e-07
1.75192e-05
2.62554e-07
1.75024e-05
4.32361e-07
7.46595e-07
1.75255e-05
1.96657e-05
1.33981e-08
1.96629e-05
2.74834e-08
1.96584e-05
4.36072e-08
1.96519e-05
6.36702e-08
1.96429e-05
9.04097e-08
1.96307e-05
1.28372e-07
1.96148e-05
1.86193e-07
1.95959e-05
2.81443e-07
1.95813e-05
4.46898e-07
7.24293e-07
1.96036e-05
2.19914e-05
1.49397e-08
2.19883e-05
3.0619e-08
2.19834e-05
4.85009e-08
2.19764e-05
7.0668e-08
2.19667e-05
1.00031e-07
2.19539e-05
1.41218e-07
2.19375e-05
2.02581e-07
2.19191e-05
2.99855e-07
2.19069e-05
4.59137e-07
7.02967e-07
2.19282e-05
2.45921e-05
1.662e-08
2.45887e-05
3.4016e-08
2.45834e-05
5.37694e-08
2.45759e-05
7.81538e-08
2.45657e-05
1.10229e-07
2.45523e-05
1.54615e-07
2.45357e-05
2.19173e-07
2.45181e-05
3.17489e-07
2.45081e-05
4.69134e-07
6.82748e-07
2.45283e-05
2.75003e-05
1.84418e-08
2.74967e-05
3.76678e-08
2.74911e-05
5.93851e-08
2.74832e-05
8.60724e-08
2.74725e-05
1.20904e-07
2.74587e-05
1.68393e-07
2.74422e-05
2.35712e-07
2.74256e-05
3.34084e-07
2.74176e-05
4.77058e-07
6.63814e-07
2.74366e-05
3.07525e-05
2.04065e-08
3.07486e-05
4.15555e-08
3.07427e-05
6.52941e-08
3.07345e-05
9.43309e-08
3.07235e-05
1.31906e-07
3.07095e-05
1.82319e-07
3.06934e-05
2.51886e-07
3.06781e-05
3.49382e-07
3.0672e-05
4.83095e-07
6.46269e-07
3.06896e-05
3.43893e-05
2.25172e-08
3.43852e-05
4.56438e-08
3.43791e-05
7.14087e-08
3.43706e-05
1.02807e-07
3.43595e-05
1.43086e-07
3.43456e-05
1.96232e-07
3.43299e-05
2.67583e-07
3.43157e-05
3.63517e-07
3.43108e-05
4.87973e-07
6.30877e-07
3.43262e-05
3.84562e-05
2.47883e-08
3.8452e-05
4.98644e-08
3.84459e-05
7.74988e-08
3.84376e-05
1.11056e-07
3.8427e-05
1.53732e-07
3.84141e-05
2.09131e-07
3.84001e-05
2.81576e-07
3.83884e-05
3.75228e-07
3.83858e-05
4.9059e-07
6.15964e-07
3.84007e-05
4.30039e-05
2.73217e-08
4.29992e-05
5.4534e-08
4.29924e-05
8.43009e-08
4.29831e-05
1.20336e-07
4.29712e-05
1.65677e-07
4.29568e-05
2.23538e-07
4.29411e-05
2.97286e-07
4.29271e-05
3.89191e-07
4.29204e-05
4.97264e-07
6.09365e-07
4.2927e-05
4.80908e-05
2.87089e-08
4.80889e-05
5.64573e-08
4.80862e-05
8.69693e-08
4.80825e-05
1.24104e-07
4.80776e-05
1.70495e-07
4.80722e-05
2.2899e-07
4.80674e-05
3.02111e-07
4.80659e-05
3.90662e-07
4.80722e-05
4.90995e-07
5.91189e-07
4.80903e-05
5.37683e-05
5.37584e-05
5.37448e-05
5.37276e-05
5.37062e-05
5.36802e-05
5.365e-05
5.36179e-05
5.35889e-05
5.35695e-05
1.93092e-07
4.7109e-07
1.02731e-07
9.0361e-08
7.75984e-08
2.51328e-08
6.50285e-08
1.25698e-08
5.72156e-08
7.81299e-09
5.17253e-08
5.49019e-09
4.75775e-08
4.14779e-09
4.43103e-08
3.26699e-09
4.16655e-08
2.64472e-09
3.94814e-08
2.18353e-09
3.76522e-08
1.82891e-09
3.61066e-08
1.54457e-09
3.47953e-08
1.31019e-09
3.36829e-08
1.11115e-09
3.27422e-08
9.38244e-10
3.19516e-08
7.88613e-10
3.12923e-08
6.55998e-10
3.07477e-08
5.41488e-10
3.03027e-08
4.41346e-10
2.99429e-08
3.56264e-10
2.96552e-08
2.83487e-10
2.94279e-08
2.23335e-10
2.92502e-08
1.73554e-10
2.91127e-08
1.33465e-10
2.90074e-08
1.0126e-10
2.89279e-08
7.58139e-11
2.88684e-08
5.60009e-11
2.88243e-08
4.05678e-11
2.87923e-08
2.9024e-11
2.87695e-08
1.98785e-11
2.87533e-08
1.36649e-11
2.87421e-08
8.84497e-12
2.87347e-08
5.44297e-12
2.87299e-08
2.99677e-12
2.87267e-08
1.70066e-12
2.87245e-08
7.72708e-13
2.87231e-08
3.50786e-13
2.87225e-08
-3.32584e-13
2.87165e-08
5.23132e-12
1.50784e-11
5.25918e-07
8.63938e-07
3.48638e-07
2.67641e-07
2.69523e-07
1.04248e-07
2.26575e-07
5.55181e-08
1.99437e-07
3.49508e-08
1.80323e-07
2.46045e-08
1.65884e-07
1.85862e-08
1.54505e-07
1.46461e-08
1.45285e-07
1.18652e-08
1.37664e-07
9.80316e-09
1.31279e-07
8.21437e-09
1.25881e-07
6.94084e-09
1.21301e-07
5.88934e-09
1.17415e-07
4.99627e-09
1.14128e-07
4.22266e-09
1.11365e-07
3.5498e-09
1.0906e-07
2.95735e-09
1.07155e-07
2.44279e-09
1.05598e-07
1.9951e-09
1.04337e-07
1.61312e-09
1.03328e-07
1.28801e-09
1.02529e-07
1.0181e-09
1.01903e-07
7.95042e-10
1.01417e-07
6.14901e-10
1.01044e-07
4.69845e-10
1.00761e-07
3.54842e-10
1.00548e-07
2.6489e-10
1.00389e-07
1.95036e-10
1.00273e-07
1.41608e-10
1.0019e-07
1.00126e-10
1.0013e-07
7.05128e-11
1.00088e-07
4.79486e-11
1.0006e-07
3.1461e-11
1.00041e-07
1.9757e-11
1.00028e-07
1.26081e-11
1.0002e-07
7.6192e-12
1.00014e-07
4.77304e-12
1.00011e-07
1.70987e-12
9.99914e-08
2.40381e-11
5.14761e-11
8.45473e-07
1.16894e-06
6.40565e-07
4.72549e-07
5.17457e-07
2.27356e-07
4.40842e-07
1.32133e-07
3.89837e-07
8.59559e-08
3.53215e-07
6.12257e-08
3.25328e-07
4.64734e-08
3.03242e-07
3.67322e-08
2.85281e-07
2.98264e-08
2.70396e-07
2.46874e-08
2.57897e-07
2.07131e-08
2.47314e-07
1.75224e-08
2.3832e-07
1.48819e-08
2.30678e-07
1.26372e-08
2.24205e-07
1.06929e-08
2.18755e-07
8.99726e-09
2.14201e-07
7.5069e-09
2.10432e-07
6.20862e-09
2.07342e-07
5.08034e-09
2.04835e-07
4.11527e-09
2.02823e-07
3.29517e-09
2.01225e-07
2.6118e-09
1.99967e-07
2.04724e-09
1.98987e-07
1.58969e-09
1.98231e-07
1.22075e-09
1.97654e-07
9.27199e-10
1.97218e-07
6.97002e-10
1.96891e-07
5.17703e-10
1.96649e-07
3.79426e-10
1.96473e-07
2.72528e-10
1.96346e-07
1.94438e-10
1.96255e-07
1.35131e-10
1.96193e-07
9.11679e-11
1.9615e-07
5.99127e-11
1.96121e-07
3.95395e-11
1.96102e-07
2.53681e-11
1.96088e-07
1.66033e-11
1.9608e-07
9.17764e-12
1.96045e-07
5.76666e-11
1.06004e-10
1.15047e-06
1.39051e-06
9.57423e-07
6.65596e-07
8.13384e-07
3.71395e-07
7.09576e-07
2.35941e-07
6.34427e-07
1.61105e-07
5.78098e-07
1.17555e-07
5.34228e-07
9.03431e-08
4.99016e-07
7.19448e-08
4.70117e-07
5.87244e-08
4.4601e-07
4.87939e-08
4.25665e-07
4.10586e-08
4.08369e-07
3.48173e-08
3.93618e-07
2.96317e-08
3.81043e-07
2.52109e-08
3.70358e-07
2.13746e-08
3.61334e-07
1.80193e-08
3.53769e-07
1.5068e-08
3.47484e-07
1.24898e-08
3.42313e-07
1.0247e-08
3.381e-07
8.32352e-09
3.34703e-07
6.68726e-09
3.31989e-07
5.3196e-09
3.29844e-07
4.18741e-09
3.28161e-07
3.26652e-09
3.26855e-07
2.52173e-09
3.2585e-07
1.92708e-09
3.25083e-07
1.45859e-09
3.24503e-07
1.0923e-09
3.2407e-07
8.07915e-10
3.23751e-07
5.87884e-10
3.23517e-07
4.24535e-10
3.23348e-07
3.00215e-10
3.23229e-07
2.07204e-10
3.23145e-07
1.40358e-10
3.23087e-07
9.50403e-11
3.23047e-07
6.31806e-11
3.23019e-07
4.2483e-11
3.22999e-07
2.77932e-11
3.22949e-07
1.069e-10
1.77919e-10
1.44263e-06
1.54084e-06
1.28229e-06
8.25944e-07
1.14123e-06
5.1245e-07
1.02502e-06
3.52152e-07
9.32339e-07
2.53785e-07
8.58322e-07
1.91572e-07
7.98331e-07
1.50334e-07
7.48915e-07
1.2136e-07
7.07631e-07
1.00008e-07
6.72742e-07
8.36824e-08
6.43006e-07
7.07945e-08
6.17527e-07
6.02949e-08
5.95653e-07
5.15043e-08
5.76895e-07
4.39676e-08
5.60868e-07
3.73985e-08
5.47258e-07
3.16272e-08
5.35786e-07
2.65359e-08
5.26201e-07
2.20703e-08
5.18268e-07
1.81751e-08
5.11765e-07
1.48214e-08
5.06486e-07
1.1961e-08
5.0224e-07
9.55969e-09
4.98856e-07
7.56515e-09
4.96182e-07
5.93472e-09
4.94087e-07
4.61086e-09
4.92459e-07
3.54856e-09
4.91205e-07
2.70704e-09
4.90246e-07
2.04532e-09
4.89521e-07
1.52815e-09
4.88977e-07
1.12634e-09
4.88574e-07
8.23811e-10
4.88277e-07
5.92435e-10
4.88063e-07
4.17622e-10
4.8791e-07
2.90327e-10
4.878e-07
2.01213e-10
4.87723e-07
1.37671e-10
4.87668e-07
9.47713e-11
4.87627e-07
6.75249e-11
4.87556e-07
1.75441e-10
2.67671e-10
1.72688e-06
1.63471e-06
1.60588e-06
9.46938e-07
1.48459e-06
6.33743e-07
1.37247e-06
4.6427e-07
1.27419e-06
3.52068e-07
1.18976e-06
2.75997e-07
1.11757e-06
2.22524e-07
1.05575e-06
1.8318e-07
1.00261e-06
1.53151e-07
9.56726e-07
1.29568e-07
9.16961e-07
1.10559e-07
8.82434e-07
9.48212e-08
8.52461e-07
8.1477e-08
8.26505e-07
6.99216e-08
8.04133e-07
5.97688e-08
7.84973e-07
5.07849e-08
7.68691e-07
4.28144e-08
7.54975e-07
3.57822e-08
7.43528e-07
2.96179e-08
7.34063e-07
2.42815e-08
7.2631e-07
1.97083e-08
7.20017e-07
1.58475e-08
7.14952e-07
1.26238e-08
7.10908e-07
9.97216e-09
7.07706e-07
7.80678e-09
7.0519e-07
6.05831e-09
7.03227e-07
4.66328e-09
7.01708e-07
3.55855e-09
7.00542e-07
2.68849e-09
6.99654e-07
2.00803e-09
6.98984e-07
1.48883e-09
6.98483e-07
1.08876e-09
6.98113e-07
7.83417e-10
6.97841e-07
5.57558e-10
6.97643e-07
3.95232e-10
6.975e-07
2.77428e-10
6.97397e-07
1.95346e-10
6.97317e-07
1.45323e-10
6.97217e-07
2.72737e-10
3.78726e-10
2.00998e-06
1.68638e-06
1.92615e-06
1.03076e-06
1.83238e-06
7.27516e-07
1.73666e-06
5.59993e-07
1.64524e-06
4.4348e-07
1.56082e-06
3.60424e-07
1.48419e-06
2.99148e-07
1.41536e-06
2.5201e-07
1.3539e-06
2.14613e-07
1.2992e-06
1.84267e-07
1.25063e-06
1.59129e-07
1.20761e-06
1.37844e-07
1.16963e-06
1.19456e-07
1.13626e-06
1.03291e-07
1.10712e-06
8.8909e-08
1.08185e-06
7.60442e-08
1.06014e-06
6.45274e-08
1.04164e-06
5.4279e-08
1.02602e-06
4.52281e-08
1.01297e-06
3.73334e-08
1.00215e-06
3.05213e-08
9.93264e-07
2.47272e-08
9.86027e-07
1.98548e-08
9.80178e-07
1.58153e-08
9.75486e-07
1.24923e-08
9.71751e-07
9.78752e-09
9.68796e-07
7.61103e-09
9.66476e-07
5.87237e-09
9.64668e-07
4.4907e-09
9.63269e-07
3.40075e-09
9.62195e-07
2.55785e-09
9.61376e-07
1.90222e-09
9.60758e-07
1.39603e-09
9.60296e-07
1.01553e-09
9.59952e-07
7.35437e-10
9.59697e-07
5.28425e-10
9.59509e-07
3.80158e-10
9.59363e-07
2.89011e-10
9.59215e-07
4.17471e-10
5.19049e-10
2.2996e-06
1.70816e-06
2.24631e-06
1.08405e-06
2.18051e-06
7.93312e-07
2.10707e-06
6.33439e-07
2.03136e-06
5.19185e-07
1.95657e-06
4.35211e-07
1.88456e-06
3.71163e-07
1.81647e-06
3.20095e-07
1.75297e-06
2.78116e-07
1.69433e-06
2.42902e-07
1.64062e-06
2.12837e-07
1.59178e-06
1.86689e-07
1.54767e-06
1.63565e-07
1.50814e-06
1.42823e-07
1.473e-06
1.2405e-07
1.44203e-06
1.07007e-07
1.415e-06
9.15544e-08
1.39164e-06
7.76443e-08
1.37163e-06
6.52325e-08
1.35466e-06
5.42985e-08
1.3404e-06
4.4777e-08
1.32852e-06
3.66022e-08
1.31871e-06
2.96653e-08
1.31066e-06
2.3859e-08
1.30411e-06
1.90387e-08
1.29881e-06
1.50775e-08
1.29456e-06
1.18576e-08
1.29117e-06
9.25907e-09
1.28848e-06
7.17258e-09
1.28636e-06
5.50951e-09
1.28471e-06
4.2056e-09
1.28343e-06
3.18e-09
1.28244e-06
2.37835e-09
1.28169e-06
1.76559e-09
1.28111e-06
1.30476e-09
1.28068e-06
9.57741e-10
1.28035e-06
7.03055e-10
1.2801e-06
5.40734e-10
1.27988e-06
6.40722e-10
7.02802e-10
2.60375e-06
1.70978e-06
2.57295e-06
1.11485e-06
2.53108e-06
8.35179e-07
2.48009e-06
6.8443e-07
2.42374e-06
5.75535e-07
2.36456e-06
4.94391e-07
2.30431e-06
4.31419e-07
2.24439e-06
3.80009e-07
2.18594e-06
3.36574e-07
2.12976e-06
2.99075e-07
2.07647e-06
2.66131e-07
2.02647e-06
2.36683e-07
1.98007e-06
2.09966e-07
1.93746e-06
1.85441e-07
1.89872e-06
1.62783e-07
1.86389e-06
1.41837e-07
1.8329e-06
1.22543e-07
1.80562e-06
1.04924e-07
1.78186e-06
8.90006e-08
1.76135e-06
7.48025e-08
1.74383e-06
6.22992e-08
1.72898e-06
5.14436e-08
1.71651e-06
4.21325e-08
1.70612e-06
3.4252e-08
1.69751e-06
2.76395e-08
1.69044e-06
2.21453e-08
1.68467e-06
1.76281e-08
1.67998e-06
1.39406e-08
1.67621e-06
1.09451e-08
1.67318e-06
8.52934e-09
1.67078e-06
6.60838e-09
1.66887e-06
5.07862e-09
1.66738e-06
3.86691e-09
1.66622e-06
2.92531e-09
1.66532e-06
2.2029e-09
1.66463e-06
1.64897e-09
1.66409e-06
1.2333e-09
1.66368e-06
9.56444e-10
1.66333e-06
9.85863e-10
9.49985e-10
2.93032e-06
1.69828e-06
2.91453e-06
1.13065e-06
2.89064e-06
8.59076e-07
2.85859e-06
7.16476e-07
2.82073e-06
6.13391e-07
2.77871e-06
5.36419e-07
2.73364e-06
4.76481e-07
2.68664e-06
4.27018e-07
2.6387e-06
3.84507e-07
2.59075e-06
3.47026e-07
2.54357e-06
3.13319e-07
2.49781e-06
2.82441e-07
2.45404e-06
2.53735e-07
2.41272e-06
2.2676e-07
2.37421e-06
2.01297e-07
2.33876e-06
1.77291e-07
2.30652e-06
1.54787e-07
2.27753e-06
1.33908e-07
2.25177e-06
1.14766e-07
2.22911e-06
9.74659e-08
2.20937e-06
8.20387e-08
2.19234e-06
6.84794e-08
2.17776e-06
5.67102e-08
2.16539e-06
4.66293e-08
2.15496e-06
3.80711e-08
2.14623e-06
3.0875e-08
2.13897e-06
2.48858e-08
2.13297e-06
1.99364e-08
2.12805e-06
1.58655e-08
2.12404e-06
1.25411e-08
2.12079e-06
9.85992e-09
2.11817e-06
7.6965e-09
2.11608e-06
5.95928e-09
2.11442e-06
4.5873e-09
2.11311e-06
3.51531e-09
2.11208e-06
2.67888e-09
2.11128e-06
2.03841e-09
2.11064e-06
1.59332e-09
2.11013e-06
1.49971e-09
1.2832e-09
3.28688e-06
1.6783e-06
3.28016e-06
1.13736e-06
3.26828e-06
8.70959e-07
3.25013e-06
7.34626e-07
3.22714e-06
6.36379e-07
3.20031e-06
5.63253e-07
3.17015e-06
5.06638e-07
3.13725e-06
4.59923e-07
3.10225e-06
4.19501e-07
3.06585e-06
3.83431e-07
3.0287e-06
3.50467e-07
2.99145e-06
3.19693e-07
2.95469e-06
2.90489e-07
2.91899e-06
2.62468e-07
2.88481e-06
2.35481e-07
2.85254e-06
2.09554e-07
2.82251e-06
1.84829e-07
2.79489e-06
1.61525e-07
2.76981e-06
1.39849e-07
2.74729e-06
1.19994e-07
2.72727e-06
1.02063e-07
2.70965e-06
8.61075e-08
2.69428e-06
7.20931e-08
2.68097e-06
5.99452e-08
2.66953e-06
4.95107e-08
2.65978e-06
4.06316e-08
2.65152e-06
3.31517e-08
2.64457e-06
2.68943e-08
2.63876e-06
2.16833e-08
2.63393e-06
1.73741e-08
2.62995e-06
1.38507e-08
2.62668e-06
1.09704e-08
2.62402e-06
8.62591e-09
2.62187e-06
6.746e-09
2.62014e-06
5.25247e-09
2.61876e-06
4.06818e-09
2.61766e-06
3.14465e-09
2.61679e-06
2.47911e-09
2.61609e-06
2.20842e-09
1.71672e-09
3.68049e-06
1.65264e-06
3.67878e-06
1.13908e-06
3.67408e-06
8.75658e-07
3.66491e-06
7.43795e-07
3.65224e-06
6.49044e-07
3.63681e-06
5.78689e-07
3.61874e-06
5.24703e-07
3.59821e-06
4.80451e-07
3.57551e-06
4.42205e-07
3.551e-06
4.07946e-07
3.52509e-06
3.76375e-07
3.49824e-06
3.46542e-07
3.47092e-06
3.17807e-07
3.44361e-06
2.89785e-07
3.41675e-06
2.62346e-07
3.39074e-06
2.35562e-07
3.36594e-06
2.09633e-07
3.34262e-06
1.84852e-07
3.32098e-06
1.61502e-07
3.30113e-06
1.39854e-07
3.28312e-06
1.20079e-07
3.26696e-06
1.02286e-07
3.25257e-06
8.64889e-08
3.23988e-06
7.2648e-08
3.22877e-06
6.06327e-08
3.21912e-06
5.0297e-08
3.21079e-06
4.1494e-08
3.20365e-06
3.40479e-08
3.19757e-06
2.77759e-08
3.19243e-06
2.2529e-08
3.18811e-06
1.81861e-08
3.18451e-06
1.45928e-08
3.18152e-06
1.16312e-08
3.17905e-06
9.22403e-09
3.17704e-06
7.28384e-09
3.1754e-06
5.72313e-09
3.17407e-06
4.4866e-09
3.173e-06
3.56899e-09
3.17215e-06
3.08266e-09
2.24138e-09
4.11787e-06
1.62277e-06
4.11872e-06
1.13823e-06
4.11787e-06
8.76509e-07
4.11385e-06
7.47809e-07
4.10743e-06
6.55467e-07
4.09934e-06
5.86773e-07
4.08962e-06
5.34431e-07
4.0782e-06
4.9187e-07
4.06513e-06
4.55271e-07
4.05054e-06
4.22535e-07
4.03461e-06
3.92305e-07
4.01758e-06
3.63576e-07
3.99972e-06
3.35664e-07
3.98136e-06
3.08153e-07
3.96281e-06
2.809e-07
3.94439e-06
2.53981e-07
3.92641e-06
2.27623e-07
3.90911e-06
2.02155e-07
3.89271e-06
1.77912e-07
3.87736e-06
1.55215e-07
3.86316e-06
1.3429e-07
3.85017e-06
1.15292e-07
3.8384e-06
9.82764e-08
3.82782e-06
8.32382e-08
3.8184e-06
7.00705e-08
3.81008e-06
5.86426e-08
3.80277e-06
4.88226e-08
3.7964e-06
4.04412e-08
3.79088e-06
3.33146e-08
3.78614e-06
2.72956e-08
3.78208e-06
2.22641e-08
3.77864e-06
1.80593e-08
3.77574e-06
1.4557e-08
3.77331e-06
1.16789e-08
3.77128e-06
9.33205e-09
3.76961e-06
7.42194e-09
3.76823e-06
5.88903e-09
3.76711e-06
4.72598e-09
3.7662e-06
4.0179e-09
2.81372e-09
4.60554e-06
1.5894e-06
4.60772e-06
1.13606e-06
4.60873e-06
8.75503e-07
4.60738e-06
7.49157e-07
4.60425e-06
6.58596e-07
4.60025e-06
5.90772e-07
4.59544e-06
5.3924e-07
4.58971e-06
4.97595e-07
4.58302e-06
4.61963e-07
4.57536e-06
4.30199e-07
4.56676e-06
4.00901e-07
4.55731e-06
3.73028e-07
4.54712e-06
3.45852e-07
4.53636e-06
3.18921e-07
4.5252e-06
2.92066e-07
4.51383e-06
2.65348e-07
4.50247e-06
2.38991e-07
4.4913e-06
2.13337e-07
4.48048e-06
1.88742e-07
4.47015e-06
1.65556e-07
4.46041e-06
1.44039e-07
4.45134e-06
1.24374e-07
4.44299e-06
1.06648e-07
4.43536e-06
9.08832e-08
4.42846e-06
7.69921e-08
4.42227e-06
6.48574e-08
4.41675e-06
5.43626e-08
4.41187e-06
4.5347e-08
4.40758e-06
3.76279e-08
4.40384e-06
3.10626e-08
4.4006e-06
2.55358e-08
4.39781e-06
2.08833e-08
4.39541e-06
1.69775e-08
4.39338e-06
1.37423e-08
4.39166e-06
1.10827e-08
4.39022e-06
8.89931e-09
4.38901e-06
7.13066e-09
4.388e-06
5.76768e-09
4.38719e-06
4.86902e-09
3.37028e-09
5.15014e-06
1.55282e-06
5.1532e-06
1.13299e-06
5.15502e-06
8.73682e-07
5.15496e-06
7.49216e-07
5.15336e-06
6.60196e-07
5.15131e-06
5.92823e-07
5.14898e-06
5.41572e-07
5.14628e-06
5.00291e-07
5.14316e-06
4.65087e-07
5.13957e-06
4.33788e-07
5.13549e-06
4.04977e-07
5.13093e-06
3.77594e-07
5.12589e-06
3.50885e-07
5.12044e-06
3.24374e-07
5.11464e-06
2.97866e-07
5.10859e-06
2.71403e-07
5.10238e-06
2.45199e-07
5.09614e-06
2.19587e-07
5.08996e-06
1.9493e-07
5.08394e-06
1.71588e-07
5.07815e-06
1.49834e-07
5.07267e-06
1.29868e-07
5.06754e-06
1.11795e-07
5.06278e-06
9.56544e-08
5.05842e-06
8.13742e-08
5.05445e-06
6.88446e-08
5.05088e-06
5.79629e-08
5.04767e-06
4.85767e-08
5.04482e-06
4.05029e-08
5.04231e-06
3.36047e-08
5.0401e-06
2.77729e-08
5.03817e-06
2.2841e-08
5.0365e-06
1.86788e-08
5.03506e-06
1.52148e-08
5.03382e-06
1.23533e-08
5.03276e-06
9.99158e-09
5.03186e-06
8.06721e-09
5.0311e-06
6.56949e-09
5.03047e-06
5.53304e-09
3.86321e-09
5.7587e-06
1.51318e-06
5.76263e-06
1.12906e-06
5.76478e-06
8.71528e-07
5.76537e-06
7.48631e-07
5.76441e-06
6.61157e-07
5.76314e-06
5.94088e-07
5.76186e-06
5.4285e-07
5.76053e-06
5.01625e-07
5.75909e-06
4.66522e-07
5.75752e-06
4.35357e-07
5.75579e-06
4.06712e-07
5.75386e-06
3.79523e-07
5.75171e-06
3.53028e-07
5.74935e-06
3.26738e-07
5.74678e-06
3.00443e-07
5.74401e-06
2.74169e-07
5.7411e-06
2.48116e-07
5.73808e-06
2.22607e-07
5.73501e-06
1.98001e-07
5.73195e-06
1.74655e-07
5.72894e-06
1.52848e-07
5.72604e-06
1.32783e-07
5.72327e-06
1.14574e-07
5.72067e-06
9.82729e-08
5.71824e-06
8.38151e-08
5.716e-06
7.10948e-08
5.71397e-06
6.00204e-08
5.71211e-06
5.04462e-08
5.71045e-06
4.21873e-08
5.70897e-06
3.51119e-08
5.70764e-06
2.91181e-08
5.70647e-06
2.40364e-08
5.70544e-06
1.97342e-08
5.70454e-06
1.61453e-08
5.70375e-06
1.31744e-08
5.70305e-06
1.07155e-08
5.70244e-06
8.70565e-09
5.70191e-06
7.13241e-09
5.70147e-06
6.00981e-09
4.28998e-09
6.43891e-06
1.47057e-06
6.4439e-06
1.12408e-06
6.44619e-06
8.69238e-07
6.44716e-06
7.47662e-07
6.44647e-06
6.61845e-07
6.44546e-06
5.95095e-07
6.44455e-06
5.43764e-07
6.44372e-06
5.02452e-07
6.44295e-06
4.67292e-07
6.44222e-06
4.36089e-07
6.4415e-06
4.07429e-07
6.44076e-06
3.80259e-07
6.43997e-06
3.53815e-07
6.4391e-06
3.27606e-07
6.43813e-06
3.01412e-07
6.43705e-06
2.75249e-07
6.43586e-06
2.49307e-07
6.43458e-06
2.23896e-07
6.43321e-06
1.99368e-07
6.4318e-06
1.76073e-07
6.43036e-06
1.5429e-07
6.42893e-06
1.34217e-07
6.42754e-06
1.15976e-07
6.42619e-06
9.96241e-08
6.42492e-06
8.51008e-08
6.42372e-06
7.23005e-08
6.42261e-06
6.11415e-08
6.42158e-06
5.14837e-08
6.42065e-06
4.31377e-08
6.4198e-06
3.5977e-08
6.41902e-06
2.9907e-08
6.41832e-06
2.47545e-08
6.41769e-06
2.03838e-08
6.41712e-06
1.67353e-08
6.4166e-06
1.3714e-08
6.41612e-06
1.12103e-08
6.41569e-06
9.16084e-09
6.41529e-06
7.55133e-09
6.41494e-06
6.37745e-09
4.68406e-09
7.19926e-06
1.42515e-06
7.20562e-06
1.11772e-06
7.20798e-06
8.66876e-07
7.20924e-06
7.46398e-07
7.20871e-06
6.62375e-07
7.20776e-06
5.96044e-07
7.20693e-06
5.44594e-07
7.20625e-06
5.03138e-07
7.20568e-06
4.67854e-07
7.20523e-06
4.36536e-07
7.20488e-06
4.07781e-07
7.2046e-06
3.80545e-07
7.20434e-06
3.54071e-07
7.20407e-06
3.27869e-07
7.20377e-06
3.01715e-07
7.2034e-06
2.75617e-07
7.20296e-06
2.49754e-07
7.20242e-06
2.24428e-07
7.20181e-06
1.9998e-07
7.20113e-06
1.76753e-07
7.20041e-06
1.55021e-07
7.19965e-06
1.34979e-07
7.19888e-06
1.1675e-07
7.19811e-06
1.00395e-07
7.19736e-06
8.58561e-08
7.19664e-06
7.30265e-08
7.19595e-06
6.18334e-08
7.1953e-06
5.21414e-08
7.19469e-06
4.37551e-08
7.19412e-06
3.65532e-08
7.19359e-06
3.04493e-08
7.19309e-06
2.5265e-08
7.19262e-06
2.08612e-08
7.19218e-06
1.71856e-08
7.19176e-06
1.41435e-08
7.19136e-06
1.16214e-08
7.19098e-06
9.55529e-09
7.19061e-06
7.92913e-09
7.19028e-06
6.72223e-09
5.08456e-09
8.04922e-06
1.37715e-06
8.05731e-06
1.10963e-06
8.05974e-06
8.64438e-07
8.06128e-06
7.44866e-07
8.06089e-06
6.62758e-07
8.05995e-06
5.96987e-07
8.05911e-06
5.45435e-07
8.05843e-06
5.03814e-07
8.05791e-06
4.68377e-07
8.05753e-06
4.36914e-07
8.05728e-06
4.08028e-07
8.05713e-06
3.80691e-07
8.05705e-06
3.54153e-07
8.05699e-06
3.27927e-07
8.05692e-06
3.01787e-07
8.0568e-06
2.75734e-07
8.05661e-06
2.4994e-07
8.05635e-06
2.24693e-07
8.056e-06
2.00326e-07
8.05558e-06
1.77174e-07
8.0551e-06
1.55507e-07
8.05456e-06
1.35511e-07
8.05401e-06
1.1731e-07
8.05343e-06
1.00971e-07
8.05285e-06
8.64383e-08
8.05228e-06
7.3599e-08
8.05173e-06
6.23918e-08
8.05118e-06
5.26858e-08
8.05067e-06
4.42773e-08
8.05017e-06
3.70514e-08
8.04969e-06
3.09305e-08
8.04923e-06
2.57299e-08
8.04879e-06
2.13065e-08
8.04836e-06
1.76167e-08
8.04795e-06
1.45657e-08
8.04754e-06
1.20354e-08
8.04713e-06
9.96156e-09
8.04674e-06
8.32621e-09
8.04637e-06
7.09317e-09
5.52012e-09
8.99939e-06
1.32687e-06
9.00958e-06
1.09944e-06
9.01215e-06
8.61869e-07
9.01393e-06
7.4308e-07
9.01372e-06
6.62966e-07
9.01279e-06
5.97925e-07
9.01191e-06
5.4631e-07
9.01121e-06
5.04515e-07
9.01067e-06
4.68916e-07
9.01029e-06
4.37292e-07
9.01006e-06
4.08258e-07
9.00995e-06
3.80804e-07
9.00991e-06
3.54187e-07
9.00991e-06
3.27925e-07
9.00991e-06
3.01791e-07
9.00986e-06
2.7578e-07
9.00975e-06
2.50052e-07
9.00955e-06
2.24887e-07
9.00927e-06
2.00607e-07
9.00891e-06
1.77537e-07
9.00847e-06
1.55942e-07
9.00799e-06
1.36e-07
9.00746e-06
1.17835e-07
9.00691e-06
1.01522e-07
9.00635e-06
8.70023e-08
9.00579e-06
7.41601e-08
9.00524e-06
6.29455e-08
9.00469e-06
5.32325e-08
9.00416e-06
4.48073e-08
9.00365e-06
3.75621e-08
9.00315e-06
3.14303e-08
9.00267e-06
2.62184e-08
9.0022e-06
2.17791e-08
9.00174e-06
1.80792e-08
9.00128e-06
1.50237e-08
9.00083e-06
1.24886e-08
9.00038e-06
1.04094e-08
8.99994e-06
8.76654e-09
8.99952e-06
7.51092e-09
5.98478e-09
1.00616e-05
1.27474e-06
1.00743e-05
1.08679e-06
1.00771e-05
8.59065e-07
1.00791e-05
7.41055e-07
1.00791e-05
6.62959e-07
1.00782e-05
5.98833e-07
1.00773e-05
5.47216e-07
1.00766e-05
5.05249e-07
1.0076e-05
4.69479e-07
1.00756e-05
4.37687e-07
1.00754e-05
4.08494e-07
1.00752e-05
3.80912e-07
1.00752e-05
3.54208e-07
1.00752e-05
3.27906e-07
1.00753e-05
3.01776e-07
1.00752e-05
2.75807e-07
1.00751e-05
2.50151e-07
1.00749e-05
2.25073e-07
1.00747e-05
2.00886e-07
1.00743e-05
1.77907e-07
1.00738e-05
1.56391e-07
1.00733e-05
1.36509e-07
1.00728e-05
1.18386e-07
1.00722e-05
1.02104e-07
1.00716e-05
8.76015e-08
1.0071e-05
7.47582e-08
1.00704e-05
6.35386e-08
1.00698e-05
5.38214e-08
1.00693e-05
4.53796e-08
1.00687e-05
3.81153e-08
1.00682e-05
3.19739e-08
1.00676e-05
2.67511e-08
1.00671e-05
2.22951e-08
1.00666e-05
1.85856e-08
1.00661e-05
1.55266e-08
1.00656e-05
1.29875e-08
1.00651e-05
1.09041e-08
1.00646e-05
9.25533e-09
1.00641e-05
7.97846e-09
6.537e-09
1.12492e-05
1.22123e-06
1.12646e-05
1.07136e-06
1.12678e-05
8.55869e-07
1.12701e-05
7.38801e-07
1.12703e-05
6.62697e-07
1.12695e-05
5.99677e-07
1.12686e-05
5.48143e-07
1.12678e-05
5.06012e-07
1.12672e-05
4.70068e-07
1.12668e-05
4.38099e-07
1.12665e-05
4.08741e-07
1.12664e-05
3.81022e-07
1.12664e-05
3.54224e-07
1.12664e-05
3.27879e-07
1.12665e-05
3.01753e-07
1.12664e-05
2.7583e-07
1.12663e-05
2.50251e-07
1.12661e-05
2.25268e-07
1.12658e-05
2.01183e-07
1.12654e-05
1.78302e-07
1.1265e-05
1.56873e-07
1.12644e-05
1.37058e-07
1.12638e-05
1.18981e-07
1.12632e-05
1.02734e-07
1.12625e-05
8.82519e-08
1.12619e-05
7.54083e-08
1.12613e-05
6.41854e-08
1.12606e-05
5.44664e-08
1.126e-05
4.6008e-08
1.12594e-05
3.87247e-08
1.12588e-05
3.25764e-08
1.12582e-05
2.73439e-08
1.12576e-05
2.28703e-08
1.1257e-05
1.91511e-08
1.12565e-05
1.60884e-08
1.12559e-05
1.35434e-08
1.12554e-05
1.14528e-08
1.12548e-05
9.79515e-09
1.12543e-05
8.50004e-09
7.04265e-09
1.2577e-05
1.16691e-06
1.25954e-05
1.05294e-06
1.25992e-05
8.52067e-07
1.26017e-05
7.36328e-07
1.26022e-05
6.62139e-07
1.26015e-05
6.00412e-07
1.26006e-05
5.4907e-07
1.25998e-05
5.06794e-07
1.25992e-05
4.70675e-07
1.25988e-05
4.38527e-07
1.25985e-05
4.08995e-07
1.25984e-05
3.81132e-07
1.25984e-05
3.54236e-07
1.25984e-05
3.27844e-07
1.25984e-05
3.01724e-07
1.25984e-05
2.7585e-07
1.25983e-05
2.50355e-07
1.25981e-05
2.25474e-07
1.25978e-05
2.01498e-07
1.25974e-05
1.78725e-07
1.25968e-05
1.57391e-07
1.25963e-05
1.37648e-07
1.25956e-05
1.19622e-07
1.25949e-05
1.03414e-07
1.25942e-05
8.8956e-08
1.25935e-05
7.61107e-08
1.25928e-05
6.48841e-08
1.25921e-05
5.51632e-08
1.25915e-05
4.66839e-08
1.25908e-05
3.93778e-08
1.25902e-05
3.32226e-08
1.25895e-05
2.798e-08
1.25889e-05
2.34884e-08
1.25883e-05
1.97634e-08
1.25877e-05
1.67021e-08
1.25871e-05
1.41565e-08
1.25865e-05
1.20645e-08
1.25858e-05
1.04026e-08
1.25853e-05
9.09157e-09
7.80956e-09
1.40616e-05
1.11244e-06
1.40832e-05
1.03139e-06
1.40878e-05
8.47399e-07
1.40905e-05
7.33628e-07
1.40914e-05
6.61252e-07
1.40909e-05
6.00985e-07
1.409e-05
5.4997e-07
1.40892e-05
5.07583e-07
1.40885e-05
4.71292e-07
1.40881e-05
4.38962e-07
1.40878e-05
4.09252e-07
1.40877e-05
3.81239e-07
1.40877e-05
3.5424e-07
1.40878e-05
3.278e-07
1.40878e-05
3.01686e-07
1.40878e-05
2.75867e-07
1.40877e-05
2.50461e-07
1.40875e-05
2.25691e-07
1.40871e-05
2.01833e-07
1.40867e-05
1.79177e-07
1.40861e-05
1.57948e-07
1.40855e-05
1.38285e-07
1.40848e-05
1.20315e-07
1.40841e-05
1.04156e-07
1.40833e-05
8.97293e-08
1.40825e-05
7.68862e-08
1.40817e-05
6.56629e-08
1.40809e-05
5.5948e-08
1.40802e-05
4.74486e-08
1.40794e-05
4.01188e-08
1.40787e-05
3.39578e-08
1.4078e-05
2.86999e-08
1.40773e-05
2.41794e-08
1.40766e-05
2.04397e-08
1.40759e-05
1.73712e-08
1.40753e-05
1.48154e-08
1.40746e-05
1.27117e-08
1.4074e-05
1.10416e-08
1.40734e-05
9.71741e-09
8.24471e-09
1.57218e-05
1.05847e-06
1.57464e-05
1.00676e-06
1.57522e-05
8.41569e-07
1.57552e-05
7.30672e-07
1.57564e-05
6.6001e-07
1.57561e-05
6.01337e-07
1.57553e-05
5.50808e-07
1.57545e-05
5.08359e-07
1.57539e-05
4.71905e-07
1.57534e-05
4.39395e-07
1.57532e-05
4.09505e-07
1.57531e-05
3.81338e-07
1.57531e-05
3.54232e-07
1.57531e-05
3.27742e-07
1.57532e-05
3.01636e-07
1.57532e-05
2.75874e-07
1.57531e-05
2.50563e-07
1.57528e-05
2.25912e-07
1.57525e-05
2.02179e-07
1.5752e-05
1.79648e-07
1.57514e-05
1.5853e-07
1.57508e-05
1.38949e-07
1.57501e-05
1.21034e-07
1.57493e-05
1.04923e-07
1.57485e-05
9.05236e-08
1.57477e-05
7.76734e-08
1.57469e-05
6.64503e-08
1.57461e-05
5.67437e-08
1.57454e-05
4.82237e-08
1.57446e-05
4.08766e-08
1.57438e-05
3.47255e-08
1.57431e-05
2.94686e-08
1.57423e-05
2.49355e-08
1.57416e-05
2.11998e-08
1.57408e-05
1.81442e-08
1.574e-05
1.55882e-08
1.57392e-05
1.34854e-08
1.57385e-05
1.18133e-08
1.57377e-05
1.04766e-08
9.42911e-09
1.75783e-05
1.00569e-06
1.76058e-05
9.79236e-07
1.76131e-05
8.34275e-07
1.76164e-05
7.27394e-07
1.7618e-05
6.58391e-07
1.76179e-05
6.01406e-07
1.76172e-05
5.51536e-07
1.76165e-05
5.09098e-07
1.76159e-05
4.72498e-07
1.76155e-05
4.39815e-07
1.76152e-05
4.09746e-07
1.76151e-05
3.81424e-07
1.76152e-05
3.54211e-07
1.76152e-05
3.27672e-07
1.76153e-05
3.01577e-07
1.76153e-05
2.7588e-07
1.76152e-05
2.50675e-07
1.76149e-05
2.26154e-07
1.76145e-05
2.02562e-07
1.7614e-05
1.80174e-07
1.76133e-05
1.59188e-07
1.76126e-05
1.39708e-07
1.76118e-05
1.21865e-07
1.76109e-05
1.05824e-07
1.76099e-05
9.14676e-08
1.7609e-05
7.86114e-08
1.7608e-05
6.73908e-08
1.76071e-05
5.76897e-08
1.76062e-05
4.91238e-08
1.76053e-05
4.17316e-08
1.76045e-05
3.55681e-08
1.76037e-05
3.02815e-08
1.76029e-05
2.56922e-08
1.76022e-05
2.19461e-08
1.76014e-05
1.88746e-08
1.76007e-05
1.63162e-08
1.76e-05
1.42184e-08
1.75992e-05
1.25469e-08
1.75985e-05
1.11924e-08
9.52146e-09
1.96546e-05
9.54755e-07
1.96846e-05
9.49207e-07
1.96936e-05
8.25249e-07
1.96973e-05
7.23691e-07
1.96993e-05
6.56381e-07
1.96996e-05
6.01129e-07
1.9699e-05
5.52098e-07
1.96984e-05
5.09765e-07
1.96978e-05
4.73045e-07
1.96974e-05
4.40197e-07
1.96972e-05
4.09953e-07
1.96972e-05
3.81473e-07
1.96972e-05
3.54146e-07
1.96974e-05
3.27553e-07
1.96975e-05
3.01465e-07
1.96975e-05
2.75828e-07
1.96975e-05
2.50724e-07
1.96973e-05
2.26328e-07
1.9697e-05
2.02868e-07
1.96965e-05
1.80616e-07
1.9696e-05
1.59755e-07
1.96953e-05
1.40364e-07
1.96946e-05
1.22582e-07
1.96938e-05
1.06614e-07
1.9693e-05
9.23117e-08
1.96921e-05
7.94598e-08
1.96912e-05
6.82749e-08
1.96903e-05
5.86247e-08
1.96894e-05
5.00582e-08
1.96884e-05
4.26692e-08
1.96874e-05
3.65595e-08
1.96864e-05
3.12831e-08
1.96854e-05
2.66968e-08
1.96844e-05
2.29441e-08
1.96835e-05
1.98594e-08
1.96825e-05
1.72997e-08
1.96815e-05
1.52048e-08
1.96805e-05
1.35318e-08
1.96795e-05
1.21908e-08
1.1567e-08
2.19766e-05
9.06292e-07
2.20086e-05
9.17234e-07
2.20196e-05
8.14297e-07
2.20238e-05
7.19427e-07
2.20263e-05
6.53967e-07
2.20269e-05
6.00456e-07
2.20266e-05
5.52436e-07
2.2026e-05
5.10333e-07
2.20255e-05
4.73541e-07
2.20252e-05
4.40555e-07
2.20249e-05
4.10158e-07
2.20249e-05
3.81542e-07
2.20249e-05
3.54121e-07
2.2025e-05
3.27495e-07
2.2025e-05
3.01437e-07
2.20249e-05
2.75887e-07
2.20247e-05
2.50914e-07
2.20244e-05
2.26674e-07
2.20239e-05
2.03376e-07
2.20232e-05
1.81293e-07
2.20224e-05
1.60584e-07
2.20214e-05
1.41294e-07
2.20205e-05
1.23569e-07
2.20194e-05
1.07674e-07
2.20183e-05
9.33965e-08
2.20173e-05
8.04792e-08
2.20163e-05
6.92734e-08
2.20153e-05
5.96173e-08
2.20144e-05
5.0932e-08
2.20136e-05
4.3474e-08
2.20128e-05
3.73485e-08
2.20121e-05
3.20331e-08
2.20113e-05
2.74594e-08
2.20106e-05
2.36925e-08
2.20098e-05
2.05989e-08
2.20091e-05
1.80433e-08
2.20083e-05
1.59597e-08
2.20076e-05
1.42967e-08
2.20068e-05
1.29197e-08
1.07423e-08
2.45738e-05
8.60848e-07
2.4607e-05
8.84035e-07
2.46199e-05
8.0134e-07
2.46249e-05
7.14421e-07
2.46278e-05
6.51101e-07
2.4629e-05
5.99297e-07
2.4629e-05
5.52421e-07
2.46287e-05
5.10659e-07
2.46284e-05
4.73824e-07
2.46282e-05
4.4069e-07
2.46283e-05
4.10123e-07
2.46285e-05
3.81346e-07
2.46288e-05
3.53807e-07
2.46291e-05
3.27124e-07
2.46295e-05
3.01074e-07
2.46298e-05
2.75594e-07
2.463e-05
2.50738e-07
2.463e-05
2.26646e-07
2.46299e-05
2.03506e-07
2.46295e-05
1.81602e-07
2.46291e-05
1.61071e-07
2.46284e-05
1.41915e-07
2.46277e-05
1.24298e-07
2.46268e-05
1.08564e-07
2.46258e-05
9.4418e-08
2.46247e-05
8.15444e-08
2.46236e-05
7.04516e-08
2.46222e-05
6.09462e-08
2.46209e-05
5.22551e-08
2.46195e-05
4.48487e-08
2.46182e-05
3.86757e-08
2.46169e-05
3.33542e-08
2.46156e-05
2.87923e-08
2.46142e-05
2.50133e-08
2.46129e-05
2.19075e-08
2.46116e-05
1.93482e-08
2.46103e-05
1.72649e-08
2.4609e-05
1.56025e-08
2.46076e-05
1.43053e-08
1.44226e-08
2.74785e-05
8.18933e-07
2.7512e-05
8.50495e-07
2.75268e-05
7.86536e-07
2.75327e-05
7.08604e-07
2.75359e-05
6.47884e-07
2.75373e-05
5.97822e-07
2.75375e-05
5.52275e-07
2.75371e-05
5.1108e-07
2.75365e-05
4.7435e-07
2.75361e-05
4.4116e-07
2.75357e-05
4.10487e-07
2.75354e-05
3.81592e-07
2.75353e-05
3.53959e-07
2.75352e-05
3.27229e-07
2.75351e-05
3.01192e-07
2.75349e-05
2.7578e-07
2.75346e-05
2.51037e-07
2.75341e-05
2.27078e-07
2.75336e-05
2.04064e-07
2.75329e-05
1.82308e-07
2.7532e-05
1.61909e-07
2.75312e-05
1.42779e-07
2.75303e-05
1.25134e-07
2.75295e-05
1.09451e-07
2.75286e-05
9.5286e-08
2.7528e-05
8.2159e-08
2.75273e-05
7.11115e-08
2.75268e-05
6.14838e-08
2.75262e-05
5.28508e-08
2.75256e-05
4.54425e-08
2.7525e-05
3.92247e-08
2.75245e-05
3.3899e-08
2.75239e-05
2.935e-08
2.75234e-05
2.55716e-08
2.75228e-05
2.24711e-08
2.75222e-05
1.99317e-08
2.75216e-05
1.78796e-08
2.75209e-05
1.62496e-08
2.75204e-05
1.48467e-08
1.17665e-08
3.07277e-05
7.80828e-07
3.07608e-05
8.17349e-07
3.07775e-05
7.69875e-07
3.07847e-05
7.01389e-07
3.0789e-05
6.43588e-07
3.07917e-05
5.95086e-07
3.07932e-05
5.50794e-07
3.07941e-05
5.1022e-07
3.07948e-05
4.7365e-07
3.07955e-05
4.40464e-07
3.07962e-05
4.0976e-07
3.07969e-05
3.80835e-07
3.07977e-05
3.53198e-07
3.07984e-05
3.26508e-07
3.0799e-05
3.00566e-07
3.07995e-05
2.75304e-07
3.07998e-05
2.50756e-07
3.07999e-05
2.27024e-07
3.07997e-05
2.04239e-07
3.07992e-05
1.82771e-07
3.07985e-05
1.62667e-07
3.07975e-05
1.43776e-07
3.07963e-05
1.26306e-07
3.07948e-05
1.10979e-07
3.0793e-05
9.70426e-08
3.07911e-05
8.40578e-08
3.07892e-05
7.30021e-08
3.07874e-05
6.33522e-08
3.07854e-05
5.47768e-08
3.07835e-05
4.7373e-08
3.07816e-05
4.11197e-08
3.07797e-05
3.57791e-08
3.07779e-05
3.12242e-08
3.0776e-05
2.7424e-08
3.07742e-05
2.4296e-08
3.07724e-05
2.17342e-08
3.07706e-05
1.96649e-08
3.07688e-05
1.80334e-08
3.07668e-05
1.68704e-08
1.80887e-08
3.43595e-05
7.47587e-07
3.43903e-05
7.86564e-07
3.44068e-05
7.53319e-07
3.44135e-05
6.94724e-07
3.44165e-05
6.40605e-07
3.44177e-05
5.9384e-07
3.44177e-05
5.50826e-07
3.4417e-05
5.1087e-07
3.44163e-05
4.7436e-07
3.44158e-05
4.40992e-07
3.44155e-05
4.10046e-07
3.44154e-05
3.80886e-07
3.44156e-05
3.53052e-07
3.44159e-05
3.26227e-07
3.44162e-05
3.00219e-07
3.44165e-05
2.74955e-07
3.44168e-05
2.50455e-07
3.44171e-05
2.26784e-07
3.44173e-05
2.04006e-07
3.44174e-05
1.82646e-07
3.44175e-05
1.62623e-07
3.44177e-05
1.43564e-07
3.44181e-05
1.25899e-07
3.44184e-05
1.1068e-07
3.44188e-05
9.66605e-08
3.4419e-05
8.38584e-08
3.44192e-05
7.27723e-08
3.44194e-05
6.31216e-08
3.44196e-05
5.4605e-08
3.44197e-05
4.72367e-08
3.44198e-05
4.09914e-08
3.44199e-05
3.56806e-08
3.442e-05
3.11742e-08
3.442e-05
2.74211e-08
3.44199e-05
2.43454e-08
3.44198e-05
2.18516e-08
3.44196e-05
1.98661e-08
3.44193e-05
1.8312e-08
3.44193e-05
1.68784e-08
1.26642e-08
3.84315e-05
7.16782e-07
3.84628e-05
7.55235e-07
3.84836e-05
7.32521e-07
3.84954e-05
6.8292e-07
3.85031e-05
6.32959e-07
3.85085e-05
5.88426e-07
3.8512e-05
5.47288e-07
3.85142e-05
5.08724e-07
3.85155e-05
4.73045e-07
3.85163e-05
4.4016e-07
3.85168e-05
4.09531e-07
3.85171e-05
3.80598e-07
3.85172e-05
3.52947e-07
3.85171e-05
3.263e-07
3.85168e-05
3.00492e-07
3.85163e-05
2.75466e-07
3.85155e-05
2.51247e-07
3.85144e-05
2.27913e-07
3.8513e-05
2.05419e-07
3.85111e-05
1.84497e-07
3.85088e-05
1.65001e-07
3.85061e-05
1.46223e-07
3.85032e-05
1.28851e-07
3.85003e-05
1.13563e-07
3.84974e-05
9.96084e-08
3.84943e-05
8.69325e-08
3.84912e-05
7.58165e-08
3.84883e-05
6.61178e-08
3.84853e-05
5.75855e-08
3.84823e-05
5.01769e-08
3.84795e-05
4.38547e-08
3.84767e-05
3.84688e-08
3.8474e-05
3.38921e-08
3.84714e-05
3.00581e-08
3.84688e-05
2.68939e-08
3.84664e-05
2.4314e-08
3.8464e-05
2.22532e-08
3.84616e-05
2.06835e-08
3.84587e-05
1.9797e-08
2.22045e-08
4.29455e-05
6.98288e-07
4.29649e-05
7.35829e-07
4.29768e-05
7.20647e-07
4.29822e-05
6.77581e-07
4.29851e-05
6.30059e-07
4.29874e-05
5.86099e-07
4.29894e-05
5.45253e-07
4.29913e-05
5.06788e-07
4.29934e-05
4.70944e-07
4.29958e-05
4.37774e-07
4.29985e-05
4.06865e-07
4.30014e-05
3.77701e-07
4.30044e-05
3.49874e-07
4.30076e-05
3.23108e-07
4.30109e-05
2.97244e-07
4.30141e-05
2.7222e-07
4.30173e-05
2.48044e-07
4.30205e-05
2.24723e-07
4.3024e-05
2.01905e-07
4.30271e-05
1.81349e-07
4.30304e-05
1.61696e-07
4.30335e-05
1.43191e-07
4.30362e-05
1.2608e-07
4.30389e-05
1.10837e-07
4.30415e-05
9.70637e-08
4.30438e-05
8.46212e-08
4.30459e-05
7.3658e-08
4.30479e-05
6.40988e-08
4.30498e-05
5.57406e-08
4.30514e-05
4.85013e-08
4.30529e-05
4.23278e-08
4.30543e-05
3.70959e-08
4.30555e-05
3.26846e-08
4.30565e-05
2.90178e-08
4.30574e-05
2.60249e-08
4.30581e-05
2.36295e-08
4.30585e-05
2.17673e-08
4.30589e-05
2.0357e-08
4.30597e-05
1.89705e-08
1.41663e-08
4.81188e-05
6.69794e-07
4.81483e-05
7.06365e-07
4.81698e-05
6.99132e-07
4.81819e-05
6.6549e-07
4.81877e-05
6.24222e-07
4.819e-05
5.83861e-07
4.81898e-05
5.45475e-07
4.81878e-05
5.08768e-07
4.81847e-05
4.74009e-07
4.81811e-05
4.41427e-07
4.81771e-05
4.10839e-07
4.81729e-05
3.81867e-07
4.81686e-05
3.54173e-07
4.81642e-05
3.27527e-07
4.81597e-05
3.01797e-07
4.8155e-05
2.76938e-07
4.815e-05
2.52992e-07
4.81446e-05
2.30116e-07
4.81388e-05
2.07765e-07
4.81332e-05
1.86969e-07
4.81275e-05
1.67375e-07
4.81218e-05
1.48927e-07
4.8116e-05
1.31831e-07
4.81105e-05
1.16423e-07
4.8105e-05
1.02502e-07
4.80997e-05
8.99206e-08
4.80947e-05
7.87517e-08
4.80898e-05
6.89548e-08
4.80852e-05
6.037e-08
4.80808e-05
5.28987e-08
4.80767e-05
4.64774e-08
4.80728e-05
4.09976e-08
4.80691e-05
3.63442e-08
4.80657e-05
3.24337e-08
4.80626e-05
2.91945e-08
4.80597e-05
2.65565e-08
4.8057e-05
2.44749e-08
4.80543e-05
2.29885e-08
4.80508e-05
2.25174e-08
2.55361e-08
5.35638e-05
5.35701e-05
5.3583e-05
5.3598e-05
5.36133e-05
5.36284e-05
5.3643e-05
5.3657e-05
5.36704e-05
5.36833e-05
5.36958e-05
5.37081e-05
5.37202e-05
5.37321e-05
5.37439e-05
5.37555e-05
5.37668e-05
5.37779e-05
5.37886e-05
5.37988e-05
5.38086e-05
5.38177e-05
5.38263e-05
5.38342e-05
5.38416e-05
5.38484e-05
5.38545e-05
5.38602e-05
5.38654e-05
5.387e-05
5.38742e-05
5.3878e-05
5.38814e-05
5.38844e-05
5.3887e-05
5.38892e-05
5.38909e-05
5.38923e-05
5.38942e-05
)
;

boundaryField
{
    inlet
    {
        type            calculated;
        value           nonuniform List<scalar> 
36
(
-1.0756e-06
-1.2028e-06
-1.34504e-06
-1.5041e-06
-1.68197e-06
-1.88087e-06
-2.1033e-06
-2.35204e-06
-2.63018e-06
-2.94122e-06
-3.28905e-06
-3.678e-06
-4.11295e-06
-4.59934e-06
-5.14325e-06
-5.75148e-06
-6.43164e-06
-7.19223e-06
-8.04277e-06
-8.99389e-06
-1.00575e-05
-1.12469e-05
-1.25769e-05
-1.40642e-05
-1.57274e-05
-1.75873e-05
-1.96671e-05
-2.19929e-05
-2.45938e-05
-2.75022e-05
-3.07545e-05
-3.43914e-05
-3.84585e-05
-4.30064e-05
-4.80922e-05
-5.37795e-05
)
;
    }
    outlet
    {
        type            calculated;
        value           nonuniform List<scalar> 
36
(
2.87009e-08
9.99544e-08
1.9599e-07
3.22876e-07
4.87465e-07
6.97105e-07
9.59073e-07
1.27969e-06
1.66309e-06
2.1098e-06
2.61566e-06
3.17164e-06
3.76566e-06
4.38667e-06
5.03002e-06
5.70107e-06
6.41457e-06
7.18989e-06
8.04594e-06
8.99906e-06
1.00636e-05
1.12538e-05
1.25845e-05
1.40729e-05
1.57365e-05
1.75984e-05
1.96774e-05
2.20076e-05
2.46039e-05
2.7523e-05
3.07605e-05
3.44247e-05
3.84492e-05
4.30677e-05
4.80395e-05
5.3902e-05
)
;
    }
    plate
    {
        type            calculated;
        value           uniform 0;
    }
    farfield
    {
        type            calculated;
        value           nonuniform List<scalar> 
50
(
3.98908e-08
6.63405e-08
1.0053e-07
1.41312e-07
1.91885e-07
2.55031e-07
3.32324e-07
4.22708e-07
5.19996e-07
6.10639e-07
6.75493e-07
7.0003e-07
6.86265e-07
6.50507e-07
6.08917e-07
5.68748e-07
5.30842e-07
4.94773e-07
4.60626e-07
4.28529e-07
3.98295e-07
3.69572e-07
3.42061e-07
3.15569e-07
2.90001e-07
2.65342e-07
2.41637e-07
2.18959e-07
1.97128e-07
1.76704e-07
1.57585e-07
1.39726e-07
1.23268e-07
1.08445e-07
9.51159e-08
8.31427e-08
7.25452e-08
6.32778e-08
5.52006e-08
4.82106e-08
4.22374e-08
3.71822e-08
3.29409e-08
2.94348e-08
2.65992e-08
2.43732e-08
2.27086e-08
2.15514e-08
2.06142e-08
1.77821e-08
)
;
    }
    upstreamSlip
    {
        type            symmetry;
        value           uniform 0;
    }
    frontAndBack
    {
        type            empty;
    }
}


// ************************************************************************* //
