/*--------------------------------*- C++ -*----------------------------------*\
| =========                 |                                                 |
| \\      /  F ield         | OpenFOAM: The Open Source CFD Toolbox           |
|  \\    /   O peration     | Version:  2512                                  |
|   \\  /    A nd           | Website:  www.openfoam.com                      |
|    \\/     M anipulation  |                                                 |
\*---------------------------------------------------------------------------*/
FoamFile
{
    version     2.0;
    format      ascii;
    arch        "LSB;label=32;scalar=64";
    class       volScalarField;
    location    "0.00996967";
    object      T;
}
// * * * * * * * * * * * * * * * * * * * * * * * * * * * * * * * * * * * * * //

dimensions      [0 0 0 1 0 0 0];

internalField   nonuniform List<scalar> 
1800
(
388.89
388.89
388.891
388.891
388.892
388.893
388.895
388.895
388.917
388.86
388.89
388.89
388.891
388.891
388.892
388.893
388.895
388.895
388.916
388.861
388.89
388.89
388.891
388.891
388.892
388.893
388.895
388.895
388.916
388.864
388.89
388.89
388.891
388.891
388.892
388.893
388.895
388.895
388.915
388.87
388.89
388.89
388.891
388.891
388.892
388.893
388.895
388.896
388.914
388.877
388.89
388.89
388.891
388.891
388.892
388.893
388.895
388.896
388.912
388.886
388.89
388.89
388.891
388.891
388.892
388.893
388.895
388.896
388.911
388.893
388.89
388.89
388.891
388.891
388.892
388.893
388.895
388.896
388.91
388.898
388.89
388.89
388.891
388.891
388.892
388.893
388.895
388.896
388.909
388.902
388.89
388.89
388.891
388.891
388.892
388.893
388.895
388.897
388.908
388.904
388.89
388.89
388.891
388.891
388.892
388.893
388.895
388.897
388.907
388.904
388.89
388.89
388.891
388.891
388.892
388.893
388.895
388.897
388.907
388.905
388.89
388.89
388.891
388.891
388.892
388.893
388.895
388.897
388.906
388.904
388.89
388.89
388.891
388.891
388.892
388.893
388.895
388.897
388.906
388.904
388.89
388.89
388.891
388.891
388.892
388.893
388.895
388.897
388.905
388.904
388.89
388.89
388.891
388.891
388.892
388.893
388.895
388.897
388.905
388.903
388.89
388.89
388.891
388.891
388.892
388.893
388.895
388.897
388.904
388.903
388.89
388.89
388.891
388.891
388.892
388.893
388.895
388.897
388.903
388.902
388.89
388.89
388.891
388.891
388.892
388.893
388.895
388.897
388.903
388.902
388.89
388.89
388.891
388.891
388.892
388.893
388.895
388.897
388.902
388.901
388.89
388.89
388.891
388.891
388.892
388.893
388.895
388.897
388.901
388.9
388.89
388.89
388.891
388.891
388.892
388.893
388.895
388.897
388.901
388.9
388.89
388.89
388.891
388.891
388.892
388.893
388.894
388.896
388.9
388.899
388.89
388.89
388.891
388.891
388.892
388.893
388.894
388.896
388.899
388.898
388.89
388.89
388.891
388.891
388.892
388.893
388.894
388.896
388.898
388.898
388.89
388.89
388.891
388.891
388.892
388.893
388.894
388.896
388.898
388.897
388.89
388.89
388.891
388.891
388.892
388.893
388.894
388.895
388.897
388.896
388.89
388.89
388.891
388.891
388.892
388.893
388.894
388.895
388.896
388.896
388.89
388.89
388.891
388.891
388.892
388.892
388.893
388.895
388.896
388.895
388.89
388.89
388.891
388.891
388.892
388.892
388.893
388.894
388.895
388.894
388.89
388.89
388.891
388.891
388.891
388.892
388.893
388.894
388.894
388.894
388.89
388.89
388.89
388.891
388.891
388.892
388.893
388.893
388.894
388.893
388.89
388.89
388.89
388.891
388.891
388.892
388.892
388.893
388.893
388.893
388.89
388.89
388.89
388.891
388.891
388.892
388.892
388.893
388.893
388.893
388.89
388.89
388.89
388.89
388.89
388.891
388.891
388.891
388.891
388.89
388.89
388.891
388.891
388.891
388.892
388.893
388.893
388.894
388.895
388.896
389.37
389.334
389.316
389.306
389.298
389.293
389.289
389.286
389.283
389.281
389.28
389.279
389.279
389.279
389.281
389.282
389.285
389.286
389.29
389.293
389.297
389.3
389.304
389.307
389.31
389.314
389.317
389.319
389.322
389.324
389.326
389.328
389.329
389.331
389.331
389.333
389.333
389.334
389.335
389.336
389.311
389.329
389.315
389.305
389.298
389.293
389.289
389.286
389.283
389.281
389.28
389.279
389.279
389.279
389.28
389.281
389.284
389.286
389.29
389.293
389.297
389.3
389.303
389.307
389.31
389.313
389.316
389.319
389.321
389.324
389.326
389.327
389.329
389.33
389.331
389.333
389.333
389.334
389.335
389.336
389.215
389.302
389.308
389.303
389.297
389.292
389.289
389.286
389.283
389.281
389.28
389.279
389.279
389.279
389.28
389.281
389.284
389.285
389.289
389.292
389.295
389.299
389.302
389.306
389.309
389.312
389.315
389.318
389.32
389.323
389.325
389.327
389.328
389.33
389.331
389.332
389.333
389.334
389.334
389.335
389.116
389.242
389.283
389.292
389.291
389.289
389.286
389.284
389.282
389.28
389.279
389.278
389.278
389.278
389.279
389.28
389.282
389.284
389.287
389.29
389.294
389.297
389.3
389.304
389.307
389.311
389.313
389.316
389.319
389.321
389.323
389.325
389.327
389.329
389.33
389.331
389.332
389.333
389.334
389.335
389.032
389.162
389.232
389.262
389.274
389.279
389.279
389.279
389.278
389.277
389.277
389.276
389.276
389.276
389.277
389.278
389.28
389.282
389.285
389.287
389.291
389.294
389.297
389.301
389.304
389.308
389.311
389.314
389.316
389.319
389.321
389.323
389.325
389.327
389.328
389.33
389.331
389.332
389.333
389.334
388.971
389.078
389.159
389.21
389.238
389.254
389.262
389.267
389.269
389.27
389.271
389.271
389.271
389.272
389.273
389.274
389.276
389.278
389.28
389.283
389.286
389.289
389.293
389.296
389.299
389.303
389.306
389.309
389.312
389.315
389.317
389.319
389.321
389.323
389.325
389.327
389.328
389.329
389.33
389.331
388.93
389.006
389.081
389.14
389.181
389.209
389.228
389.24
389.248
389.254
389.257
389.26
389.262
389.264
389.265
389.267
389.269
389.271
389.273
389.276
389.279
389.282
389.285
389.289
389.292
389.295
389.299
389.302
389.305
389.308
389.31
389.313
389.315
389.317
389.319
389.321
389.323
389.324
389.325
389.326
388.907
388.953
389.01
389.065
389.11
389.147
389.174
389.195
389.211
389.223
389.231
389.238
389.243
389.247
389.25
389.253
389.256
389.259
389.262
389.264
389.268
389.271
389.274
389.277
389.28
389.284
389.287
389.29
389.294
389.297
389.299
389.302
389.305
389.307
389.309
389.311
389.313
389.315
389.316
389.318
388.895
388.919
388.956
388.998
389.039
389.075
389.107
389.134
389.156
389.174
389.189
389.2
389.21
389.217
389.224
389.229
389.234
389.238
389.242
389.245
389.249
389.252
389.256
389.259
389.262
389.266
389.269
389.273
389.276
389.279
389.282
389.285
389.288
389.29
389.293
389.295
389.297
389.299
389.301
389.302
388.89
388.899
388.921
388.948
388.978
389.009
389.038
389.065
389.09
389.112
389.13
389.146
389.16
389.172
389.182
389.19
389.198
389.204
389.209
389.215
389.219
389.223
389.227
389.231
389.235
389.239
389.242
389.246
389.249
389.253
389.256
389.259
389.262
389.264
389.267
389.27
389.272
389.274
389.276
389.278
388.888
388.89
388.901
388.916
388.935
388.956
388.979
389.001
389.023
389.044
389.064
389.082
389.098
389.112
389.125
389.137
389.147
389.155
389.163
389.17
389.176
389.182
389.187
389.191
389.196
389.2
389.204
389.208
389.211
389.215
389.218
389.221
389.224
389.227
389.23
389.233
389.235
389.237
389.24
389.242
388.888
388.886
388.891
388.899
388.909
388.921
388.935
388.951
388.968
388.984
389.001
389.017
389.033
389.047
389.061
389.073
389.085
389.095
389.104
389.112
389.12
389.127
389.133
389.138
389.144
389.148
389.153
389.157
389.161
389.164
389.168
389.171
389.174
389.177
389.18
389.183
389.186
389.188
389.19
389.193
388.889
388.885
388.887
388.891
388.895
388.901
388.909
388.918
388.928
388.94
388.951
388.963
388.976
388.988
388.999
389.011
389.021
389.031
389.041
389.049
389.057
389.064
389.071
389.077
389.082
389.087
389.092
389.096
389.1
389.104
389.108
389.111
389.114
389.117
389.12
389.123
389.125
389.128
389.13
389.132
388.889
388.885
388.886
388.887
388.889
388.892
388.895
388.9
388.905
388.911
388.918
388.926
388.934
388.942
388.95
388.959
388.967
388.975
388.983
388.99
388.997
389.003
389.009
389.015
389.02
389.025
389.029
389.033
389.037
389.041
389.044
389.047
389.05
389.053
389.055
389.058
389.06
389.062
389.064
389.066
388.889
388.885
388.885
388.886
388.887
388.888
388.89
388.891
388.894
388.897
388.9
388.904
388.908
388.913
388.918
388.923
388.928
388.933
388.938
388.944
388.949
388.953
388.958
388.962
388.966
388.97
388.973
388.977
388.98
388.983
388.986
388.988
388.991
388.993
388.995
388.997
388.999
389.001
389.002
389.004
388.89
388.885
388.885
388.886
388.886
388.887
388.887
388.888
388.889
388.89
388.892
388.893
388.895
388.897
388.9
388.902
388.905
388.908
388.911
388.914
388.917
388.919
388.922
388.925
388.927
388.93
388.932
388.935
388.937
388.939
388.941
388.942
388.944
388.946
388.947
388.948
388.95
388.951
388.952
388.953
388.89
388.885
388.885
388.886
388.886
388.887
388.887
388.887
388.888
388.888
388.888
388.889
388.89
388.891
388.891
388.893
388.894
388.895
388.896
388.898
388.899
388.901
388.902
388.903
388.905
388.906
388.907
388.909
388.91
388.911
388.912
388.913
388.914
388.915
388.916
388.916
388.917
388.918
388.919
388.919
388.89
388.885
388.885
388.886
388.886
388.887
388.887
388.887
388.887
388.887
388.887
388.888
388.888
388.888
388.888
388.889
388.889
388.89
388.89
388.891
388.891
388.892
388.893
388.893
388.894
388.894
388.895
388.895
388.896
388.897
388.897
388.898
388.898
388.898
388.899
388.899
388.9
388.9
388.9
388.901
388.891
388.886
388.886
388.886
388.886
388.887
388.887
388.887
388.887
388.887
388.887
388.887
388.887
388.887
388.888
388.888
388.888
388.888
388.888
388.888
388.889
388.889
388.889
388.889
388.89
388.89
388.89
388.89
388.891
388.891
388.891
388.891
388.891
388.892
388.892
388.892
388.892
388.892
388.893
388.893
388.891
388.886
388.886
388.886
388.886
388.887
388.887
388.887
388.887
388.887
388.887
388.887
388.887
388.887
388.887
388.887
388.887
388.888
388.888
388.888
388.888
388.888
388.888
388.888
388.888
388.888
388.889
388.889
388.889
388.889
388.889
388.889
388.889
388.889
388.889
388.889
388.89
388.89
388.89
388.89
388.891
388.886
388.886
388.886
388.887
388.887
388.887
388.887
388.887
388.887
388.887
388.887
388.887
388.887
388.887
388.887
388.887
388.887
388.887
388.888
388.888
388.888
388.888
388.888
388.888
388.888
388.888
388.888
388.888
388.888
388.888
388.889
388.889
388.889
388.889
388.889
388.889
388.889
388.889
388.889
388.891
388.887
388.886
388.886
388.887
388.887
388.887
388.887
388.887
388.887
388.887
388.887
388.887
388.887
388.887
388.887
388.887
388.887
388.888
388.888
388.888
388.888
388.888
388.888
388.888
388.888
388.888
388.888
388.888
388.888
388.888
388.888
388.889
388.889
388.889
388.889
388.889
388.889
388.889
388.889
388.892
388.887
388.886
388.887
388.887
388.887
388.887
388.887
388.887
388.887
388.887
388.887
388.887
388.887
388.887
388.887
388.887
388.888
388.888
388.888
388.888
388.888
388.888
388.888
388.888
388.888
388.888
388.888
388.888
388.888
388.888
388.888
388.889
388.889
388.889
388.889
388.889
388.889
388.889
388.889
388.892
388.887
388.886
388.887
388.887
388.887
388.887
388.887
388.887
388.887
388.887
388.887
388.887
388.887
388.888
388.888
388.888
388.888
388.888
388.888
388.888
388.888
388.888
388.888
388.888
388.888
388.888
388.888
388.888
388.888
388.888
388.888
388.889
388.889
388.889
388.889
388.889
388.889
388.889
388.889
388.892
388.888
388.887
388.887
388.887
388.887
388.887
388.887
388.887
388.887
388.887
388.888
388.888
388.888
388.888
388.888
388.888
388.888
388.888
388.888
388.888
388.888
388.888
388.888
388.888
388.888
388.888
388.888
388.888
388.888
388.888
388.889
388.889
388.889
388.889
388.889
388.889
388.889
388.889
388.889
388.892
388.888
388.887
388.887
388.887
388.887
388.887
388.887
388.887
388.888
388.888
388.888
388.888
388.888
388.888
388.888
388.888
388.888
388.888
388.888
388.888
388.888
388.888
388.888
388.888
388.888
388.888
388.888
388.888
388.888
388.889
388.889
388.889
388.889
388.889
388.889
388.889
388.889
388.889
388.889
388.892
388.889
388.887
388.887
388.887
388.887
388.887
388.888
388.888
388.888
388.888
388.888
388.888
388.888
388.888
388.888
388.888
388.888
388.888
388.888
388.888
388.888
388.888
388.888
388.888
388.888
388.888
388.888
388.888
388.888
388.889
388.889
388.889
388.889
388.889
388.889
388.889
388.889
388.889
388.889
388.892
388.889
388.888
388.888
388.888
388.888
388.888
388.888
388.888
388.888
388.888
388.888
388.888
388.888
388.888
388.888
388.888
388.888
388.888
388.888
388.888
388.888
388.888
388.888
388.888
388.888
388.888
388.889
388.889
388.889
388.889
388.889
388.889
388.889
388.889
388.889
388.889
388.889
388.889
388.889
388.892
388.889
388.888
388.888
388.888
388.888
388.888
388.888
388.888
388.888
388.888
388.888
388.888
388.888
388.888
388.888
388.888
388.888
388.888
388.888
388.888
388.888
388.888
388.888
388.888
388.888
388.888
388.888
388.888
388.889
388.889
388.889
388.889
388.889
388.889
388.889
388.889
388.889
388.889
388.889
388.892
388.89
388.888
388.888
388.888
388.888
388.888
388.888
388.888
388.888
388.888
388.888
388.888
388.888
388.888
388.888
388.888
388.888
388.888
388.888
388.888
388.888
388.888
388.889
388.889
388.889
388.889
388.889
388.889
388.889
388.889
388.889
388.889
388.889
388.889
388.889
388.889
388.889
388.889
388.889
388.892
388.89
388.889
388.888
388.888
388.888
388.888
388.888
388.888
388.888
388.888
388.888
388.888
388.888
388.888
388.888
388.888
388.888
388.888
388.888
388.888
388.888
388.888
388.888
388.888
388.888
388.888
388.889
388.889
388.889
388.889
388.889
388.889
388.889
388.889
388.889
388.889
388.889
388.889
388.89
388.892
388.89
388.889
388.889
388.889
388.889
388.889
388.889
388.889
388.889
388.889
388.889
388.889
388.889
388.889
388.889
388.889
388.889
388.889
388.889
388.889
388.889
388.889
388.889
388.889
388.889
388.889
388.889
388.889
388.889
388.889
388.889
388.889
388.889
388.889
388.889
388.889
388.889
388.889
388.889
388.892
388.89
388.889
388.888
388.888
388.888
388.888
388.888
388.888
388.888
388.888
388.888
388.888
388.888
388.888
388.888
388.888
388.888
388.888
388.888
388.888
388.888
388.888
388.889
388.889
388.889
388.889
388.889
388.889
388.889
388.889
388.889
388.889
388.889
388.889
388.889
388.889
388.889
388.89
388.89
388.892
388.891
388.891
388.89
388.89
388.89
388.89
388.89
388.89
388.89
388.89
388.89
388.889
388.889
388.889
388.889
388.889
388.889
388.889
388.889
388.889
388.889
388.889
388.889
388.889
388.889
388.889
388.889
388.889
388.889
388.889
388.889
388.889
388.889
388.889
388.889
388.889
388.889
388.889
388.889
388.89
388.889
388.888
388.887
388.887
388.887
388.887
388.887
388.887
388.887
388.888
388.888
388.888
388.888
388.888
388.888
388.888
388.889
388.889
388.889
388.889
388.889
388.889
388.889
388.89
388.89
388.89
388.89
388.89
388.89
388.89
388.89
388.89
388.89
388.89
388.89
388.89
388.89
388.89
388.89
388.896
388.895
388.895
388.894
388.894
388.893
388.892
388.892
388.892
388.891
388.891
388.891
388.89
388.89
388.89
388.89
388.889
388.889
388.889
388.889
388.889
388.889
388.889
388.889
388.889
388.888
388.888
388.888
388.888
388.889
388.889
388.889
388.889
388.889
388.889
388.889
388.889
388.889
388.889
388.889
)
;

boundaryField
{
    inlet
    {
        type            fixedValue;
        value           uniform 388.89;
    }
    outlet
    {
        type            zeroGradient;
    }
    plate
    {
        type            zeroGradient;
    }
    farfield
    {
        type            fixedValue;
        value           uniform 388.89;
    }
    upstreamSlip
    {
        type            symmetry;
    }
    frontAndBack
    {
        type            empty;
    }
}


// ************************************************************************* //
