/*--------------------------------*- C++ -*----------------------------------*\
| =========                 |                                                 |
| \\      /  F ield         | OpenFOAM: The Open Source CFD Toolbox           |
|  \\    /   O peration     | Version:  2512                                  |
|   \\  /    A nd           | Website:  www.openfoam.com                      |
|    \\/     M anipulation  |                                                 |
\*---------------------------------------------------------------------------*/
FoamFile
{
    version     2.0;
    format      ascii;
    arch        "LSB;label=32;scalar=64";
    class       volVectorField;
    location    "0.00996967";
    object      U;
}
// * * * * * * * * * * * * * * * * * * * * * * * * * * * * * * * * * * * * * //

dimensions      [0 1 -1 0 0 0 0];

internalField   nonuniform List<vector> 
1800
(
(39.5288 1.57797e-05 0)
(39.5245 3.00593e-05 0)
(39.5164 4.92684e-05 0)
(39.5039 7.28884e-05 0)
(39.4858 0.000105123 0)
(39.4598 0.000155316 0)
(39.4205 0.000239602 0)
(39.3592 0.000531972 0)
(39.1817 0.000814162 0)
(39.1011 0.0811152 0)
(39.5288 4.9275e-05 0)
(39.5245 9.38126e-05 0)
(39.5164 0.000153734 0)
(39.5039 0.000227398 0)
(39.4858 0.000327953 0)
(39.4598 0.000484514 0)
(39.4205 0.000747505 0)
(39.3592 0.00165788 0)
(39.1825 0.00253189 0)
(39.1026 0.193367 0)
(39.5288 8.66731e-05 0)
(39.5245 0.000165203 0)
(39.5164 0.000270552 0)
(39.5039 0.000400164 0)
(39.4858 0.000577102 0)
(39.4598 0.000852453 0)
(39.4205 0.00131546 0)
(39.3593 0.00290262 0)
(39.184 0.00446599 0)
(39.1052 0.275952 0)
(39.5288 0.000128199 0)
(39.5245 0.000245067 0)
(39.5164 0.000400973 0)
(39.5039 0.00059304 0)
(39.4858 0.000855253 0)
(39.4598 0.00126286 0)
(39.4205 0.00194954 0)
(39.3593 0.00426129 0)
(39.1861 0.00668589 0)
(39.1087 0.327808 0)
(39.5288 0.000174376 0)
(39.5245 0.000334531 0)
(39.5164 0.000546692 0)
(39.5039 0.0008085 0)
(39.4858 0.00116596 0)
(39.4598 0.00172085 0)
(39.4206 0.00265786 0)
(39.3593 0.00574033 0)
(39.1886 0.00924108 0)
(39.1129 0.359104 0)
(39.5288 0.00022574 0)
(39.5245 0.000434784 0)
(39.5164 0.000709534 0)
(39.5039 0.00104922 0)
(39.4858 0.00151306 0)
(39.4598 0.00223195 0)
(39.4206 0.00344912 0)
(39.3594 0.00734776 0)
(39.1916 0.012175 0)
(39.1177 0.377322 0)
(39.5288 0.000282854 0)
(39.5245 0.000547122 0)
(39.5164 0.000891491 0)
(39.5039 0.00131812 0)
(39.4858 0.00190077 0)
(39.4598 0.00280219 0)
(39.4206 0.00433273 0)
(39.3595 0.00909234 0)
(39.1951 0.0155314 0)
(39.1232 0.386885 0)
(39.5288 0.00034635 0)
(39.5245 0.000672993 0)
(39.5164 0.00109479 0)
(39.5039 0.00161848 0)
(39.4859 0.00233377 0)
(39.4599 0.00343827 0)
(39.4207 0.00531908 0)
(39.3596 0.0109846 0)
(39.1989 0.019353 0)
(39.1292 0.390654 0)
(39.5288 0.000416941 0)
(39.5245 0.000814013 0)
(39.5164 0.00132194 0)
(39.5039 0.00195395 0)
(39.4859 0.00281732 0)
(39.4599 0.00414771 0)
(39.4208 0.00641955 0)
(39.3597 0.0130376 0)
(39.2031 0.0236776 0)
(39.1359 0.390655 0)
(39.5288 0.000495433 0)
(39.5245 0.000971975 0)
(39.5164 0.00157571 0)
(39.5039 0.00232861 0)
(39.4859 0.00335726 0)
(39.4599 0.00493885 0)
(39.4209 0.00764662 0)
(39.36 0.0152673 0)
(39.2077 0.0285362 0)
(39.1432 0.388276 0)
(39.5288 0.000582735 0)
(39.5245 0.00114887 0)
(39.5164 0.00185921 0)
(39.5039 0.00274699 0)
(39.4859 0.00396007 0)
(39.46 0.00582097 0)
(39.421 0.00901393 0)
(39.3603 0.0176921 0)
(39.2128 0.0339497 0)
(39.1512 0.384383 0)
(39.5288 0.000679874 0)
(39.5245 0.00134691 0)
(39.5164 0.00217593 0)
(39.5039 0.00321416 0)
(39.4859 0.00463297 0)
(39.46 0.00680438 0)
(39.4212 0.0105363 0)
(39.3607 0.0203337 0)
(39.2184 0.0399274 0)
(39.1599 0.379473 0)
(39.5288 0.000788007 0)
(39.5245 0.00156852 0)
(39.5164 0.0025297 0)
(39.504 0.00373573 0)
(39.486 0.00538397 0)
(39.4601 0.00790041 0)
(39.4214 0.0122297 0)
(39.3612 0.0232156 0)
(39.2245 0.046464 0)
(39.1693 0.373813 0)
(39.5288 0.000908431 0)
(39.5245 0.00181641 0)
(39.5164 0.00292482 0)
(39.504 0.00431794 0)
(39.486 0.00622188 0)
(39.4602 0.00912156 0)
(39.4217 0.0141112 0)
(39.3619 0.0263632 0)
(39.2312 0.0535384 0)
(39.1795 0.367541 0)
(39.5288 0.0010426 0)
(39.5245 0.00209355 0)
(39.5164 0.00336602 0)
(39.504 0.00496766 0)
(39.4861 0.00715644 0)
(39.4604 0.0104814 0)
(39.4221 0.0161992 0)
(39.3628 0.0298024 0)
(39.2384 0.0611119 0)
(39.1905 0.360735 0)
(39.5288 0.00119213 0)
(39.5245 0.00240324 0)
(39.5165 0.00385856 0)
(39.5041 0.00569247 0)
(39.4862 0.00819827 0)
(39.4606 0.0119947 0)
(39.4225 0.0185128 0)
(39.3639 0.0335588 0)
(39.2462 0.0691274 0)
(39.2023 0.353449 0)
(39.5288 0.00135883 0)
(39.5246 0.00274907 0)
(39.5165 0.00440819 0)
(39.5041 0.00650068 0)
(39.4863 0.00935895 0)
(39.4608 0.0136773 0)
(39.4231 0.0210715 0)
(39.3653 0.0376553 0)
(39.2546 0.0775093 0)
(39.2148 0.345739 0)
(39.5288 0.00154467 0)
(39.5246 0.003135 0)
(39.5165 0.00502122 0)
(39.5042 0.00740133 0)
(39.4865 0.010651 0)
(39.4611 0.0155459 0)
(39.4238 0.0238952 0)
(39.367 0.0421107 0)
(39.2637 0.086164 0)
(39.2281 0.337662 0)
(39.5288 0.00175184 0)
(39.5246 0.00356536 0)
(39.5166 0.0057045 0)
(39.5043 0.00840418 0)
(39.4866 0.0120877 0)
(39.4614 0.0176178 0)
(39.4246 0.027003 0)
(39.3691 0.0469373 0)
(39.2734 0.0949818 0)
(39.2421 0.329289 0)
(39.5288 0.00198271 0)
(39.5246 0.00404482 0)
(39.5166 0.00646543 0)
(39.5044 0.00951972 0)
(39.4869 0.0136832 0)
(39.4619 0.0199109 0)
(39.4256 0.0304124 0)
(39.3717 0.0521385 0)
(39.2837 0.103839 0)
(39.2568 0.320692 0)
(39.5288 0.00223985 0)
(39.5246 0.00457843 0)
(39.5167 0.00731189 0)
(39.5046 0.010759 0)
(39.4872 0.015452 0)
(39.4625 0.0224425 0)
(39.4269 0.0341383 0)
(39.3747 0.0577062 0)
(39.2946 0.112603 0)
(39.272 0.311953 0)
(39.5288 0.00252602 0)
(39.5246 0.00517154 0)
(39.5168 0.00825218 0)
(39.5047 0.0121334 0)
(39.4875 0.0174088 0)
(39.4632 0.0252293 0)
(39.4284 0.0381913 0)
(39.3784 0.0636186 0)
(39.3061 0.121135 0)
(39.2877 0.303153 0)
(39.5288 0.00284413 0)
(39.5247 0.00582978 0)
(39.5169 0.00929485 0)
(39.505 0.0136547 0)
(39.488 0.0195678 0)
(39.4641 0.0282856 0)
(39.4303 0.0425756 0)
(39.3826 0.069838 0)
(39.3181 0.129297 0)
(39.3038 0.294369 0)
(39.5288 0.00319718 0)
(39.5247 0.00655892 0)
(39.517 0.0104485 0)
(39.5053 0.0153339 0)
(39.4885 0.0219423 0)
(39.4652 0.0316227 0)
(39.4325 0.0472874 0)
(39.3875 0.0763099 0)
(39.3307 0.136961 0)
(39.3201 0.285676 0)
(39.5288 0.00358825 0)
(39.5248 0.00736471 0)
(39.5172 0.0117213 0)
(39.5056 0.0171817 0)
(39.4892 0.0245432 0)
(39.4665 0.0352467 0)
(39.4351 0.0523123 0)
(39.3932 0.0829627 0)
(39.3437 0.144012 0)
(39.3365 0.277141 0)
(39.5289 0.00402035 0)
(39.5249 0.00825262 0)
(39.5174 0.0131207 0)
(39.5061 0.0192064 0)
(39.4901 0.027378 0)
(39.4681 0.0391568 0)
(39.4382 0.0576233 0)
(39.3995 0.0897092 0)
(39.357 0.150356 0)
(39.3529 0.268821 0)
(39.5289 0.0044963 0)
(39.525 0.00922746 0)
(39.5177 0.0146524 0)
(39.5066 0.0214139 0)
(39.4911 0.0304488 0)
(39.47 0.0433431 0)
(39.4419 0.0631788 0)
(39.4066 0.0964499 0)
(39.3706 0.155926 0)
(39.3691 0.260768 0)
(39.5289 0.00501858 0)
(39.5251 0.0102929 0)
(39.518 0.0163199 0)
(39.5073 0.0238053 0)
(39.4924 0.0337507 0)
(39.4723 0.047784 0)
(39.446 0.068922 0)
(39.4143 0.103078 0)
(39.3844 0.16069 0)
(39.3849 0.253037 0)
(39.5289 0.00558916 0)
(39.5252 0.0114508 0)
(39.5183 0.0181223 0)
(39.5081 0.0263755 0)
(39.4939 0.0372688 0)
(39.475 0.0524439 0)
(39.4508 0.0747788 0)
(39.4227 0.109475 0)
(39.3982 0.164611 0)
(39.4003 0.245571 0)
(39.529 0.00620937 0)
(39.5254 0.0127003 0)
(39.5188 0.0200535 0)
(39.509 0.0291105 0)
(39.4957 0.0409764 0)
(39.4781 0.0572798 0)
(39.4562 0.0807078 0)
(39.4317 0.115689 0)
(39.4119 0.168111 0)
(39.415 0.239251 0)
(39.529 0.00687993 0)
(39.5256 0.0140367 0)
(39.5193 0.0220993 0)
(39.5102 0.0319818 0)
(39.4978 0.044794 0)
(39.4818 0.062044 0)
(39.4622 0.0860473 0)
(39.4412 0.120258 0)
(39.4256 0.168425 0)
(39.4293 0.22897 0)
(39.529 0.00760168 0)
(39.5258 0.0154499 0)
(39.52 0.0242477 0)
(39.5115 0.0351007 0)
(39.5002 0.0493427 0)
(39.4857 0.0686571 0)
(39.4685 0.0953159 0)
(39.4506 0.132189 0)
(39.438 0.181587 0)
(39.4412 0.240608 0)
(39.5291 0.00837768 0)
(39.526 0.0168729 0)
(39.5207 0.025908 0)
(39.5133 0.0360905 0)
(39.5035 0.0481288 0)
(39.4913 0.0630043 0)
(39.4773 0.0820615 0)
(39.4634 0.106746 0)
(39.4546 0.13732 0)
(39.4589 0.169237 0)
(39.5291 0.0093442 0)
(39.526 0.0198511 0)
(39.5208 0.0335333 0)
(39.5133 0.0522497 0)
(39.5035 0.0776223 0)
(39.4913 0.111485 0)
(39.4772 0.155979 0)
(39.463 0.213123 0)
(39.4524 0.2835 0)
(39.4509 0.363559 0)
(39.5295 0.00772976 0)
(39.5283 0.0104271 0)
(39.5263 0.00879065 0)
(39.5237 0.00365079 0)
(39.5202 -0.00491467 0)
(39.5159 -0.0172612 0)
(39.5115 -0.0341062 0)
(39.5085 -0.0566964 0)
(39.5097 -0.0872556 0)
(39.5188 -0.12972 0)
(39.5267 0.0233975 0)
(39.5192 0.0541899 0)
(39.5099 0.0950154 0)
(39.4985 0.148083 0)
(39.4844 0.216603 0)
(39.467 0.304513 0)
(39.4461 0.415751 0)
(39.4228 0.55282 0)
(39.3994 0.714182 0)
(39.3803 0.890825 0)
(9.72775 0.0931729 0)
(4.42909 0.00758486 0)
(3.15296 0.00132411 0)
(2.56463 0.000639599 0)
(2.2209 0.000399421 0)
(1.98873 0.000285423 0)
(1.8171 0.000218041 0)
(1.68367 0.000172334 0)
(1.5767 0.000139689 0)
(1.48903 0.000115292 0)
(1.41597 9.66987e-05 0)
(1.35442 8.15821e-05 0)
(1.30224 6.925e-05 0)
(1.25794 5.86964e-05 0)
(1.2204 4.94423e-05 0)
(1.18873 4.16101e-05 0)
(1.16224 3.44031e-05 0)
(1.14024 2.8413e-05 0)
(1.12219 2.29374e-05 0)
(1.10751 1.84808e-05 0)
(1.09573 1.44729e-05 0)
(1.08637 1.13189e-05 0)
(1.07902 8.61017e-06 0)
(1.07331 6.48138e-06 0)
(1.06891 4.7596e-06 0)
(1.06558 3.47773e-06 0)
(1.06308 2.41332e-06 0)
(1.06122 1.6402e-06 0)
(1.05985 1.07204e-06 0)
(1.05887 5.9521e-07 0)
(1.05818 3.43489e-07 0)
(1.05769 1.10545e-07 0)
(1.05736 -5.13313e-09 0)
(1.05715 -1.29216e-07 0)
(1.05701 -1.22183e-07 0)
(1.05692 -1.51776e-07 0)
(1.05686 -1.27535e-07 0)
(1.05682 -1.44728e-07 0)
(1.05684 7.79441e-08 0)
(1.05616 1.80434e-06 0)
(21.3058 0.24506 0)
(13.2174 0.0618442 0)
(9.76132 0.0196056 0)
(7.98727 0.00988593 0)
(6.92275 0.00613578 0)
(6.19967 0.00431153 0)
(5.66526 0.00325862 0)
(5.24981 0.0025678 0)
(4.91647 0.00207927 0)
(4.64302 0.00171714 0)
(4.415 0.00143833 0)
(4.22281 0.00121492 0)
(4.05985 0.00103052 0)
(3.92145 0.000873933 0)
(3.80416 0.000738091 0)
(3.7052 0.000620255 0)
(3.62238 0.000516142 0)
(3.55359 0.000426011 0)
(3.49712 0.000347433 0)
(3.45116 0.000280434 0)
(3.41422 0.000223391 0)
(3.38482 0.000176066 0)
(3.3617 0.000137106 0)
(3.34367 0.00010547 0)
(3.32977 8.04032e-05 0)
(3.31918 6.02691e-05 0)
(3.31118 4.47247e-05 0)
(3.30521 3.26138e-05 0)
(3.3008 2.34264e-05 0)
(3.29761 1.62905e-05 0)
(3.29533 1.12652e-05 0)
(3.29371 7.49226e-06 0)
(3.2926 4.69233e-06 0)
(3.29187 2.79106e-06 0)
(3.29138 1.66464e-06 0)
(3.29106 9.14345e-07 0)
(3.29084 5.04744e-07 0)
(3.2907 -5.22211e-08 0)
(3.29068 4.54208e-06 0)
(3.28902 1.08858e-05 0)
(28.5276 0.36927 0)
(21.1245 0.133233 0)
(16.6085 0.05669 0)
(13.8558 0.0309926 0)
(12.0859 0.0196307 0)
(10.8522 0.0138394 0)
(9.9312 0.0104604 0)
(9.21139 0.00824704 0)
(8.63153 0.00668416 0)
(8.15439 0.00552437 0)
(7.7556 0.00463004 0)
(7.41886 0.00391284 0)
(7.13289 0.00332034 0)
(6.88966 0.00281696 0)
(6.68324 0.00238113 0)
(6.50884 0.00200165 0)
(6.36263 0.00166797 0)
(6.24099 0.00137789 0)
(6.14091 0.00112566 0)
(6.05929 0.000910503 0)
(5.99351 0.000727432 0)
(5.94099 0.000575423 0)
(5.89954 0.000449688 0)
(5.8671 0.000348321 0)
(5.84197 0.000266331 0)
(5.82272 0.00020158 0)
(5.80809 0.000150737 0)
(5.7971 0.000111319 0)
(5.78892 8.10637e-05 0)
(5.78294 5.76018e-05 0)
(5.7786 4.07745e-05 0)
(5.77551 2.78976e-05 0)
(5.77334 1.85296e-05 0)
(5.77188 1.17972e-05 0)
(5.77087 7.65575e-06 0)
(5.77021 4.7201e-06 0)
(5.76974 3.03287e-06 0)
(5.76945 1.32683e-06 0)
(5.76929 1.36791e-05 0)
(5.76695 2.69318e-05 0)
(33.0081 0.461822 0)
(27.4106 0.206519 0)
(23.0069 0.106734 0)
(19.8092 0.0642441 0)
(17.5295 0.0424341 0)
(15.8525 0.0304082 0)
(14.5658 0.0231423 0)
(13.5443 0.01832 0)
(12.7128 0.0148924 0)
(12.0235 0.0123368 0)
(11.4442 0.0103571 0)
(10.9529 0.00876586 0)
(10.5341 0.00744774 0)
(10.1767 0.00632646 0)
(9.87248 0.00535503 0)
(9.61462 0.0045072 0)
(9.39773 0.00376221 0)
(9.21668 0.00311281 0)
(9.06715 0.00254854 0)
(8.94472 0.00206565 0)
(8.84561 0.00165535 0)
(8.7661 0.00131326 0)
(8.70299 0.00103055 0)
(8.65333 0.000801242 0)
(8.6146 0.000616224 0)
(8.58472 0.0004689 0)
(8.56183 0.0003532 0)
(8.54448 0.000263036 0)
(8.53145 0.000193307 0)
(8.5218 0.000139457 0)
(8.5147 9.98757e-05 0)
(8.50957 6.98134e-05 0)
(8.5059 4.74618e-05 0)
(8.50335 3.15298e-05 0)
(8.50157 2.09978e-05 0)
(8.50036 1.36454e-05 0)
(8.4995 9.02051e-06 0)
(8.49893 5.41367e-06 0)
(8.49853 2.83303e-05 0)
(8.49574 4.95827e-05 0)
(35.7533 0.526079 0)
(31.9866 0.270101 0)
(28.3811 0.159468 0)
(25.3318 0.105067 0)
(22.8989 0.0733194 0)
(20.9692 0.054133 0)
(19.4169 0.0418674 0)
(18.1469 0.0334686 0)
(17.0918 0.0273888 0)
(16.2042 0.0227996 0)
(15.45 0.0192116 0)
(14.8049 0.0163091 0)
(14.2511 0.0138926 0)
(13.7757 0.0118295 0)
(13.3685 0.0100373 0)
(13.0216 0.00846794 0)
(12.7282 0.00708693 0)
(12.482 0.00587925 0)
(12.2774 0.00482826 0)
(12.1089 0.00392606 0)
(11.9716 0.00315826 0)
(11.8607 0.00251576 0)
(11.772 0.00198347 0)
(11.7016 0.00154995 0)
(11.6463 0.0011989 0)
(11.6032 0.000918272 0)
(11.5699 0.00069679 0)
(11.5444 0.000523346 0)
(11.5249 0.000388375 0)
(11.5104 0.000283858 0)
(11.4995 0.000205869 0)
(11.4915 0.000146421 0)
(11.4857 0.000101816 0)
(11.4815 6.96156e-05 0)
(11.4785 4.75278e-05 0)
(11.4764 3.192e-05 0)
(11.475 2.16458e-05 0)
(11.4739 1.48283e-05 0)
(11.4731 4.88866e-05 0)
(11.47 7.8339e-05 0)
(37.3973 0.567572 0)
(35.1 0.319561 0)
(32.4904 0.206949 0)
(29.9825 0.146988 0)
(27.7611 0.108501 0)
(25.8476 0.083226 0)
(24.211 0.0659925 0)
(22.8113 0.053643 0)
(21.6103 0.0444186 0)
(20.5754 0.037298 0)
(19.6797 0.0316373 0)
(18.9022 0.0270016 0)
(18.2269 0.0231049 0)
(17.6411 0.0197541 0)
(17.1349 0.0168266 0)
(16.6999 0.0142493 0)
(16.3288 0.0119723 0)
(16.0149 0.00997169 0)
(15.7519 0.00822445 0)
(15.5335 0.00671781 0)
(15.3539 0.00543116 0)
(15.2075 0.00434923 0)
(15.0893 0.00344919 0)
(14.9946 0.00271207 0)
(14.9194 0.00211244 0)
(14.8601 0.00163037 0)
(14.8137 0.00124758 0)
(14.7777 0.000945881 0)
(14.75 0.000709456 0)
(14.7288 0.000525411 0)
(14.7128 0.000386146 0)
(14.7008 0.000279372 0)
(14.6919 0.000198428 0)
(14.6854 0.000139158 0)
(14.6806 9.72388e-05 0)
(14.6772 6.7161e-05 0)
(14.6747 4.66173e-05 0)
(14.6729 3.40735e-05 0)
(14.6714 7.73277e-05 0)
(14.668 0.000113583 0)
(38.3492 0.591787 0)
(37.0946 0.354818 0)
(35.3869 0.24504 0)
(33.5534 0.184506 0)
(31.7748 0.143119 0)
(30.117 0.114173 0)
(28.6028 0.0932639 0)
(27.237 0.0775241 0)
(26.0146 0.0652909 0)
(24.9253 0.0555457 0)
(23.957 0.0476024 0)
(23.0981 0.040969 0)
(22.3385 0.0353056 0)
(21.6693 0.0303751 0)
(21.0831 0.0260245 0)
(20.573 0.0221608 0)
(20.1328 0.018723 0)
(19.7561 0.0156814 0)
(19.4369 0.013009 0)
(19.1688 0.0106898 0)
(18.9459 0.00869805 0)
(18.7621 0.00701235 0)
(18.6118 0.00560157 0)
(18.49 0.00443799 0)
(18.392 0.00348544 0)
(18.3138 0.00271414 0)
(18.2517 0.00209693 0)
(18.2029 0.00160663 0)
(18.1647 0.00121924 0)
(18.1351 0.000915374 0)
(18.1123 0.00068231 0)
(18.0949 0.000502136 0)
(18.0817 0.000364038 0)
(18.0718 0.000261288 0)
(18.0645 0.000186711 0)
(18.059 0.00013223 0)
(18.055 9.38655e-05 0)
(18.0521 7.07779e-05 0)
(18.0497 0.00011833 0)
(18.0458 0.000157075 0)
(38.8765 0.603525 0)
(38.297 0.377912 0)
(37.2806 0.272705 0)
(36.0688 0.214456 0)
(34.7978 0.173142 0)
(33.5262 0.14305 0)
(32.2883 0.120366 0)
(31.1082 0.102544 0)
(30.0008 0.0881291 0)
(28.9737 0.0762324 0)
(28.0295 0.0662337 0)
(27.1678 0.0576644 0)
(26.3869 0.0501868 0)
(25.6843 0.0435583 0)
(25.0573 0.0376208 0)
(24.5024 0.0322792 0)
(24.0159 0.0274745 0)
(23.5933 0.0231806 0)
(23.23 0.0193743 0)
(22.9205 0.016042 0)
(22.6594 0.0131573 0)
(22.441 0.0106952 0)
(22.26 0.00861795 0)
(22.1111 0.00688959 0)
(21.9895 0.00546303 0)
(21.891 0.00429772 0)
(21.8117 0.00335645 0)
(21.7482 0.00260162 0)
(21.6978 0.00199942 0)
(21.6581 0.00152255 0)
(21.627 0.00115174 0)
(21.6028 0.000862118 0)
(21.5841 0.000637451 0)
(21.5698 0.00046747 0)
(21.5589 0.000341218 0)
(21.5508 0.000247234 0)
(21.5446 0.000179268 0)
(21.54 0.000137213 0)
(21.5363 0.000180588 0)
(21.5316 0.000212498 0)
(39.1531 0.606712 0)
(38.9753 0.391703 0)
(38.4288 0.290932 0)
(37.6987 0.23601 0)
(36.8797 0.1964 0)
(36.0075 0.166944 0)
(35.1069 0.144177 0)
(34.201 0.125732 0)
(33.309 0.110312 0)
(32.4458 0.0971603 0)
(31.6218 0.0857559 0)
(30.8446 0.0756964 0)
(30.1195 0.0666882 0)
(29.45 0.0585195 0)
(28.8384 0.0510571 0)
(28.2855 0.0442278 0)
(27.7912 0.0379938 0)
(27.3538 0.0323478 0)
(26.971 0.0272833 0)
(26.6392 0.0227993 0)
(26.3545 0.0188769 0)
(26.1124 0.0154938 0)
(25.9083 0.0126106 0)
(25.7376 0.0101863 0)
(25.596 0.00816507 0)
(25.4792 0.00649667 0)
(25.3836 0.00513426 0)
(25.3058 0.00402966 0)
(25.243 0.00313857 0)
(25.1926 0.00242502 0)
(25.1524 0.00186227 0)
(25.1206 0.00141747 0)
(25.0955 0.00106793 0)
(25.076 0.000798957 0)
(25.0609 0.000594927 0)
(25.0492 0.000440164 0)
(25.0403 0.000325542 0)
(25.0334 0.00025134 0)
(25.028 0.000277709 0)
(25.0223 0.000286012 0)
(39.2893 0.604299 0)
(39.3304 0.399075 0)
(39.0718 0.301745 0)
(38.6688 0.25003 0)
(38.1902 0.212604 0)
(37.6525 0.18461 0)
(37.0666 0.162778 0)
(36.4466 0.144795 0)
(35.8072 0.129417 0)
(35.1615 0.11596 0)
(34.521 0.103969 0)
(33.8953 0.0931005 0)
(33.2928 0.0831075 0)
(32.7202 0.0738211 0)
(32.1831 0.0651472 0)
(31.6857 0.0570501 0)
(31.2307 0.0495279 0)
(30.8194 0.0426066 0)
(30.4519 0.0363091 0)
(30.1271 0.0306587 0)
(29.843 0.0256542 0)
(29.5967 0.0212848 0)
(29.3853 0.0175171 0)
(29.2051 0.0143111 0)
(29.0528 0.011607 0)
(28.925 0.00934844 0)
(28.8185 0.00748155 0)
(28.7303 0.00594939 0)
(28.6577 0.00469806 0)
(28.5983 0.00368352 0)
(28.5502 0.00287174 0)
(28.5113 0.00222168 0)
(28.4801 0.00170377 0)
(28.4554 0.0012985 0)
(28.4358 0.00098504 0)
(28.4205 0.000742896 0)
(28.4085 0.000559602 0)
(28.3992 0.000435243 0)
(28.3918 0.000427244 0)
(28.3847 0.00038621 0)
(39.3519 0.598305 0)
(39.5009 0.402439 0)
(39.402 0.3074 0)
(39.1964 0.258247 0)
(38.9415 0.222777 0)
(38.6428 0.196312 0)
(38.3014 0.175739 0)
(37.9227 0.158726 0)
(37.5145 0.144015 0)
(37.0852 0.130929 0)
(36.6428 0.119034 0)
(36.1952 0.108007 0)
(35.75 0.09763 0)
(35.3141 0.0877616 0)
(34.8936 0.0783407 0)
(34.4941 0.0693671 0)
(34.1195 0.0608772 0)
(33.7731 0.0529344 0)
(33.4567 0.0455969 0)
(33.1711 0.0389195 0)
(32.916 0.0329264 0)
(32.6905 0.027626 0)
(32.493 0.022998 0)
(32.3214 0.0190104 0)
(32.1735 0.0156057 0)
(32.047 0.0127262 0)
(31.9395 0.0103157 0)
(31.8489 0.00831205 0)
(31.7729 0.00665441 0)
(31.7096 0.00529281 0)
(31.6573 0.00418752 0)
(31.6143 0.00329036 0)
(31.5792 0.00256544 0)
(31.5507 0.00198892 0)
(31.5278 0.00153492 0)
(31.5096 0.0011781 0)
(31.495 0.000902563 0)
(31.4835 0.000707663 0)
(31.4744 0.000645139 0)
(31.466 0.000522056 0)
(39.3786 0.58998 0)
(39.5745 0.403542 0)
(39.556 0.309863 0)
(39.4567 0.262551 0)
(39.3312 0.228541 0)
(39.1812 0.203266 0)
(39.0028 0.183794 0)
(38.7964 0.167773 0)
(38.5647 0.1539 0)
(38.3114 0.141473 0)
(38.0407 0.130043 0)
(37.7574 0.119284 0)
(37.4664 0.108975 0)
(37.1729 0.0989834 0)
(36.8817 0.0892632 0)
(36.5976 0.0798365 0)
(36.3247 0.0707675 0)
(36.0663 0.0621505 0)
(35.825 0.0540761 0)
(35.6024 0.0466291 0)
(35.3994 0.0398606 0)
(35.2163 0.0338005 0)
(35.0528 0.0284461 0)
(34.908 0.0237775 0)
(34.7807 0.0197444 0)
(34.6698 0.0162926 0)
(34.5739 0.0133678 0)
(34.4914 0.0109069 0)
(34.421 0.00884532 0)
(34.3613 0.00713041 0)
(34.311 0.00571937 0)
(34.2689 0.00455889 0)
(34.234 0.00360836 0)
(34.2051 0.00284099 0)
(34.1815 0.0022269 0)
(34.1622 0.0017365 0)
(34.1467 0.00135105 0)
(34.1342 0.00106889 0)
(34.1241 0.000933841 0)
(34.1151 0.000697312 0)
(39.3892 0.580013 0)
(39.6014 0.403477 0)
(39.6201 0.310563 0)
(39.5721 0.264528 0)
(39.5128 0.231514 0)
(39.4436 0.206992 0)
(39.3596 0.188265 0)
(39.259 0.172987 0)
(39.142 0.159816 0)
(39.0097 0.148018 0)
(38.8637 0.137121 0)
(38.7058 0.126778 0)
(38.5385 0.116755 0)
(38.3648 0.106909 0)
(38.1877 0.0971951 0)
(38.0104 0.0876409 0)
(37.8358 0.0783249 0)
(37.6665 0.0693603 0)
(37.505 0.06086 0)
(37.3528 0.0529318 0)
(37.2113 0.0456491 0)
(37.0812 0.0390608 0)
(36.9627 0.0331807 0)
(36.8559 0.0280021 0)
(36.7604 0.0234839 0)
(36.6757 0.0195771 0)
(36.6012 0.0162325 0)
(36.536 0.0133888 0)
(36.4794 0.0109807 0)
(36.4306 0.00895528 0)
(36.3888 0.00726943 0)
(36.3532 0.00586686 0)
(36.3231 0.00470413 0)
(36.2979 0.00375332 0)
(36.2769 0.00298203 0)
(36.2595 0.00235764 0)
(36.2452 0.00185944 0)
(36.2335 0.00148495 0)
(36.224 0.00126876 0)
(36.2154 0.000902611 0)
(39.3934 0.568742 0)
(39.608 0.402825 0)
(39.6431 0.310392 0)
(39.6174 0.265272 0)
(39.588 0.232955 0)
(39.5573 0.208837 0)
(39.5207 0.190508 0)
(39.4762 0.175667 0)
(39.4233 0.162945 0)
(39.3621 0.151587 0)
(39.2927 0.141101 0)
(39.2156 0.131124 0)
(39.1317 0.121402 0)
(39.0421 0.111781 0)
(38.9483 0.102205 0)
(38.8518 0.0926989 0)
(38.7546 0.0833437 0)
(38.6581 0.0742596 0)
(38.564 0.0655716 0)
(38.4735 0.0574007 0)
(38.3877 0.0498353 0)
(38.3074 0.0429376 0)
(38.233 0.0367343 0)
(38.1648 0.0312298 0)
(38.1028 0.0263909 0)
(38.047 0.0221742 0)
(37.9972 0.0185362 0)
(37.9529 0.0154186 0)
(37.914 0.0127564 0)
(37.8799 0.0104983 0)
(37.8503 0.00860247 0)
(37.8247 0.00701109 0)
(37.8028 0.0056793 0)
(37.7842 0.00457957 0)
(37.7684 0.00367833 0)
(37.7551 0.00294102 0)
(37.744 0.00234594 0)
(37.7347 0.00188999 0)
(37.7271 0.00159833 0)
(37.72 0.00111336 0)
(39.3953 0.556312 0)
(39.6064 0.401833 0)
(39.6489 0.309833 0)
(39.6325 0.265418 0)
(39.6151 0.233661 0)
(39.6006 0.209744 0)
(39.5847 0.191574 0)
(39.5658 0.176928 0)
(39.5437 0.164427 0)
(39.5181 0.153302 0)
(39.489 0.143054 0)
(39.4561 0.133308 0)
(39.4195 0.123799 0)
(39.3796 0.114361 0)
(39.3367 0.10493 0)
(39.2914 0.0955213 0)
(39.2446 0.0862138 0)
(39.1971 0.0771273 0)
(39.1497 0.0683901 0)
(39.1031 0.0601292 0)
(39.058 0.0524406 0)
(39.0151 0.0453935 0)
(38.9746 0.0390234 0)
(38.937 0.0333422 0)
(38.9023 0.0283226 0)
(38.8707 0.0239251 0)
(38.842 0.0201113 0)
(38.8163 0.0168261 0)
(38.7933 0.0140048 0)
(38.773 0.0115982 0)
(38.7552 0.00956631 0)
(38.7396 0.00785068 0)
(38.726 0.00640552 0)
(38.7143 0.00520462 0)
(38.7043 0.0042141 0)
(38.6957 0.00339807 0)
(38.6884 0.00273444 0)
(38.6822 0.00221964 0)
(38.677 0.00186997 0)
(38.6718 0.00130245 0)
(39.3966 0.542782 0)
(39.6017 0.400552 0)
(39.6483 0.309115 0)
(39.636 0.26528 0)
(39.6231 0.234055 0)
(39.6146 0.210255 0)
(39.6067 0.192114 0)
(39.598 0.17752 0)
(39.5885 0.16509 0)
(39.5782 0.15405 0)
(39.567 0.143899 0)
(39.5546 0.134258 0)
(39.5408 0.124858 0)
(39.5255 0.115527 0)
(39.5087 0.106192 0)
(39.4906 0.0968647 0)
(39.4712 0.087617 0)
(39.451 0.0785657 0)
(39.4303 0.0698387 0)
(39.4095 0.0615634 0)
(39.3888 0.0538386 0)
(39.3687 0.0467361 0)
(39.3494 0.0402959 0)
(39.3311 0.0345346 0)
(39.314 0.0294288 0)
(39.2982 0.0249406 0)
(39.2837 0.0210362 0)
(39.2706 0.0176629 0)
(39.2587 0.0147558 0)
(39.2481 0.0122675 0)
(39.2386 0.0101605 0)
(39.2302 0.00837558 0)
(39.2229 0.00686601 0)
(39.2164 0.00560745 0)
(39.2107 0.00456604 0)
(39.2058 0.00370479 0)
(39.2014 0.0030015 0)
(39.1976 0.00245217 0)
(39.1944 0.00206554 0)
(39.1907 0.0014621 0)
(39.3979 0.528187 0)
(39.5958 0.398935 0)
(39.6454 0.308334 0)
(39.6355 0.264987 0)
(39.6243 0.234324 0)
(39.6179 0.210628 0)
(39.6128 0.192462 0)
(39.6076 0.177849 0)
(39.6027 0.165414 0)
(39.598 0.154378 0)
(39.5936 0.144239 0)
(39.5892 0.134624 0)
(39.5846 0.125259 0)
(39.5796 0.115972 0)
(39.5741 0.106686 0)
(39.5679 0.0974074 0)
(39.561 0.0882048 0)
(39.5535 0.0791904 0)
(39.5454 0.0704898 0)
(39.537 0.0622286 0)
(39.5283 0.0545056 0)
(39.5196 0.0473925 0)
(39.511 0.0409313 0)
(39.5026 0.0351416 0)
(39.4947 0.0300017 0)
(39.4872 0.0254744 0)
(39.4802 0.0215293 0)
(39.4737 0.0181158 0)
(39.4678 0.0151678 0)
(39.4624 0.0126397 0)
(39.4575 0.0104968 0)
(39.4531 0.00867829 0)
(39.4491 0.00713676 0)
(39.4454 0.00584982 0)
(39.4422 0.00478359 0)
(39.4392 0.00389952 0)
(39.4365 0.00317458 0)
(39.434 0.00260307 0)
(39.4318 0.0021857 0)
(39.4289 0.00156678 0)
(39.3996 0.512571 0)
(39.5894 0.396883 0)
(39.6415 0.307524 0)
(39.6336 0.264586 0)
(39.6233 0.234531 0)
(39.6178 0.210966 0)
(39.6136 0.192757 0)
(39.6097 0.178098 0)
(39.6061 0.165625 0)
(39.6033 0.154555 0)
(39.6011 0.14439 0)
(39.5993 0.134759 0)
(39.5979 0.125391 0)
(39.5965 0.116114 0)
(39.595 0.106847 0)
(39.5932 0.0975952 0)
(39.5911 0.0884235 0)
(39.5884 0.0794401 0)
(39.5853 0.0707676 0)
(39.5818 0.0625289 0)
(39.5779 0.0548218 0)
(39.5738 0.0477162 0)
(39.5696 0.0412553 0)
(39.5654 0.0354605 0)
(39.5613 0.0303109 0)
(39.5573 0.0257689 0)
(39.5534 0.0218074 0)
(39.5498 0.0183776 0)
(39.5463 0.0154115 0)
(39.5431 0.0128654 0)
(39.5402 0.0107072 0)
(39.5373 0.00887503 0)
(39.5347 0.00732062 0)
(39.5323 0.00602501 0)
(39.5299 0.00495608 0)
(39.5277 0.00407646 0)
(39.5256 0.00336608 0)
(39.5236 0.00282147 0)
(39.5217 0.00243825 0)
(39.519 0.0018963 0)
(39.4015 0.496001 0)
(39.5826 0.394276 0)
(39.6369 0.306689 0)
(39.6311 0.264091 0)
(39.6216 0.234688 0)
(39.6166 0.2113 0)
(39.6129 0.19305 0)
(39.6094 0.178334 0)
(39.6063 0.165809 0)
(39.604 0.154691 0)
(39.6024 0.144483 0)
(39.6015 0.134819 0)
(39.6009 0.125432 0)
(39.6006 0.116148 0)
(39.6004 0.106888 0)
(39.5999 0.0976539 0)
(39.5992 0.0885067 0)
(39.5981 0.0795511 0)
(39.5966 0.0709067 0)
(39.5947 0.0626935 0)
(39.5925 0.0550076 0)
(39.59 0.0479166 0)
(39.5873 0.0414641 0)
(39.5845 0.0356733 0)
(39.5816 0.0305236 0)
(39.5788 0.0259764 0)
(39.576 0.0220077 0)
(39.5733 0.0185704 0)
(39.5707 0.0155935 0)
(39.5682 0.0130347 0)
(39.5658 0.0108641 0)
(39.5635 0.00901549 0)
(39.5613 0.00743606 0)
(39.5592 0.00610452 0)
(39.5571 0.00498229 0)
(39.5551 0.00402372 0)
(39.5531 0.00320413 0)
(39.5512 0.00252016 0)
(39.5493 0.00196975 0)
(39.5466 0.00127649 0)
(39.4039 0.478573 0)
(39.5756 0.390984 0)
(39.6319 0.305814 0)
(39.6283 0.263507 0)
(39.6195 0.234789 0)
(39.615 0.211634 0)
(39.6117 0.193355 0)
(39.6084 0.178577 0)
(39.6055 0.165996 0)
(39.6034 0.154822 0)
(39.6021 0.144564 0)
(39.6013 0.13486 0)
(39.601 0.125447 0)
(39.601 0.116151 0)
(39.601 0.106894 0)
(39.6009 0.097674 0)
(39.6006 0.0885502 0)
(39.5999 0.0796227 0)
(39.5989 0.0710078 0)
(39.5975 0.0628227 0)
(39.5957 0.0551613 0)
(39.5936 0.0480888 0)
(39.5914 0.0416491 0)
(39.589 0.0358674 0)
(39.5865 0.0307234 0)
(39.584 0.0261774 0)
(39.5815 0.0222101 0)
(39.5791 0.018777 0)
(39.5767 0.0158062 0)
(39.5745 0.0132615 0)
(39.5722 0.0111227 0)
(39.5701 0.0093305 0)
(39.568 0.00784277 0)
(39.5659 0.00665455 0)
(39.5639 0.00573696 0)
(39.5619 0.00504475 0)
(39.5599 0.00454425 0)
(39.558 0.00421041 0)
(39.5561 0.00400669 0)
(39.5534 0.00367704 0)
(39.4068 0.460414 0)
(39.5684 0.386879 0)
(39.6264 0.30487 0)
(39.6252 0.26284 0)
(39.6172 0.234821 0)
(39.6131 0.211963 0)
(39.6101 0.193673 0)
(39.6071 0.178832 0)
(39.6045 0.166191 0)
(39.6025 0.154959 0)
(39.6012 0.144646 0)
(39.6005 0.134898 0)
(39.6003 0.125455 0)
(39.6003 0.116146 0)
(39.6004 0.10689 0)
(39.6004 0.0976844 0)
(39.6002 0.0885846 0)
(39.5996 0.0796866 0)
(39.5987 0.0711028 0)
(39.5974 0.0629471 0)
(39.5958 0.0553107 0)
(39.5938 0.0482558 0)
(39.5917 0.0418258 0)
(39.5895 0.0360474 0)
(39.5871 0.0308986 0)
(39.5847 0.0263355 0)
(39.5824 0.0223396 0)
(39.5801 0.0188613 0)
(39.5778 0.0158137 0)
(39.5755 0.0131477 0)
(39.5734 0.0108264 0)
(39.5713 0.00876449 0)
(39.5692 0.00690014 0)
(39.5672 0.00522622 0)
(39.5652 0.00372454 0)
(39.5632 0.00237604 0)
(39.5613 0.00119099 0)
(39.5593 0.00019622 0)
(39.5575 -0.000602063 0)
(39.5547 -0.00140728 0)
(39.4102 0.441685 0)
(39.5612 0.381842 0)
(39.6204 0.303807 0)
(39.6217 0.262093 0)
(39.6147 0.234771 0)
(39.611 0.212274 0)
(39.6084 0.194 0)
(39.6057 0.179099 0)
(39.6032 0.166396 0)
(39.6013 0.155102 0)
(39.6001 0.144732 0)
(39.5995 0.134937 0)
(39.5993 0.125462 0)
(39.5993 0.116138 0)
(39.5994 0.106884 0)
(39.5994 0.0976953 0)
(39.5992 0.0886234 0)
(39.5987 0.0797603 0)
(39.5979 0.0712152 0)
(39.5966 0.0630995 0)
(39.5951 0.0555027 0)
(39.5932 0.0484856 0)
(39.5912 0.0420946 0)
(39.589 0.0363638 0)
(39.5867 0.0312771 0)
(39.5844 0.0268 0)
(39.5821 0.0229372 0)
(39.5798 0.019666 0)
(39.5776 0.0169268 0)
(39.5754 0.01471 0)
(39.5733 0.0130128 0)
(39.5712 0.0117592 0)
(39.5691 0.0108744 0)
(39.5671 0.0103143 0)
(39.5651 0.00999523 0)
(39.5631 0.00982068 0)
(39.5612 0.00972313 0)
(39.5593 0.00965796 0)
(39.5574 0.0095883 0)
(39.5549 0.00933103 0)
(39.4142 0.422576 0)
(39.5541 0.37578 0)
(39.614 0.302556 0)
(39.6178 0.261269 0)
(39.6118 0.234623 0)
(39.6086 0.212554 0)
(39.6064 0.194332 0)
(39.604 0.179375 0)
(39.6017 0.166609 0)
(39.5999 0.155251 0)
(39.5988 0.14482 0)
(39.5982 0.134975 0)
(39.598 0.125464 0)
(39.5981 0.116122 0)
(39.5982 0.106866 0)
(39.5983 0.0976881 0)
(39.5981 0.0886352 0)
(39.5976 0.0797926 0)
(39.5968 0.0712626 0)
(39.5956 0.0631497 0)
(39.5941 0.0555349 0)
(39.5923 0.0484673 0)
(39.5904 0.0419815 0)
(39.5883 0.0360971 0)
(39.5861 0.0307689 0)
(39.5838 0.0259223 0)
(39.5816 0.0215218 0)
(39.5794 0.0174949 0)
(39.5772 0.0137307 0)
(39.5751 0.0102029 0)
(39.5731 0.00692811 0)
(39.5711 0.00387537 0)
(39.5691 0.00105649 0)
(39.5671 -0.00144922 0)
(39.5652 -0.00360877 0)
(39.5633 -0.00541759 0)
(39.5614 -0.00686777 0)
(39.5594 -0.00794385 0)
(39.5575 -0.00868581 0)
(39.5546 -0.00924637 0)
(39.4188 0.403301 0)
(39.5472 0.368635 0)
(39.607 0.301032 0)
(39.6135 0.260368 0)
(39.6086 0.234367 0)
(39.6059 0.212785 0)
(39.6041 0.194659 0)
(39.602 0.179656 0)
(39.5999 0.166829 0)
(39.5983 0.155409 0)
(39.5973 0.144918 0)
(39.5968 0.135025 0)
(39.5966 0.125486 0)
(39.5967 0.11614 0)
(39.5968 0.106907 0)
(39.5969 0.0977781 0)
(39.5967 0.0888037 0)
(39.5963 0.0800704 0)
(39.5955 0.0716863 0)
(39.5944 0.063767 0)
(39.5929 0.05641 0)
(39.5912 0.0496891 0)
(39.5893 0.0436794 0)
(39.5873 0.0384582 0)
(39.5851 0.0340424 0)
(39.5829 0.0304224 0)
(39.5807 0.0276303 0)
(39.5785 0.0256256 0)
(39.5763 0.0242775 0)
(39.5742 0.0234982 0)
(39.5721 0.0231901 0)
(39.5701 0.0231667 0)
(39.5681 0.0232734 0)
(39.5661 0.0234239 0)
(39.5643 0.0235305 0)
(39.5624 0.0234918 0)
(39.5605 0.0233012 0)
(39.5587 0.0229694 0)
(39.557 0.022465 0)
(39.5549 0.0217238 0)
(39.4239 0.384091 0)
(39.5405 0.360393 0)
(39.5996 0.299135 0)
(39.6087 0.25938 0)
(39.6051 0.23399 0)
(39.6029 0.212946 0)
(39.6015 0.194966 0)
(39.5998 0.179929 0)
(39.5979 0.167034 0)
(39.5964 0.15554 0)
(39.5955 0.144969 0)
(39.5951 0.134996 0)
(39.595 0.125377 0)
(39.5951 0.115949 0)
(39.5952 0.106618 0)
(39.5953 0.0973604 0)
(39.5952 0.0882022 0)
(39.5948 0.0791998 0)
(39.5941 0.0704228 0)
(39.593 0.0619398 0)
(39.5917 0.0537879 0)
(39.5901 0.0459652 0)
(39.5883 0.0384663 0)
(39.5864 0.0312925 0)
(39.5845 0.0243872 0)
(39.5824 0.0176995 0)
(39.5804 0.0112947 0)
(39.5784 0.00521505 0)
(39.5765 -0.000542382 0)
(39.5745 -0.00585212 0)
(39.5726 -0.0105755 0)
(39.5707 -0.0146947 0)
(39.5688 -0.0181896 0)
(39.5668 -0.020938 0)
(39.5649 -0.022998 0)
(39.563 -0.0244027 0)
(39.561 -0.0252202 0)
(39.5591 -0.0256466 0)
(39.5571 -0.0258134 0)
(39.5537 -0.0257266 0)
(39.4295 0.365185 0)
(39.5343 0.3511 0)
(39.5918 0.296761 0)
(39.6034 0.258289 0)
(39.6012 0.233495 0)
(39.5995 0.213033 0)
(39.5985 0.195273 0)
(39.5972 0.180249 0)
(39.5956 0.167332 0)
(39.5943 0.155828 0)
(39.5935 0.145278 0)
(39.5931 0.135383 0)
(39.593 0.125929 0)
(39.5932 0.116785 0)
(39.5933 0.107894 0)
(39.5934 0.0992741 0)
(39.5933 0.0909986 0)
(39.5929 0.0831818 0)
(39.5922 0.0759629 0)
(39.5912 0.0694931 0)
(39.5898 0.0638955 0)
(39.5882 0.0592498 0)
(39.5864 0.0556188 0)
(39.5844 0.0530392 0)
(39.5823 0.0514196 0)
(39.5802 0.0506042 0)
(39.578 0.0504912 0)
(39.5759 0.0508837 0)
(39.5738 0.0515066 0)
(39.5718 0.0521865 0)
(39.5699 0.052812 0)
(39.568 0.0531575 0)
(39.5663 0.0531402 0)
(39.5646 0.0527184 0)
(39.5629 0.0519282 0)
(39.5613 0.0510031 0)
(39.5596 0.0500094 0)
(39.558 0.0488937 0)
(39.5564 0.0476457 0)
(39.5552 0.0461198 0)
(39.4356 0.346819 0)
(39.5286 0.340854 0)
(39.5838 0.293793 0)
(39.5975 0.257028 0)
(39.5968 0.232805 0)
(39.5957 0.212899 0)
(39.5952 0.195341 0)
(39.5942 0.180232 0)
(39.5929 0.167099 0)
(39.5918 0.15527 0)
(39.5912 0.144253 0)
(39.5909 0.1337 0)
(39.5909 0.123341 0)
(39.5911 0.112972 0)
(39.5914 0.10246 0)
(39.5915 0.0917349 0)
(39.5916 0.0807777 0)
(39.5913 0.0696093 0)
(39.5909 0.0582796 0)
(39.5901 0.046868 0)
(39.5891 0.0354483 0)
(39.5878 0.0240882 0)
(39.5864 0.0129101 0)
(39.5849 0.00209613 0)
(39.5832 -0.00825815 0)
(39.5815 -0.0180499 0)
(39.5797 -0.0270135 0)
(39.5779 -0.0350035 0)
(39.576 -0.0420214 0)
(39.5741 -0.0478661 0)
(39.5722 -0.0524328 0)
(39.5702 -0.0558243 0)
(39.5682 -0.0580561 0)
(39.5661 -0.0595805 0)
(39.5641 -0.0605394 0)
(39.5622 -0.0609327 0)
(39.5602 -0.0608109 0)
(39.5582 -0.0602143 0)
(39.5562 -0.0591966 0)
(39.5519 -0.0577602 0)
(39.442 0.329245 0)
(39.5234 0.329888 0)
(39.5755 0.290281 0)
(39.5911 0.255794 0)
(39.5919 0.232347 0)
(39.5914 0.213256 0)
(39.5913 0.196355 0)
(39.5907 0.181818 0)
(39.5897 0.169435 0)
(39.5888 0.158722 0)
(39.5882 0.149328 0)
(39.5879 0.141038 0)
(39.5879 0.133706 0)
(39.588 0.12723 0)
(39.5881 0.121555 0)
(39.5881 0.116667 0)
(39.5879 0.112582 0)
(39.5874 0.109329 0)
(39.5866 0.106939 0)
(39.5855 0.105435 0)
(39.5842 0.10478 0)
(39.5825 0.104875 0)
(39.5808 0.105608 0)
(39.5789 0.10687 0)
(39.577 0.108405 0)
(39.575 0.109931 0)
(39.5732 0.111306 0)
(39.5714 0.112338 0)
(39.5697 0.112677 0)
(39.5682 0.112351 0)
(39.5668 0.111229 0)
(39.5654 0.109735 0)
(39.564 0.108113 0)
(39.5627 0.106277 0)
(39.5613 0.104208 0)
(39.56 0.101883 0)
(39.5586 0.0993034 0)
(39.5573 0.0964831 0)
(39.5559 0.0934124 0)
(39.5562 0.0899115 0)
(39.4488 0.312434 0)
(39.519 0.317973 0)
(39.5673 0.285352 0)
(39.5842 0.253107 0)
(39.5865 0.229769 0)
(39.5867 0.210318 0)
(39.5871 0.192321 0)
(39.587 0.17568 0)
(39.5865 0.160107 0)
(39.586 0.14501 0)
(39.5859 0.129916 0)
(39.586 0.114543 0)
(39.5865 0.0987428 0)
(39.587 0.0824567 0)
(39.5876 0.0657056 0)
(39.5882 0.0485739 0)
(39.5886 0.0311947 0)
(39.5888 0.0137352 0)
(39.5887 -0.00360749 0)
(39.5883 -0.0205915 0)
(39.5877 -0.0370069 0)
(39.5868 -0.05268 0)
(39.5857 -0.0673448 0)
(39.5844 -0.0806724 0)
(39.5828 -0.0925481 0)
(39.5811 -0.102922 0)
(39.5793 -0.111329 0)
(39.5773 -0.11791 0)
(39.5751 -0.122519 0)
(39.573 -0.125686 0)
(39.5708 -0.127964 0)
(39.5686 -0.129275 0)
(39.5665 -0.129705 0)
(39.5644 -0.129281 0)
(39.5622 -0.128068 0)
(39.5601 -0.126145 0)
(39.558 -0.123577 0)
(39.5559 -0.120422 0)
(39.5538 -0.116753 0)
(39.548 -0.112502 0)
(39.4555 0.29814 0)
(39.5151 0.308124 0)
(39.5588 0.28353 0)
(39.5764 0.256113 0)
(39.58 0.236351 0)
(39.5807 0.221525 0)
(39.5812 0.209718 0)
(39.5811 0.201065 0)
(39.5804 0.195568 0)
(39.5796 0.192728 0)
(39.5789 0.191948 0)
(39.5784 0.192705 0)
(39.5781 0.194561 0)
(39.5779 0.197158 0)
(39.5778 0.20022 0)
(39.5776 0.203551 0)
(39.5772 0.207015 0)
(39.5767 0.210512 0)
(39.576 0.213957 0)
(39.575 0.217289 0)
(39.5739 0.220385 0)
(39.5727 0.223075 0)
(39.5714 0.225191 0)
(39.5701 0.226674 0)
(39.5689 0.227221 0)
(39.5677 0.226611 0)
(39.5668 0.224737 0)
(39.566 0.221861 0)
(39.5652 0.218711 0)
(39.5643 0.215224 0)
(39.5635 0.211399 0)
(39.5627 0.207169 0)
(39.5619 0.202517 0)
(39.5611 0.197485 0)
(39.5603 0.192084 0)
(39.5595 0.186317 0)
(39.5586 0.18021 0)
(39.5577 0.173794 0)
(39.5568 0.167069 0)
(39.5592 0.159798 0)
(39.4627 0.27787 0)
(39.5125 0.286937 0)
(39.5515 0.263723 0)
(39.5696 0.232587 0)
(39.5751 0.203866 0)
(39.5773 0.176115 0)
(39.5794 0.14751 0)
(39.5809 0.118287 0)
(39.582 0.0890499 0)
(39.5828 0.060088 0)
(39.5836 0.0315542 0)
(39.5846 0.00359479 0)
(39.5856 -0.0236575 0)
(39.5865 -0.0500911 0)
(39.5874 -0.075601 0)
(39.5882 -0.100073 0)
(39.5887 -0.123376 0)
(39.5889 -0.145365 0)
(39.5888 -0.165869 0)
(39.5884 -0.184622 0)
(39.5876 -0.201474 0)
(39.5865 -0.216319 0)
(39.5851 -0.228882 0)
(39.5833 -0.238771 0)
(39.5812 -0.246149 0)
(39.5788 -0.250957 0)
(39.5763 -0.254204 0)
(39.5739 -0.256032 0)
(39.5715 -0.256554 0)
(39.569 -0.255779 0)
(39.5665 -0.25375 0)
(39.5641 -0.25061 0)
(39.5616 -0.246457 0)
(39.5592 -0.24135 0)
(39.5569 -0.23538 0)
(39.5545 -0.228648 0)
(39.5522 -0.221242 0)
(39.5499 -0.213248 0)
(39.5475 -0.204742 0)
(39.5398 -0.195632 0)
(39.4676 0.291325 0)
(39.5072 0.313536 0)
(39.5398 0.312015 0)
(39.5558 0.30637 0)
(39.5601 0.307113 0)
(39.5607 0.313804 0)
(39.5606 0.323853 0)
(39.5601 0.335968 0)
(39.5593 0.349386 0)
(39.5585 0.363288 0)
(39.558 0.376934 0)
(39.5577 0.38979 0)
(39.5578 0.401509 0)
(39.558 0.411873 0)
(39.5584 0.420753 0)
(39.5588 0.428088 0)
(39.5592 0.433859 0)
(39.5595 0.438069 0)
(39.5597 0.44069 0)
(39.5599 0.441757 0)
(39.56 0.441219 0)
(39.5601 0.438872 0)
(39.5604 0.434721 0)
(39.5609 0.428697 0)
(39.5613 0.421556 0)
(39.5616 0.413926 0)
(39.5619 0.405815 0)
(39.5621 0.39716 0)
(39.5624 0.387905 0)
(39.5626 0.378136 0)
(39.5627 0.367913 0)
(39.5628 0.357231 0)
(39.5629 0.346118 0)
(39.563 0.33463 0)
(39.5629 0.32281 0)
(39.5628 0.310696 0)
(39.5627 0.298332 0)
(39.5624 0.285763 0)
(39.5622 0.272989 0)
(39.5668 0.259752 0)
(39.4813 0.187679 0)
(39.5152 0.176218 0)
(39.5459 0.135607 0)
(39.5651 0.0805683 0)
(39.5747 0.0230037 0)
(39.5801 -0.0331037 0)
(39.5841 -0.0869691 0)
(39.587 -0.137818 0)
(39.5888 -0.184918 0)
(39.5899 -0.22801 0)
(39.5905 -0.267188 0)
(39.5909 -0.302667 0)
(39.5911 -0.334671 0)
(39.5911 -0.3634 0)
(39.5909 -0.389014 0)
(39.5905 -0.411628 0)
(39.5898 -0.431311 0)
(39.5889 -0.448102 0)
(39.5875 -0.462 0)
(39.5859 -0.472629 0)
(39.5837 -0.480198 0)
(39.5811 -0.484602 0)
(39.5782 -0.48625 0)
(39.5751 -0.486053 0)
(39.5721 -0.483939 0)
(39.569 -0.480115 0)
(39.5658 -0.474579 0)
(39.5627 -0.467492 0)
(39.5596 -0.459044 0)
(39.5565 -0.449337 0)
(39.5535 -0.438475 0)
(39.5506 -0.426608 0)
(39.5478 -0.41387 0)
(39.545 -0.400363 0)
(39.5423 -0.386193 0)
(39.5398 -0.371467 0)
(39.5373 -0.356285 0)
(39.5348 -0.340731 0)
(39.5321 -0.324874 0)
(39.523 -0.308714 0)
(39.4616 0.442872 0)
(39.4803 0.509677 0)
(39.4973 0.561961 0)
(39.5067 0.606209 0)
(39.5102 0.647333 0)
(39.5116 0.685412 0)
(39.5131 0.719092 0)
(39.5148 0.747951 0)
(39.5167 0.772254 0)
(39.5188 0.792287 0)
(39.521 0.808236 0)
(39.5236 0.820271 0)
(39.5264 0.828577 0)
(39.5293 0.833343 0)
(39.5322 0.834749 0)
(39.5352 0.832979 0)
(39.5382 0.828221 0)
(39.5412 0.820652 0)
(39.5442 0.810329 0)
(39.5473 0.79712 0)
(39.5503 0.781691 0)
(39.5533 0.764868 0)
(39.556 0.74703 0)
(39.5585 0.728386 0)
(39.5609 0.70893 0)
(39.5632 0.688756 0)
(39.5652 0.668087 0)
(39.5671 0.647035 0)
(39.5689 0.625657 0)
(39.5706 0.604049 0)
(39.572 0.582306 0)
(39.5734 0.560481 0)
(39.5746 0.538621 0)
(39.5756 0.516783 0)
(39.5765 0.495016 0)
(39.5772 0.47336 0)
(39.5777 0.451857 0)
(39.5781 0.430546 0)
(39.5786 0.409421 0)
(39.5845 0.388342 0)
(39.5377 -0.189686 0)
(39.5627 -0.269899 0)
(39.5859 -0.363966 0)
(39.6014 -0.458975 0)
(39.609 -0.544914 0)
(39.6117 -0.618752 0)
(39.6119 -0.681447 0)
(39.6108 -0.734451 0)
(39.6086 -0.778795 0)
(39.6058 -0.815379 0)
(39.6025 -0.845111 0)
(39.5991 -0.868804 0)
(39.5956 -0.887102 0)
(39.592 -0.900497 0)
(39.5883 -0.90937 0)
(39.5845 -0.914026 0)
(39.5805 -0.914721 0)
(39.5762 -0.911689 0)
(39.5716 -0.905141 0)
(39.5668 -0.895848 0)
(39.5621 -0.883896 0)
(39.5574 -0.869652 0)
(39.5526 -0.85337 0)
(39.5479 -0.835165 0)
(39.5434 -0.815377 0)
(39.5389 -0.794274 0)
(39.5346 -0.772011 0)
(39.5305 -0.748784 0)
(39.5266 -0.724814 0)
(39.5229 -0.700265 0)
(39.5194 -0.675267 0)
(39.516 -0.649954 0)
(39.5129 -0.624445 0)
(39.51 -0.598832 0)
(39.5073 -0.573194 0)
(39.5048 -0.547604 0)
(39.5024 -0.522125 0)
(39.5003 -0.496807 0)
(39.4978 -0.471689 0)
(39.489 -0.447026 0)
(39.3698 1.06478 0)
(39.3695 1.21497 0)
(39.3772 1.3291 0)
(39.3885 1.40885 0)
(39.4004 1.46337 0)
(39.412 1.50064 0)
(39.423 1.52506 0)
(39.4336 1.53907 0)
(39.4437 1.54462 0)
(39.4534 1.54329 0)
(39.4628 1.53616 0)
(39.472 1.52389 0)
(39.481 1.50694 0)
(39.4899 1.48564 0)
(39.4987 1.4603 0)
(39.5073 1.43125 0)
(39.5158 1.39884 0)
(39.5241 1.3635 0)
(39.5322 1.32582 0)
(39.54 1.28663 0)
(39.5474 1.24614 0)
(39.5544 1.20459 0)
(39.561 1.16239 0)
(39.5671 1.12005 0)
(39.5727 1.07781 0)
(39.578 1.03588 0)
(39.5828 0.994488 0)
(39.5871 0.953815 0)
(39.5911 0.913953 0)
(39.5948 0.874972 0)
(39.5981 0.836933 0)
(39.601 0.79986 0)
(39.6037 0.763748 0)
(39.606 0.728592 0)
(39.6081 0.694383 0)
(39.6099 0.661108 0)
(39.6113 0.628765 0)
(39.6125 0.597374 0)
(39.6137 0.567009 0)
(39.6187 0.537963 0)
)
;

boundaryField
{
    inlet
    {
        type            fixedValue;
        value           uniform (39.53 0 0);
    }
    outlet
    {
        type            zeroGradient;
    }
    plate
    {
        type            noSlip;
    }
    farfield
    {
        type            fixedValue;
        value           uniform (39.53 0 0);
    }
    upstreamSlip
    {
        type            symmetry;
    }
    frontAndBack
    {
        type            empty;
    }
}


// ************************************************************************* //
