/*--------------------------------*- C++ -*----------------------------------*\
| =========                 |                                                 |
| \\      /  F ield         | OpenFOAM: The Open Source CFD Toolbox           |
|  \\    /   O peration     | Version:  2512                                  |
|   \\  /    A nd           | Website:  www.openfoam.com                      |
|    \\/     M anipulation  |                                                 |
\*---------------------------------------------------------------------------*/
FoamFile
{
    version     2.0;
    format      ascii;
    arch        "LSB;label=32;scalar=64";
    class       volScalarField;
    location    "0.149987";
    object      k;
}
// * * * * * * * * * * * * * * * * * * * * * * * * * * * * * * * * * * * * * //

dimensions      [0 2 -2 0 0 0 0];

internalField   nonuniform List<scalar> 
8800
(
0.63900648
0.54955652
0.49838165
0.46385727
0.4430797
0.42670434
0.41729145
0.40866068
0.40428092
0.39938998
0.39745376
0.39425718
0.3945985
0.39955794
0.63900506
0.54956028
0.4983764
0.46386516
0.44306907
0.42671894
0.41727197
0.40868729
0.40424463
0.39943683
0.39742216
0.39434151
0.39443579
0.3975584
0.63900198
0.54956837
0.49836515
0.46388195
0.44304663
0.42674942
0.41723196
0.4087407
0.40417337
0.39953425
0.39727975
0.39473245
0.39329051
0.39413857
0.63899704
0.54958131
0.49834733
0.46390831
0.44301194
0.42679563
0.4171731
0.40881596
0.40407898
0.39965441
0.39712055
0.39495678
0.39321195
0.39255178
0.63899006
0.54959952
0.49832255
0.46394442
0.44296552
0.42685564
0.41710011
0.40890325
0.40398083
0.39975821
0.39702939
0.39498315
0.39336416
0.39228739
0.63898087
0.5496233
0.4982908
0.46398979
0.4429091
0.42692561
0.41702029
0.40899029
0.40389717
0.39982477
0.3970038
0.39494834
0.39342887
0.39231142
0.6389694
0.54965272
0.49825243
0.46404317
0.44284561
0.42700015
0.41694225
0.40906581
0.40383817
0.39985633
0.39700764
0.39492512
0.39343403
0.39232874
0.63895562
0.54968761
0.49820832
0.46410251
0.44277898
0.42707302
0.41687409
0.40912247
0.40380458
0.39986671
0.39701305
0.39492576
0.39341949
0.39233698
0.63893966
0.54972748
0.49815981
0.46416512
0.44271369
0.42713827
0.41682166
0.40915796
0.40379125
0.39986774
0.39701375
0.39493426
0.39340924
0.39233821
0.63892172
0.54977153
0.4981087
0.46422788
0.44265409
0.42719136
0.41678743
0.40917444
0.40379162
0.3998642
0.39701571
0.3949361
0.39341019
0.39233139
0.63890218
0.54981859
0.4980571
0.46428763
0.44260365
0.42723018
0.41677018
0.40917702
0.40379987
0.39985711
0.39702322
0.39492941
0.39341843
0.39232005
0.63888156
0.54986722
0.49800724
0.46434167
0.44256425
0.4272554
0.41676556
0.40917228
0.4038108
0.39984859
0.39703368
0.39492051
0.39342702
0.39230928
0.63886051
0.54991577
0.49796124
0.46438809
0.4425359
0.42727013
0.41676747
0.40916677
0.40381951
0.39984287
0.39704117
0.39491598
0.3934313
0.39230296
0.6388398
0.54996249
0.49792082
0.46442607
0.44251692
0.4272789
0.41676993
0.40916555
0.40382237
0.39984342
0.39704213
0.39491783
0.39343035
0.39230118
0.63882029
0.55000564
0.49788718
0.46445581
0.4425046
0.42728602
0.41676892
0.40917068
0.4038186
0.39985041
0.39703737
0.39492431
0.39342597
0.39230244
0.63880288
0.55004366
0.49786092
0.4644782
0.44249628
0.42729409
0.41676357
0.40918083
0.40381058
0.39986071
0.39703039
0.39493195
0.39342086
0.3923042
0.63878845
0.55007523
0.49784212
0.46449432
0.44249028
0.42730322
0.41675602
0.40919216
0.40380249
0.3998701
0.39702485
0.39493796
0.39341712
0.39230499
0.63877782
0.55009934
0.49783049
0.46450494
0.44248634
0.42731144
0.41674992
0.40920046
0.40379797
0.39987553
0.39702277
0.39494079
0.39341567
0.39230393
0.63877169
0.55011534
0.49782554
0.46451035
0.44248532
0.42731606
0.41674831
0.40920322
0.40379851
0.39987622
0.39702429
0.39494052
0.39341628
0.39230122
0.63877055
0.55012301
0.4978267
0.4645105
0.44248823
0.42731534
0.41675208
0.40920048
0.40380322
0.39987323
0.39702817
0.39493809
0.39341804
0.39229744
0.63877463
0.55012254
0.49783317
0.46450553
0.44249523
0.4273095
0.41675978
0.40919423
0.40380984
0.39986857
0.39703266
0.39493486
0.39341984
0.39229335
0.63878383
0.55011471
0.49784388
0.46449622
0.44250517
0.42730053
0.41676864
0.40918716
0.40381594
0.39986409
0.3970362
0.39493184
0.39342078
0.39228952
0.63879758
0.5501009
0.49785727
0.46448419
0.44251587
0.4272911
0.41677607
0.40918126
0.40382008
0.39986079
0.3970381
0.39492954
0.39342059
0.39228613
0.63881483
0.55008315
0.49787141
0.46447159
0.442525
0.42728338
0.41678065
0.40917736
0.40382184
0.39985878
0.39703838
0.39492784
0.39341933
0.39228312
0.63883405
0.55006406
0.4978842
0.46446065
0.44253092
0.42727846
0.41678214
0.40917547
0.40382156
0.39985784
0.39703745
0.39492662
0.39341731
0.39228035
0.63885324
0.55004649
0.49789371
0.46445318
0.44253287
0.42727663
0.41678088
0.40917535
0.40381971
0.39985774
0.3970356
0.39492576
0.39341473
0.39227785
0.63887017
0.55003322
0.49789858
0.46445032
0.4425309
0.42727783
0.41677739
0.40917685
0.40381666
0.39985851
0.39703309
0.39492538
0.39341183
0.39227571
0.6388827
0.55002638
0.49789829
0.46445235
0.44252569
0.42728174
0.41677231
0.40917981
0.40381286
0.39986015
0.39703021
0.39492554
0.39340883
0.39227407
0.63888904
0.55002708
0.49789331
0.46445872
0.44251845
0.42728769
0.41676663
0.4091838
0.40380902
0.3998624
0.39702753
0.39492615
0.39340616
0.39227293
0.63888816
0.55003516
0.49788491
0.46446813
0.44251076
0.42729463
0.4167615
0.40918819
0.40380593
0.39986493
0.39702553
0.39492711
0.39340414
0.39227231
0.63887991
0.55004936
0.49787479
0.46447899
0.44250416
0.42730141
0.41675801
0.40919228
0.40380432
0.39986738
0.39702471
0.39492825
0.39340315
0.39227214
0.63886493
0.55006787
0.49786434
0.46449001
0.44249949
0.42730741
0.41675658
0.4091958
0.40380434
0.39986966
0.39702515
0.39492952
0.3934032
0.39227241
0.63884444
0.55008905
0.49785409
0.46450082
0.44249649
0.42731282
0.41675672
0.40919903
0.40380561
0.39987196
0.39702654
0.39493106
0.39340409
0.39227317
0.6388199
0.55011198
0.4978435
0.46451205
0.44249386
0.42731853
0.41675729
0.40920261
0.40380731
0.39987459
0.39702838
0.39493294
0.39340547
0.39227442
0.63879287
0.55013632
0.49783155
0.46452473
0.44248999
0.42732562
0.41675695
0.40920723
0.40380845
0.39987797
0.39702992
0.39493542
0.3934068
0.39227617
0.6387652
0.55016155
0.49781772
0.46453931
0.44248394
0.4273345
0.41675491
0.40921308
0.40380844
0.39988214
0.39703074
0.39493837
0.39340776
0.39227826
0.63873931
0.55018591
0.49780296
0.46455464
0.44247625
0.42734426
0.41675144
0.40921958
0.40380736
0.39988664
0.39703083
0.39494145
0.39340824
0.39228039
0.63871825
0.55020601
0.49778999
0.46456783
0.44246902
0.42735283
0.41674786
0.40922526
0.40380598
0.39989046
0.39703053
0.39494396
0.39340835
0.39228206
0.63870506
0.55021783
0.49778219
0.46457544
0.44246476
0.42735773
0.41674585
0.4092285
0.40380523
0.39989261
0.39703033
0.39494527
0.39340829
0.39228284
0.63870146
0.55021894
0.4977816
0.4645754
0.44246505
0.42735751
0.41674637
0.40922838
0.40380568
0.39989251
0.39703051
0.39494502
0.39340818
0.39228247
0.63870648
0.55021049
0.4977874
0.46456872
0.44246927
0.42735302
0.41674895
0.40922552
0.40380707
0.3998906
0.39703098
0.39494352
0.39340802
0.39228119
0.63871633
0.55019736
0.49779621
0.46455904
0.44247514
0.42734664
0.41675234
0.40922145
0.40380873
0.39988787
0.39703145
0.39494144
0.39340774
0.39227949
0.63872562
0.55018636
0.49780319
0.46455159
0.44247932
0.42734199
0.41675451
0.40921856
0.40380965
0.39988589
0.39703153
0.39493987
0.39340731
0.39227816
0.63873013
0.55018229
0.49780529
0.46454958
0.44248009
0.42734106
0.41675467
0.40921805
0.40380956
0.39988548
0.39703124
0.3949394
0.39340691
0.39227766
0.63872904
0.55018514
0.49780298
0.46455244
0.44247818
0.42734323
0.41675351
0.40921955
0.40380895
0.39988642
0.3970309
0.39493996
0.39340674
0.39227802
0.63872483
0.55019111
0.49779888
0.46455726
0.44247547
0.42734661
0.41675211
0.40922184
0.4038084
0.39988797
0.3970308
0.39494105
0.39340691
0.39227889
0.63872125
0.5501953
0.49779631
0.46456039
0.44247418
0.42734876
0.41675172
0.40922339
0.4038085
0.39988912
0.39703112
0.39494195
0.39340739
0.3922797
0.63872031
0.55019577
0.4977963
0.46456068
0.44247464
0.42734907
0.41675235
0.40922378
0.40380914
0.39988954
0.39703171
0.39494241
0.39340798
0.39228024
0.6387212
0.55019427
0.49779741
0.46455976
0.44247565
0.42734867
0.4167532
0.40922373
0.40380984
0.39988969
0.39703229
0.39494268
0.39340852
0.39228063
0.63872182
0.55019359
0.49779783
0.46455959
0.44247604
0.42734877
0.41675363
0.40922398
0.40381027
0.39989001
0.39703272
0.39494308
0.393409
0.3922811
0.63872117
0.55019466
0.49779713
0.46456054
0.44247573
0.42734954
0.41675366
0.40922464
0.40381051
0.3998906
0.39703308
0.39494366
0.39340947
0.39228172
0.63871996
0.55019623
0.49779626
0.4645616
0.44247544
0.42735024
0.41675374
0.40922523
0.40381079
0.39989115
0.39703349
0.39494424
0.39340998
0.39228236
0.63871954
0.55019661
0.49779627
0.46456162
0.44247574
0.42735022
0.41675414
0.40922535
0.40381123
0.3998914
0.39703396
0.39494462
0.39341051
0.39228285
0.63872031
0.55019552
0.49779721
0.4645606
0.44247655
0.42734958
0.41675479
0.40922509
0.40381178
0.39989142
0.39703448
0.39494485
0.39341105
0.39228323
0.63872174
0.55019378
0.49779848
0.46455928
0.44247746
0.42734885
0.41675546
0.40922481
0.40381233
0.39989145
0.39703501
0.39494511
0.39341161
0.39228365
0.63872303
0.55019234
0.4977995
0.46455832
0.44247817
0.42734842
0.41675605
0.40922478
0.4038129
0.3998917
0.39703561
0.39494557
0.39341228
0.39228424
0.63872383
0.55019151
0.4978001
0.46455788
0.44247866
0.42734839
0.41675658
0.40922506
0.4038135
0.3998922
0.39703632
0.39494624
0.39341308
0.39228504
0.6387242
0.55019118
0.4978004
0.46455782
0.44247904
0.42734864
0.4167571
0.40922557
0.40381419
0.3998929
0.39703715
0.3949471
0.39341402
0.392286
0.63872433
0.5501911
0.49780056
0.46455795
0.44247938
0.42734903
0.41675767
0.40922621
0.40381495
0.39989374
0.39703808
0.3949481
0.39341507
0.39228709
0.63872436
0.55019111
0.49780069
0.46455815
0.44247975
0.42734951
0.41675829
0.40922694
0.4038158
0.39989468
0.3970391
0.39494919
0.39341622
0.39228828
0.63872438
0.55019112
0.49780083
0.4645584
0.44248013
0.42735005
0.41675897
0.40922774
0.40381671
0.3998957
0.39704021
0.39495036
0.39341745
0.39228956
0.6387244
0.55019115
0.49780099
0.46455868
0.44248055
0.42735064
0.4167597
0.40922862
0.4038177
0.3998968
0.39704139
0.39495162
0.39341876
0.39229091
0.63872442
0.55019118
0.49780115
0.46455899
0.44248101
0.42735129
0.41676049
0.40922957
0.40381877
0.39989798
0.39704266
0.39495296
0.39342015
0.39229235
0.63872443
0.55019122
0.49780131
0.46455932
0.44248152
0.42735199
0.41676135
0.40923059
0.40381991
0.39989924
0.39704401
0.39495438
0.39342163
0.39229386
0.63872445
0.55019126
0.49780149
0.46455969
0.44248208
0.42735275
0.41676229
0.40923168
0.40382114
0.39990058
0.39704545
0.39495588
0.39342319
0.39229546
0.63872446
0.55019131
0.49780169
0.46456009
0.44248268
0.42735357
0.41676329
0.40923286
0.40382245
0.39990201
0.39704697
0.39495747
0.39342483
0.39229714
0.63872447
0.55019138
0.49780192
0.46456053
0.44248334
0.42735446
0.41676437
0.40923411
0.40382385
0.39990353
0.39704857
0.39495915
0.39342656
0.39229891
0.63872448
0.55019145
0.49780217
0.46456101
0.44248406
0.42735541
0.41676553
0.40923545
0.40382533
0.39990513
0.39705026
0.3949609
0.39342837
0.39230075
0.63872449
0.55019153
0.49780244
0.46456154
0.44248484
0.42735644
0.41676677
0.40923688
0.4038269
0.39990682
0.39705204
0.39496275
0.39343026
0.39230269
0.63872449
0.55019164
0.49780275
0.4645621
0.44248569
0.42735754
0.4167681
0.40923839
0.40382856
0.39990859
0.3970539
0.39496468
0.39343224
0.3923047
0.63872449
0.55019175
0.49780308
0.46456272
0.4424866
0.42735871
0.41676951
0.40923998
0.40383031
0.39991046
0.39705586
0.39496671
0.39343431
0.39230681
0.63872448
0.55019188
0.49780345
0.46456338
0.44248757
0.42735997
0.416771
0.40924167
0.40383216
0.39991242
0.39705791
0.39496882
0.39343647
0.392309
0.63872448
0.55019202
0.49780384
0.4645641
0.44248862
0.42736131
0.41677259
0.40924345
0.40383409
0.39991447
0.39706005
0.39497102
0.39343872
0.39231129
0.63872449
0.55019217
0.49780428
0.46456487
0.44248974
0.42736273
0.41677427
0.40924533
0.40383613
0.39991662
0.39706228
0.39497332
0.39344107
0.39231367
0.63872449
0.55019233
0.49780474
0.46456571
0.44249094
0.42736424
0.41677604
0.4092473
0.40383826
0.39991887
0.39706461
0.39497572
0.39344351
0.39231615
0.6387245
0.5501925
0.49780524
0.4645666
0.44249221
0.42736584
0.41677791
0.40924938
0.40384049
0.39992122
0.39706705
0.39497822
0.39344606
0.39231873
0.63872451
0.55019269
0.49780578
0.46456755
0.44249356
0.42736753
0.41677988
0.40925156
0.40384284
0.39992369
0.3970696
0.39498083
0.39344872
0.39232142
0.63872451
0.55019288
0.49780636
0.46456857
0.44249499
0.42736932
0.41678195
0.40925386
0.4038453
0.39992627
0.39707227
0.39498357
0.3934515
0.39232423
0.63872452
0.5501931
0.49780697
0.46456965
0.44249651
0.42737122
0.41678414
0.40925628
0.40384789
0.39992898
0.39707507
0.39498643
0.39345441
0.39232718
0.63872453
0.55019332
0.49780761
0.46457077
0.44249807
0.42737314
0.41678635
0.40925871
0.40385048
0.39993169
0.39707787
0.3949893
0.39345732
0.39233013
6.5111933
27.378543
38.74281
37.303008
33.067281
29.873795
29.693561
30.204512
31.02878
31.23099
31.106192
30.757813
30.296204
29.807449
29.300319
28.782845
28.279314
27.79278
27.322162
26.87011
26.437881
26.023906
25.63421
25.264026
24.90875
24.567373
24.239365
23.92569
23.627
23.338897
23.060922
22.791582
22.533098
22.283299
22.041755
21.806848
21.579169
21.358867
21.144261
20.935385
20.732128
20.534439
20.341054
20.152158
19.967959
19.787929
19.611472
19.438885
19.269989
19.104298
18.941804
18.78241
18.625823
18.47217
18.320988
18.172392
18.026394
17.882467
17.740906
17.601565
17.464182
17.328876
17.195436
17.063964
16.934127
16.806305
16.679939
16.555364
16.432284
16.310831
16.190713
16.072293
15.954991
15.839406
15.724796
15.611887
15.499789
15.389471
15.279745
15.171908
15.064454
14.958953
14.853675
14.750442
14.647205
14.546189
14.444876
14.345993
14.24653
14.149721
14.051828
13.957158
13.861144
13.763495
13.687073
13.53525
0.6009248
1.9185017
5.419398
10.13595
16.781008
23.996651
30.918576
34.781956
36.285512
36.15121
35.735481
35.204877
34.707281
34.191016
33.669899
33.155317
32.684013
32.22188
31.767336
31.332165
30.917219
30.518242
30.147658
29.786446
29.430921
29.086103
28.753374
28.435294
28.131236
27.831825
27.540783
27.256809
26.985357
26.720298
26.462387
26.209564
25.964493
25.726842
25.493447
25.26579
25.043826
24.827409
24.61445
24.406259
24.20309
24.003849
23.807955
23.616316
23.428431
23.24363
23.062217
22.88403
22.708686
22.536524
22.366785
22.199887
22.035778
21.873668
21.714261
21.557187
21.402137
21.249398
21.098616
20.950024
20.803105
20.658526
20.515356
20.374269
20.234738
20.097038
19.960738
19.826404
19.69316
19.561969
19.431679
19.303449
19.175919
19.050578
18.925647
18.803083
18.680657
18.560699
18.440678
18.323268
18.205495
18.090586
17.974937
17.862429
17.748832
17.638682
17.526778
17.419189
17.309138
17.19914
17.109072
16.938342
0.40695374
0.48601475
0.76919325
1.2568385
2.1753991
3.4036187
6.0109586
9.0707953
13.129123
16.901038
20.513984
22.941171
24.272819
25.039026
25.470321
25.695848
25.835577
25.882578
25.870671
25.827075
25.752506
25.655756
25.558117
25.437291
25.298289
25.150362
24.99653
24.842681
24.688604
24.523996
24.357118
24.187119
24.022344
23.854582
23.686884
23.517187
23.350186
23.185438
23.019343
22.854983
22.69253
22.53207
22.3712
22.212419
22.056185
21.901179
21.747022
21.595274
21.445316
21.296479
21.149439
21.004091
20.8601
20.718075
20.577085
20.437905
20.300494
20.163901
20.029256
19.896055
19.763992
19.633556
19.504317
19.376659
19.249952
19.125143
19.001007
18.878548
18.757071
18.636999
18.517814
18.400279
18.283279
18.168119
18.053306
17.940398
17.827645
17.717001
17.606193
17.49776
17.388863
17.282508
17.175477
17.071187
16.9659
16.863677
16.760043
16.659819
16.557801
16.459579
16.358807
16.262987
16.16325
16.066363
15.982579
15.830857
0.39337207
0.40025072
0.42371297
0.47368814
0.59098492
0.69926085
0.95044096
1.4070952
2.3945001
4.0904961
6.6174275
10.073581
13.562126
16.155796
17.962309
19.299279
20.296699
20.957594
21.438113
21.796361
22.064988
22.261163
22.419213
22.524099
22.588623
22.622724
22.630927
22.623747
22.601462
22.554627
22.496155
22.424579
22.350515
22.264282
22.172067
22.071202
21.968249
21.862388
21.750091
21.636069
21.520307
21.403194
21.282188
21.160927
21.039884
20.917603
20.793971
20.671099
20.548235
20.424765
20.301692
20.178948
20.056261
19.93449
19.812528
19.691502
19.571369
19.451022
19.332005
19.21367
19.095723
18.978841
18.862514
18.747279
18.63238
18.519055
18.405767
18.293859
18.182454
18.072131
17.962269
17.853843
17.745475
17.638837
17.53206
17.427136
17.321879
17.21876
17.114948
17.013633
16.911284
16.811669
16.710786
16.612902
16.513392
16.417284
16.319079
16.224708
16.127803
16.035213
15.939211
15.848993
15.753369
15.663023
15.581207
15.437901
0.39159727
0.39196538
0.3943891
0.40104188
0.4177981
0.43281909
0.45543349
0.48922301
0.56886411
0.75917595
1.194398
2.1256674
4.0932559
6.6260198
9.5655116
12.042965
14.015633
15.557297
16.793237
17.730392
18.464633
19.049404
19.529874
19.889358
20.176435
20.404019
20.583674
20.727128
20.839218
20.916073
20.969871
20.999142
21.016583
21.012443
20.996668
20.964809
20.925675
20.877832
20.818493
20.754036
20.683693
20.608436
20.525798
20.440562
20.352976
20.261569
20.16662
20.070707
19.972925
19.872795
19.771625
19.669374
19.565872
19.462199
19.357094
19.252052
19.146989
19.04069
18.935101
18.829413
18.723373
18.617834
18.512209
18.407192
18.301902
18.197867
18.09324
17.989708
17.886205
17.783474
17.680783
17.579328
17.477464
17.377233
17.276387
17.177357
17.077514
16.979858
16.880985
16.784753
16.686919
16.592038
16.495298
16.401842
16.306126
16.214187
16.119453
16.029019
15.935292
15.84645
15.753303
15.666832
15.573451
15.48762
15.406573
15.268372
0.39135274
0.39035217
0.39022502
0.3907807
0.39275399
0.39536569
0.39870268
0.40164712
0.40730229
0.42052811
0.45384629
0.54324312
0.79819957
1.3851485
2.6953775
4.6049902
7.0210841
9.2898485
11.221154
12.836467
14.189408
15.312711
16.23133
16.962545
17.562446
18.047649
18.44925
18.783123
19.055213
19.271727
19.449844
19.589763
19.707091
19.793049
19.860109
19.904466
19.93449
19.949169
19.947212
19.936478
19.914675
19.88412
19.842503
19.795728
19.743583
19.684775
19.620098
19.552497
19.480953
19.405181
19.326771
19.245737
19.162046
19.076965
18.989115
18.90039
18.81062
18.718532
18.626477
18.533463
18.439313
18.345051
18.250015
18.155058
18.059186
17.964213
17.867985
17.772546
17.676628
17.58115
17.485272
17.390409
17.294651
17.200413
17.105068
17.011491
16.916605
16.823947
16.729532
16.637901
16.544085
16.45344
16.360328
16.270792
16.178343
16.090056
15.998254
15.911236
15.820139
15.73452
15.643671
15.560416
15.468727
15.386778
15.306259
15.172042
0.39133951
0.3901319
0.3891001
0.38836905
0.387892
0.38786792
0.38781281
0.38763692
0.38712078
0.38748833
0.38925428
0.39564507
0.41513842
0.47040612
0.62898535
1.0111146
1.8611493
3.36405
5.2619452
7.2998336
9.1511861
10.74878
12.182278
13.399179
14.424008
15.261893
15.969703
16.559756
17.048712
17.453806
17.79268
18.072448
18.313269
18.504327
18.665484
18.794594
18.90119
18.985608
19.048294
19.096165
19.128429
19.147314
19.151105
19.146809
19.133537
19.110456
19.078957
19.042241
18.999292
18.950008
18.896261
18.838191
18.775915
18.710841
18.641541
18.570333
18.496898
18.419985
18.34235
18.262784
18.181235
18.098889
18.015017
17.930631
17.844639
17.759136
17.671665
17.584643
17.496589
17.408611
17.319757
17.231664
17.142164
17.054046
16.9643
16.876256
16.786381
16.698761
16.608821
16.521796
16.43198
16.345548
16.256017
16.170354
16.081099
15.996395
15.90743
15.823741
15.73516
15.65266
15.563979
15.483819
15.393687
15.31542
15.235473
15.104824
0.39131562
0.39013774
0.38885838
0.3877354
0.38655902
0.38570828
0.3846951
0.38391964
0.38256366
0.38153922
0.38013315
0.37947341
0.38029912
0.38464003
0.39826167
0.43588909
0.5379933
0.79788575
1.3643575
2.4872637
4.0439244
5.8593434
7.5924818
9.1563567
10.578168
11.829465
12.929702
13.857369
14.641559
15.305603
15.861715
16.328856
16.73068
17.060727
17.343512
17.578332
17.779077
17.945296
18.08128
18.195049
18.287206
18.361648
18.416821
18.45958
18.48913
18.506201
18.511588
18.509051
18.497803
18.477777
18.451179
18.418409
18.379692
18.336528
18.287549
18.235511
18.179873
18.119504
18.057557
17.99258
17.924691
17.855236
17.783426
17.710429
17.635081
17.559743
17.481665
17.403657
17.324006
17.244027
17.162657
17.081755
16.998899
16.917255
16.833433
16.75122
16.666627
16.584293
16.499052
16.41684
16.331206
16.249157
16.163354
16.081701
15.995756
15.914747
15.828706
15.748434
15.66243
15.583116
15.496644
15.419625
15.331085
15.256468
15.177249
15.050045
0.39129421
0.39013339
0.38882034
0.38757393
0.38619541
0.38497853
0.383639
0.3824761
0.38105769
0.37965746
0.37811227
0.37638032
0.3749987
0.37386563
0.37441343
0.37763258
0.38767856
0.41469437
0.48397751
0.66196531
1.0571788
1.9078528
3.1887147
4.7653676
6.3929994
7.9023214
9.2769323
10.550435
11.67783
12.667857
13.508375
14.229664
14.848527
15.366567
15.812173
16.185271
16.507236
16.778578
17.007465
17.202678
17.367525
17.505999
17.619
17.714443
17.791931
17.854091
17.90089
17.936477
17.96002
17.97294
17.976434
17.971803
17.959206
17.940222
17.913704
17.882826
17.846747
17.804581
17.759862
17.710867
17.657932
17.602568
17.543929
17.483335
17.419583
17.355283
17.287401
17.219166
17.148613
17.077279
17.003997
16.930841
16.855149
16.780461
16.703009
16.627043
16.548116
16.47143
16.39122
16.314133
16.232967
16.155572
16.073741
15.996335
15.913906
15.836797
15.753856
15.677178
15.593901
15.517924
15.433788
15.36003
15.273204
15.202289
15.124001
15.000271
0.39128593
0.39010715
0.38881756
0.38751341
0.38611998
0.38472882
0.38330145
0.38186068
0.38043397
0.37883348
0.37734603
0.37547348
0.37385954
0.37186858
0.37041474
0.3691511
0.36950781
0.37187787
0.37937602
0.39910736
0.44835976
0.57554026
0.86740448
1.4898819
2.5648843
3.9459136
5.468855
6.9104662
8.2471843
9.5012897
10.638028
11.657935
12.544492
13.306512
13.969162
14.528048
15.012823
15.423592
15.774349
16.074359
16.330984
16.550715
16.735152
16.894574
17.028481
17.14158
17.234625
17.312747
17.375506
17.425152
17.462402
17.488853
17.505254
17.513234
17.51168
17.504268
17.489784
17.467746
17.442041
17.410644
17.374159
17.33428
17.290099
17.243082
17.192039
17.139789
17.08304
17.025464
16.96482
16.90289
16.838405
16.77365
16.705734
16.638572
16.568022
16.498802
16.426005
16.355401
16.280626
16.209045
16.132699
16.060293
15.982742
15.909876
15.83123
15.758281
15.678672
15.605817
15.525468
15.453029
15.371408
15.301078
15.216142
15.14902
15.071896
14.951756
0.39128568
0.39007461
0.38881511
0.38746944
0.38610787
0.38463503
0.38320607
0.38162378
0.38016611
0.37846007
0.37695074
0.3750786
0.37344085
0.37138072
0.36963255
0.36752784
0.36606012
0.36460784
0.36474707
0.36637596
0.37197111
0.38689441
0.42385159
0.51609622
0.73674693
1.195329
2.1233877
3.3426632
4.7468853
6.1255281
7.4235426
8.6370559
9.7762338
10.800084
11.718963
12.509302
13.205093
13.799107
14.31251
14.751805
15.129271
15.454817
15.730699
15.970668
16.175012
16.351074
16.499917
16.628315
16.735433
16.826037
16.900832
16.962233
17.010972
17.048989
17.075337
17.093661
17.103303
17.103599
17.098943
17.08699
17.068654
17.045849
17.017593
16.985483
16.948413
16.909361
16.864807
16.818896
16.769081
16.717412
16.662528
16.606916
16.547473
16.488485
16.42544
16.363531
16.297393
16.233367
16.164488
16.09885
16.027727
15.960695
15.887776
15.819791
15.745238
15.676751
15.600745
15.53198
15.454798
15.386132
15.307241
15.240535
15.157703
15.094496
15.018786
14.902416
0.39128498
0.39004715
0.3888074
0.3874352
0.38609528
0.38459287
0.38316874
0.38154396
0.38004968
0.37830979
0.37674227
0.37488297
0.37320835
0.37119557
0.3693876
0.36721486
0.36534114
0.36318677
0.36156025
0.36006147
0.35975761
0.36085032
0.36507241
0.37654951
0.40492136
0.47340029
0.64617804
1.0150228
1.782089
2.8847366
4.1856326
5.5048592
6.7615902
7.9347097
9.0607814
10.081241
11.014484
11.82609
12.543647
13.162124
13.697923
14.162563
14.558842
14.903862
15.198979
15.455132
15.67364
15.864138
16.025843
16.165587
16.284442
16.385239
16.470006
16.541453
16.598999
16.645987
16.682418
16.707769
16.726138
16.735739
16.73756
16.733637
16.72296
16.70725
16.685588
16.661015
16.629851
16.596735
16.558781
16.518331
16.473952
16.428311
16.378117
16.328026
16.273161
16.219194
16.160304
16.103408
16.04094
15.98173
15.916282
15.855051
15.787162
15.724437
15.654324
15.590634
15.518538
15.454162
15.380418
15.315789
15.239872
15.177008
15.096528
15.037375
14.963347
14.850973
0.39127934
0.39002894
0.38879179
0.38741259
0.38607262
0.38457139
0.38313606
0.38151852
0.37998849
0.37825848
0.37663296
0.3747949
0.37306442
0.37110417
0.36924464
0.367146
0.36513879
0.36294122
0.36084461
0.35873686
0.35682317
0.35530734
0.35449285
0.35517108
0.35832752
0.36721597
0.38979704
0.44461946
0.58288725
0.88986893
1.5285654
2.5473717
3.7549943
5.0254611
6.233122
7.3733268
8.4707221
9.4832935
10.418695
11.241886
11.970126
12.60913
13.160602
13.64226
14.055738
14.416108
14.724433
14.994082
15.224657
15.425321
15.598112
15.746938
15.874659
15.984821
16.077299
16.156165
16.222443
16.275672
16.319624
16.353175
16.377471
16.394255
16.402981
16.405436
16.400807
16.392142
16.37571
16.356655
16.331715
16.303552
16.270685
16.235934
16.195854
16.155462
16.109524
16.064198
16.013208
15.964052
15.908567
15.856319
15.797045
15.742086
15.679664
15.622617
15.557326
15.498806
15.430957
15.371298
15.301292
15.240989
15.168319
15.109537
15.031687
14.97674
14.904678
14.796569
0.39126872
0.39001832
0.38877076
0.38739884
0.38604409
0.384559
0.38310173
0.38150827
0.37994494
0.37824257
0.37656974
0.37476201
0.37297473
0.37106004
0.36914258
0.36711538
0.36504317
0.36290523
0.36067181
0.35846625
0.35614346
0.35402273
0.35185364
0.35022613
0.34898694
0.34934097
0.35170246
0.3588575
0.37748608
0.42312063
0.53696639
0.80121259
1.3496894
2.297995
3.4360605
4.6457849
5.8120999
6.9212836
7.9875411
8.9887845
9.9117289
10.744173
11.478573
12.128413
12.691825
13.186037
13.610542
13.982334
14.301561
14.580001
14.820732
15.029583
15.210075
15.367334
15.501823
15.618437
15.718608
15.80286
15.875221
15.935465
15.98464
16.024429
16.054654
16.077325
16.091229
16.100222
16.100035
16.096455
16.085819
16.07113
16.050902
16.02806
15.999055
15.96925
15.933068
15.897153
15.854786
15.81404
15.766166
15.721469
15.668917
15.620748
15.564274
15.51336
15.453314
15.400368
15.337137
15.282554
15.216614
15.160951
15.091831
15.037385
14.962477
14.911902
14.842108
14.738566
0.39125552
0.39001211
0.38874803
0.38738929
0.38601507
0.38454948
0.38306885
0.38150022
0.37990878
0.37823464
0.37652708
0.37474895
0.3729196
0.37103778
0.36907637
0.3670895
0.36498144
0.36288514
0.36061687
0.35841309
0.35599224
0.35372113
0.35121304
0.34900501
0.34661296
0.34485364
0.34326701
0.34335933
0.34513513
0.35101923
0.36680309
0.40612095
0.50373803
0.73790776
1.2341226
2.1068053
3.1949914
4.353474
5.4821676
6.5614792
7.5936141
8.5803613
9.4901138
10.322265
11.058206
11.713951
12.283444
12.784916
13.217727
13.596098
13.92357
14.208892
14.45593
14.671968
14.85829
15.020864
15.16197
15.283041
15.388535
15.478594
15.5553
15.620678
15.674752
15.719745
15.754238
15.782673
15.800524
15.813904
15.818919
15.81912
15.812794
15.80299
15.786131
15.767896
15.742388
15.716735
15.683791
15.652193
15.612625
15.576122
15.530898
15.490084
15.440086
15.395805
15.341465
15.294532
15.236328
15.187208
15.125695
15.075013
15.009773
14.959938
14.888315
14.84229
14.775086
14.676451
0.39124283
0.39000676
0.38872685
0.38738001
0.38598933
0.38453911
0.38304089
0.38149002
0.37987965
0.37822467
0.37649656
0.37473724
0.37288584
0.37102054
0.36903829
0.36706479
0.36494361
0.36285777
0.36058832
0.35838496
0.35596082
0.35364396
0.35107736
0.34868071
0.34603227
0.34366245
0.34113853
0.33913119
0.33744514
0.33706477
0.33844148
0.34342988
0.35723189
0.39232471
0.48041945
0.69357349
1.1531005
1.9706838
3.0223206
4.1348706
5.2338485
6.2787574
7.2787892
8.2465249
9.1410624
9.9679819
10.700956
11.356701
11.929206
12.433188
12.870802
13.2536
13.585284
13.875697
14.127216
14.34709
14.53879
14.70476
14.85022
14.975929
15.084943
15.179288
15.259824
15.329487
15.386868
15.43673
15.474541
15.506637
15.528917
15.545673
15.554298
15.558961
15.555443
15.549869
15.536056
15.521605
15.498971
15.477334
15.446839
15.419239
15.38201
15.349169
15.306228
15.269122
15.220997
15.180555
15.127825
15.084588
15.027899
14.982565
14.921568
14.876637
14.808682
14.76739
14.703124
14.609768
0.39123246
0.39000011
0.38870955
0.38736905
0.38596848
0.38452613
0.3830189
0.38147616
0.37985776
0.37821016
0.37647544
0.37472123
0.37286542
0.371001
0.36901808
0.36703944
0.36492405
0.36282663
0.36057329
0.35835112
0.35595465
0.35360164
0.35106266
0.34857892
0.34591681
0.343321
0.34060754
0.33798111
0.33542605
0.33310955
0.33134092
0.33050826
0.33159634
0.33598584
0.34856117
0.38098441
0.46304546
0.66286728
1.1017337
1.8806492
2.9091621
3.9807648
5.0483583
6.060303
7.0302861
7.9772255
8.8558506
9.6722494
10.399522
11.050945
11.622582
12.126544
12.564938
12.949484
13.283437
13.575471
13.83056
14.052394
14.247115
14.416448
14.564404
14.693404
14.80511
14.903075
14.985919
15.059395
15.119341
15.172093
15.213448
15.248417
15.273555
15.294192
15.305154
15.313601
15.312512
15.310357
15.299018
15.288238
15.267669
15.249747
15.22125
15.197058
15.161818
15.132479
15.091127
15.057696
15.010933
14.974034
14.922604
14.883011
14.82666
14.786942
14.723078
14.686712
14.625764
14.538092
0.39122532
0.38999146
0.38869621
0.38735576
0.38595279
0.38451052
0.38300288
0.3814591
0.37984247
0.37819182
0.37646155
0.37470111
0.37285336
0.37097825
0.369008
0.36701276
0.36491589
0.36279486
0.36056801
0.35831455
0.3559553
0.35356119
0.3510695
0.3485258
0.34590893
0.34321098
0.34049133
0.33765747
0.33489295
0.33202391
0.32939702
0.32681555
0.32490327
0.32374545
0.32463446
0.32863463
0.34044474
0.37132712
0.45043328
0.64357709
1.0749772
1.8333327
2.8432549
3.8793245
4.9151402
5.895894
6.8399312
7.7638794
8.6257556
9.4284955
10.146824
10.791362
11.358422
11.859132
12.296195
12.679059
13.013847
13.305728
13.561805
13.785292
13.981126
14.152473
14.301836
14.433557
14.546503
14.647396
14.731936
14.80747
14.869935
14.92496
14.968347
15.006538
15.033455
15.057309
15.070144
15.081636
15.082374
15.083592
15.073897
15.066508
15.047562
15.032759
15.005931
14.985003
14.951044
14.925186
14.884935
14.854863
14.809173
14.775747
14.724484
14.690307
14.631008
14.599766
14.542549
14.460998
0.39122089
0.3899811
0.38868663
0.38734106
0.38594114
0.38449328
0.38299114
0.38144024
0.37983169
0.37817165
0.37645233
0.37467937
0.37284591
0.37095446
0.36900253
0.36698639
0.36491248
0.36276525
0.36056671
0.35828141
0.35595661
0.35352545
0.35107417
0.34848867
0.34591232
0.34316575
0.34046899
0.33756357
0.33475959
0.33172197
0.32886344
0.32579127
0.32304498
0.32023653
0.31818481
0.31678279
0.31753101
0.32129647
0.33274333
0.36309442
0.44194777
0.63486044
1.0700201
1.822346
2.8162777
3.8213133
4.8257434
5.7777708
6.6978181
7.5989823
8.4428873
9.2302314
9.9370031
10.571603
11.132011
11.626318
12.060192
12.439721
12.772555
13.063603
13.318812
13.542477
13.73809
13.91087
14.060227
14.193813
14.307447
14.409477
14.495558
14.572674
14.636239
14.69375
14.738259
14.779037
14.807192
14.833631
14.84765
14.862191
14.863998
14.868359
14.859737
14.855202
14.837576
14.825763
14.799885
14.782211
14.749077
14.726361
14.686944
14.660139
14.614455
14.586168
14.53196
14.506042
14.453018
14.378056
0.39121822
0.38997017
0.3886791
0.38732595
0.38593202
0.38447606
0.382982
0.38142164
0.37982327
0.37815202
0.37644503
0.37465863
0.37283985
0.37093249
0.36899779
0.3669631
0.36490896
0.36274056
0.3605641
0.35825543
0.35595446
0.353499
0.35107194
0.34846339
0.34590898
0.34314231
0.34045949
0.33753278
0.33472333
0.33164129
0.32871881
0.32550744
0.32252446
0.31926779
0.31639027
0.31338506
0.31120046
0.30960824
0.31027484
0.31394838
0.325417
0.35623466
0.4374262
0.63605432
1.0849582
1.8431556
2.8206442
3.7985517
4.7744528
5.6996152
6.5964185
7.4754344
8.3013467
9.0711851
9.7647965
10.386978
10.938757
11.425178
11.853015
12.22814
12.557263
12.845867
13.09868
13.321856
13.515834
13.689061
13.837869
13.971488
14.085486
14.188269
14.274564
14.353349
14.417267
14.476661
14.521685
14.564521
14.593154
14.62226
14.636707
14.654083
14.656418
14.663379
14.655531
14.65377
14.636697
14.627889
14.602547
14.587756
14.555207
14.53551
14.495953
14.473921
14.425395
14.405001
14.356688
14.288812
0.39121602
0.38995963
0.38867262
0.38731201
0.38592385
0.38446025
0.38297353
0.38140485
0.3798152
0.37813472
0.37643766
0.37464092
0.37283307
0.37091436
0.36899149
0.36694469
0.36490298
0.36272209
0.3605581
0.35823726
0.35594793
0.35348164
0.3510643
0.34844767
0.34589989
0.3431288
0.34044864
0.3375199
0.33470693
0.33161904
0.32867694
0.32543369
0.32237922
0.31900245
0.3158866
0.31245753
0.30944784
0.30626357
0.30395991
0.30222087
0.30286839
0.30660278
0.31848768
0.35077705
0.43692595
0.64709174
1.1196566
1.8895815
2.8538868
3.8065378
4.7562552
5.6553244
6.5315569
7.387935
8.1955505
8.9465689
9.6254597
10.234061
10.774582
11.251831
11.672012
12.041063
12.364834
12.65022
12.89917
13.120822
13.312571
13.484427
13.632111
13.765449
13.878596
13.982102
14.067954
14.147838
14.211445
14.272295
14.317018
14.362076
14.390432
14.42201
14.436354
14.456066
14.458605
14.468144
14.46025
14.461375
14.444359
14.438237
14.413173
14.401129
14.368311
14.352949
14.310711
14.29613
14.252988
14.192781
0.39121348
0.38995037
0.38866594
0.38729968
0.38591568
0.38444669
0.38296493
0.38139078
0.37980663
0.37812057
0.37642934
0.37462686
0.37282494
0.37090051
0.36898342
0.36693123
0.3648948
0.36270926
0.3605496
0.35822533
0.35593886
0.35347087
0.35105448
0.34843826
0.34588938
0.3431209
0.34043774
0.3375134
0.33469539
0.33161208
0.3286607
0.32541662
0.32233781
0.31893658
0.3157474
0.31220959
0.30896098
0.30536777
0.30222704
0.29888392
0.29646847
0.29463825
0.295329
0.29928782
0.31200812
0.34685031
0.4408941
0.66805511
1.1745644
1.9595173
2.9132891
3.8415672
4.7653065
5.640256
6.4973475
7.3317897
8.1207873
8.8523898
9.5145993
10.108473
10.636376
11.102872
11.513782
11.875925
12.1928
12.473958
12.718336
12.936768
13.125443
13.295655
13.44113
13.574043
13.685765
13.789443
13.874079
13.954734
14.017179
14.079734
14.123401
14.170506
14.198065
14.231663
14.245549
14.267672
14.269482
14.281823
14.273372
14.277057
14.25985
14.256304
14.230706
14.222647
14.187196
14.178881
14.141293
14.089441
0.39121018
0.38994244
0.388659
0.38728945
0.38590724
0.38443546
0.38295594
0.38137932
0.37979757
0.37810942
0.37642051
0.37461616
0.3728162
0.37089036
0.36897473
0.3669218
0.36488612
0.36270074
0.3605409
0.35821789
0.35593014
0.35346465
0.35104581
0.34843338
0.34588087
0.34311747
0.34042961
0.33751158
0.33468776
0.33161191
0.32865288
0.3254167
0.32232511
0.3189279
0.31571037
0.31215655
0.30882976
0.30514139
0.30175442
0.29801605
0.2947348
0.29126719
0.2887367
0.28689004
0.28768318
0.29204846
0.30608009
0.34466575
0.45003343
0.70006319
1.2503632
2.0528859
2.9928082
3.8988244
4.7974963
5.6507636
6.4894167
7.3027519
8.0724615
8.7840443
9.4287201
10.006562
10.520491
10.975456
11.375518
11.729836
12.038921
12.314405
12.55316
12.768134
12.952804
13.121122
13.263899
13.395842
13.50525
13.608859
13.691364
13.773128
13.833653
13.897759
13.939868
13.988616
14.015002
14.050791
14.063139
14.088091
14.088579
14.103374
14.094229
14.100329
14.082193
14.082367
14.054061
14.052672
14.020914
13.978223
0.39120628
0.38993579
0.38865176
0.3872807
0.38589881
0.38442623
0.38294712
0.38137014
0.37978876
0.37810077
0.376412
0.37460825
0.37280805
0.37088333
0.36896698
0.36691581
0.36487882
0.36269596
0.36053413
0.35821452
0.35592404
0.35346293
0.35104051
0.34843348
0.34587657
0.34311956
0.34042634
0.33751599
0.33468551
0.3316191
0.32865139
0.32542706
0.32232321
0.31894049
0.31570295
0.31216402
0.30879833
0.30511055
0.30163169
0.29781959
0.29427396
0.29042737
0.28698286
0.28344052
0.28078134
0.27901007
0.27996733
0.28494407
0.30085755
0.34462958
0.46543207
0.74510024
1.3475958
2.1659804
3.0896754
3.9764408
4.8497062
5.6831241
6.5036958
7.2965504
8.046995
8.7376817
9.3640566
9.9252795
10.423712
10.866393
11.25453
11.599981
11.90016
12.169778
12.40216
12.613318
12.793604
12.959474
13.09855
13.229366
13.33548
13.439452
13.519031
13.601771
13.659899
13.725206
13.765361
13.816025
13.840005
13.878606
13.888738
13.916161
13.915301
13.932366
13.921878
13.931431
13.910419
13.916886
13.891083
13.858506
0.39120193
0.38993
0.38864463
0.38727347
0.38589072
0.38441866
0.38293882
0.38136288
0.37978075
0.37809437
0.37640462
0.37460296
0.37280139
0.37087934
0.36896118
0.36691337
0.36487406
0.36269534
0.36053063
0.35821597
0.35592193
0.35346674
0.35103988
0.34844009
0.34587738
0.34312953
0.34042866
0.3375299
0.33468933
0.33163762
0.32865661
0.32545092
0.32232957
0.31897009
0.31570941
0.31219798
0.30879992
0.30514225
0.30160966
0.29781923
0.29416469
0.29026758
0.28653591
0.28262751
0.27898999
0.27543461
0.27262582
0.27103797
0.27223137
0.27806395
0.29657633
0.34739944
0.48859311
0.80478373
1.4651411
2.2992394
3.201944
4.070769
4.9187595
5.7339434
6.5371036
7.3095278
8.0408144
8.7102971
9.3168388
9.8610758
10.342916
10.772851
11.148009
11.484469
11.77519
12.038475
12.264238
12.470984
12.645788
12.809153
12.943505
13.07373
13.175706
13.279929
13.356109
13.439531
13.494856
13.561739
13.598555
13.651969
13.672661
13.713958
13.721862
13.751467
13.748745
13.768992
13.755435
13.770782
13.751097
13.729608
0.39119738
0.38992514
0.38863764
0.3872673
0.38588308
0.38441262
0.38293123
0.38135747
0.37977365
0.37809013
0.37639843
0.37460025
0.37279633
0.37087848
0.36895751
0.36691468
0.36487197
0.36269921
0.36053023
0.35822297
0.35592343
0.3534774
0.35104353
0.34845492
0.34588347
0.34314912
0.34043737
0.33755494
0.33470074
0.3316689
0.32867068
0.32548931
0.32234611
0.31901657
0.31572794
0.31225337
0.30881928
0.30520485
0.30162685
0.29788008
0.29416089
0.29030052
0.28644717
0.28250751
0.27856174
0.27464308
0.2707812
0.26728167
0.26430037
0.26302148
0.26454278
0.27152491
0.29355247
0.35379221
0.52098467
0.89650791
1.5995113
2.4474762
3.3270636
4.1794469
5.0025888
5.8004087
6.5867316
7.3391763
8.049117
8.6984077
9.2841326
9.8115371
10.275788
10.692926
11.054756
11.381653
11.662805
11.91906
12.13705
12.339486
12.50778
12.669312
12.798036
12.92758
13.024952
13.129186
13.20154
13.286123
13.337103
13.406622
13.439015
13.495304
13.512716
13.556323
13.56164
13.594145
13.588142
13.613548
13.600224
13.59078
0.39119273
0.38992109
0.38863096
0.38726249
0.38587595
0.38440804
0.38292423
0.38135371
0.37976731
0.37808781
0.37639318
0.3745998
0.37279247
0.37088029
0.36895525
0.36691928
0.36487165
0.36270717
0.36053227
0.35823474
0.35592823
0.35349362
0.35105146
0.34847634
0.34589485
0.3431765
0.34045249
0.33758909
0.33471986
0.33171067
0.32869402
0.32553962
0.32237383
0.31907632
0.31576012
0.31232345
0.3088559
0.30528612
0.30166648
0.29797261
0.29419978
0.29039392
0.28647056
0.28257268
0.27850386
0.27455904
0.27037942
0.26649674
0.26238851
0.25900965
0.25584596
0.25500791
0.25697391
0.26549324
0.29223023
0.36720203
0.56691282
1.0136253
1.7519272
2.6094528
3.464008
4.3003625
5.0992627
5.8803975
6.6494866
7.3840443
8.0707052
8.7003512
9.2640838
9.7746793
10.221168
10.624838
10.973328
11.289792
11.560264
11.809845
12.019081
12.218057
12.378859
12.538497
12.661153
12.789829
12.882155
12.986986
13.053795
13.140842
13.186193
13.258725
13.286568
13.345542
13.359358
13.405746
13.407446
13.444317
13.437658
13.44119
0.39118824
0.38991804
0.38862473
0.38725869
0.38586936
0.38440473
0.38291788
0.38135131
0.3797616
0.37808689
0.3763886
0.37460085
0.37278932
0.37088379
0.36895395
0.36692573
0.36487262
0.3627171
0.36053596
0.35824887
0.35593511
0.35351267
0.35106204
0.34850108
0.34590966
0.34320776
0.34047208
0.33762776
0.33474479
0.33175767
0.32872484
0.32559586
0.32241106
0.31914273
0.31580427
0.31240091
0.30890739
0.3053755
0.30172564
0.29807428
0.29426672
0.29050791
0.28654091
0.2826913
0.2785643
0.27464614
0.27036579
0.26643241
0.26202614
0.25819939
0.25385465
0.25063451
0.24730861
0.24704658
0.24964184
0.26041604
0.29370653
0.38884674
0.62868346
1.1568282
1.9213302
2.7828935
3.6121628
4.4308658
5.2084792
5.9762728
6.7250866
7.4419778
8.1036203
8.7137901
9.2554419
9.7484263
10.177156
10.566303
10.900573
11.207331
11.46623
11.710202
11.909583
12.105085
12.258015
12.415635
12.531782
12.66029
12.745666
12.852657
12.91243
13.002585
13.042008
13.117615
13.140607
13.202463
13.21213
13.262112
13.26246
13.279965
0.39118427
0.38991571
0.38861928
0.38725598
0.38586369
0.38440242
0.38291242
0.38134982
0.37975675
0.37808676
0.37638483
0.37460255
0.37278699
0.37088772
0.36895344
0.36693241
0.36487438
0.36272713
0.36054051
0.35826289
0.35594303
0.3535314
0.35107398
0.3485253
0.34592633
0.34323833
0.34049425
0.33766556
0.33477327
0.33180361
0.32876051
0.32565086
0.32245484
0.31920769
0.31585713
0.31247665
0.30897035
0.30546271
0.30179976
0.29817343
0.29435308
0.29061914
0.28664049
0.28281318
0.27867517
0.27477329
0.27047396
0.26652157
0.26207131
0.25812025
0.25355576
0.2497306
0.24526676
0.24208636
0.23889371
0.23913617
0.24274533
0.25673275
0.29887878
0.42094862
0.70939111
1.3252934
2.1076408
2.96405
3.7717984
4.5677657
5.3278107
6.0832122
6.8103412
7.5100317
8.1464921
8.7359845
9.2556424
9.7298902
10.140445
10.516229
10.835464
11.133796
11.379828
11.618269
11.807526
11.999513
12.144165
12.300592
12.408141
12.538326
12.615052
12.725079
12.777369
12.870982
12.903956
12.982949
13.000936
13.065667
13.073421
13.106296
0.39118115
0.38991415
0.38861499
0.38725392
0.38585923
0.38440078
0.3829082
0.38134885
0.37975308
0.37808689
0.37638215
0.37460417
0.37278563
0.37089122
0.36895379
0.36693823
0.3648769
0.36273576
0.36054573
0.35827492
0.35595157
0.35354747
0.35108655
0.34854613
0.34594373
0.34326469
0.34051739
0.33769827
0.33480316
0.33184353
0.32879827
0.32569884
0.32250172
0.31926455
0.31591448
0.31254314
0.30903968
0.30553942
0.30188278
0.29826069
0.29445165
0.2907169
0.2867568
0.2829207
0.27881139
0.27488769
0.27063191
0.26663646
0.26223873
0.258192
0.25366945
0.24960992
0.24502788
0.24107312
0.23667508
0.23342631
0.23065725
0.23133666
0.23638934
0.25485216
0.30900115
0.46621423
0.82219554
1.5127224
2.3116207
3.1449983
3.9369265
4.711317
5.4546203
6.1982607
6.9041397
7.5840788
8.1965166
8.7640514
9.2618487
9.7188154
10.110361
10.474186
10.776809
11.066976
11.300049
11.533034
11.71184
11.901269
12.035372
12.192765
12.289815
12.422784
12.490271
12.603943
12.647828
12.745715
12.772447
12.85374
12.86931
12.919073
0.39117922
0.38991308
0.38861208
0.38725253
0.3858563
0.38439965
0.38290552
0.38134817
0.37975092
0.37808702
0.37638088
0.37460544
0.37278556
0.37089392
0.36895526
0.36694267
0.36488034
0.36274237
0.36055164
0.35828416
0.35596057
0.35355988
0.35109932
0.3485623
0.34596111
0.34328526
0.34054031
0.33772396
0.3348327
0.33187507
0.32883565
0.32573699
0.32254834
0.31931004
0.31597192
0.31259664
0.30910973
0.30560147
0.30196746
0.29833162
0.2945533
0.29079668
0.28687809
0.2830088
0.27895544
0.27498266
0.27080197
0.26673546
0.26243755
0.25828705
0.25388712
0.24966507
0.24518839
0.24092393
0.23645533
0.23226595
0.22810614
0.2246913
0.22253214
0.22378868
0.23079885
0.25539853
0.32741559
0.52883631
0.98007216
1.7120931
2.521695
3.3300135
4.1067514
4.8610292
5.5882947
6.318685
7.0056962
7.6628268
8.2517383
8.7986196
9.2734691
9.7145002
10.085119
10.437573
10.723734
11.005961
11.225874
11.454477
11.620388
11.809782
11.931242
12.090973
12.176787
12.313413
12.370219
12.489119
12.525061
12.625003
12.648735
12.717083
0.39117842
0.38991255
0.38861062
0.38725162
0.38585486
0.38439896
0.38290435
0.38134777
0.37975021
0.37808717
0.37638097
0.3746064
0.37278671
0.37089586
0.36895778
0.36694588
0.36488459
0.36274715
0.36055808
0.35829086
0.35596972
0.35356891
0.35111182
0.34857412
0.3459777
0.34330041
0.34056186
0.337743
0.33486024
0.33189862
0.32887035
0.3257657
0.32259155
0.31934458
0.3160252
0.31263765
0.30917485
0.30564954
0.30204643
0.29838722
0.2946484
0.2908601
0.28699188
0.28308008
0.27909078
0.27506149
0.27096189
0.26682107
0.26262496
0.25837789
0.25410284
0.24975398
0.24542349
0.24097737
0.23662712
0.23210524
0.22783869
0.22336402
0.219547
0.21590637
0.21458722
0.21662482
0.22647587
0.2596617
0.35916015
0.61416294
1.1683524
1.92446
2.7361823
3.5213084
4.2804914
5.016807
5.732232
6.4450225
7.1124721
7.7472592
8.3108674
8.8382891
9.2879453
9.7141046
10.064201
10.405673
10.675295
10.950729
11.154889
11.382077
11.532818
11.72387
11.831796
11.99502
12.067655
12.210231
12.256965
12.378056
12.410104
12.499012
0.39117857
0.38991262
0.38861029
0.38725137
0.38585464
0.38439885
0.38290441
0.38134784
0.37975067
0.3780876
0.3763821
0.37460737
0.37278874
0.37089755
0.36896094
0.36694848
0.3648892
0.36275088
0.36056448
0.35829598
0.35597835
0.35357575
0.35112322
0.34858304
0.34599248
0.34331183
0.34058076
0.3377574
0.33488409
0.33191652
0.32890016
0.3257877
0.32262846
0.3193713
0.31607052
0.31266977
0.30923007
0.30568777
0.30211323
0.29843227
0.29472865
0.29091271
0.28708763
0.28314095
0.27920419
0.27513134
0.27109518
0.2669006
0.26278026
0.2584677
0.25428195
0.24985374
0.24562597
0.24108226
0.23684282
0.23218191
0.22797553
0.22321477
0.21916736
0.21441857
0.21099173
0.20713475
0.20692629
0.21011232
0.22422016
0.26961636
0.40635475
0.7286828
1.3804659
2.1515976
2.9528691
3.7185071
4.4548582
5.1779722
5.8808263
6.5765869
7.2212556
7.8354048
8.3708286
8.8803987
9.3053987
9.7171675
10.046671
10.378304
10.628717
10.900861
11.086828
11.314681
11.449199
11.643374
11.735353
11.905004
11.964944
12.110212
12.151573
12.263464
0.39117939
0.38991326
0.38861064
0.38725181
0.38585509
0.38439945
0.3829051
0.38134858
0.37975165
0.37808863
0.3763836
0.37460886
0.37279093
0.37089962
0.368964
0.36695127
0.36489335
0.36275456
0.36057
0.35830077
0.35598556
0.35358191
0.35113251
0.34859088
0.34600431
0.34332171
0.34059567
0.33776973
0.33490272
0.33193181
0.32892324
0.32580649
0.32265683
0.31939424
0.31610513
0.31269759
0.309272
0.30572131
0.30216366
0.29847251
0.29478886
0.29096075
0.28715895
0.28319809
0.27928798
0.27519909
0.27119269
0.26698076
0.26289256
0.25856243
0.25440967
0.24996558
0.24576873
0.24121374
0.23699715
0.23233277
0.22812636
0.22335386
0.21919824
0.21435619
0.21035839
0.20561893
0.202218
0.19887994
0.19938737
0.20449184
0.22481144
0.28779512
0.47273178
0.89696378
1.6052308
2.3897635
3.1632764
3.9168306
4.6314319
5.3435124
6.0305335
6.7127471
7.3292952
7.9251218
8.4326076
8.9246085
9.3246225
9.7230954
10.029376
10.355294
10.583892
10.855278
11.021809
11.252133
11.367591
11.568425
11.644548
11.817714
11.870489
12.008659
0.39118027
0.38991464
0.38861115
0.38725311
0.38585568
0.38440096
0.38290585
0.38135029
0.37975258
0.37809062
0.37638487
0.37461129
0.37279264
0.37090258
0.36896629
0.36695489
0.36489635
0.362759
0.3605739
0.35830622
0.35599058
0.3535886
0.3511389
0.3485991
0.34601239
0.34333178
0.34060579
0.33778204
0.3349153
0.33194683
0.32893875
0.32582477
0.3226758
0.31941644
0.31612815
0.3127245
0.30929972
0.30575385
0.30219677
0.2985118
0.29482807
0.29100813
0.28720496
0.28325519
0.27934138
0.2752679
0.27125394
0.26706372
0.26296174
0.25866261
0.25448634
0.25008692
0.24585144
0.24136132
0.23708258
0.23251294
0.22820672
0.22357233
0.21925222
0.21457773
0.21025501
0.20562455
0.20137165
0.19701081
0.19341305
0.19095762
0.19225244
0.2001435
0.22930158
0.32110038
0.56553941
1.1067275
1.8385241
2.6290274
3.3755851
4.1171977
4.809292
5.5161871
6.1818144
6.8512665
7.4385873
8.0154518
8.4942366
8.9697442
9.3422835
9.7322013
10.012447
10.335645
10.540932
10.813757
10.957667
11.194598
11.290446
11.495887
11.562692
11.731604
0.39118087
0.38991659
0.3886114
0.38725509
0.38585597
0.38440324
0.38290622
0.38135282
0.379753
0.37809348
0.37638544
0.37461461
0.37279346
0.37090646
0.36896741
0.36695944
0.36489786
0.36276437
0.3605759
0.35831258
0.35599321
0.35359616
0.35114232
0.34860812
0.34601677
0.34334256
0.34061135
0.33779496
0.33492228
0.33196232
0.32894741
0.32584336
0.32268644
0.31943876
0.3161411
0.3127513
0.30931531
0.30578603
0.30221535
0.29855046
0.29484997
0.2910546
0.28723045
0.28331108
0.27937067
0.27533519
0.27128705
0.26714483
0.26299844
0.25876052
0.254526
0.25020532
0.24589284
0.24150478
0.23712368
0.23268689
0.22824432
0.22378223
0.21928123
0.21482425
0.21026283
0.20585252
0.20123099
0.19696124
0.19235607
0.18853699
0.18464107
0.18337707
0.18578286
0.1980699
0.24034937
0.37361388
0.68871233
1.3432855
2.0841039
2.8687541
3.5896292
4.3167281
4.9903258
5.692533
6.3345615
6.9886752
7.5463592
8.1050087
8.5526711
9.0168494
9.3587718
9.7434786
9.9958419
10.319
10.497534
10.776544
10.896552
11.139126
11.222933
11.428296
0.39118106
0.38991876
0.38861131
0.38725738
0.38585588
0.38440588
0.38290616
0.38135574
0.37975291
0.37809676
0.3763854
0.37461835
0.37279351
0.37091075
0.36896759
0.36696439
0.36489822
0.36277008
0.36057649
0.35831922
0.3559941
0.35360391
0.35114361
0.3486172
0.34601857
0.34335324
0.34061379
0.33780755
0.33492549
0.33197719
0.32895157
0.32586096
0.32269171
0.31945961
0.31614768
0.31277602
0.30932341
0.30581538
0.30222518
0.29858531
0.29486173
0.291096
0.28724437
0.28336029
0.27938692
0.27539368
0.27130579
0.26721434
0.26301979
0.25884307
0.25455002
0.25030319
0.24591963
0.24162044
0.23715344
0.23282277
0.22827765
0.22394012
0.21931948
0.21500418
0.21030696
0.20604725
0.20127117
0.19711099
0.19225634
0.18830171
0.18344537
0.18009479
0.17609144
0.17623383
0.18044297
0.19936326
0.26060311
0.44854441
0.87550704
1.5906573
2.336131
3.1020465
3.8033542
4.5163561
5.1722933
5.8678041
6.4873432
7.1245695
7.6500654
8.1956159
8.6083467
9.0646279
9.3736533
9.7564595
9.9772846
10.305745
10.455561
10.740883
10.845088
11.093883
0.39118094
0.38992053
0.38861097
0.38725931
0.38585558
0.38440814
0.38290591
0.38135828
0.37975263
0.3780996
0.37638514
0.3746216
0.3727933
0.37091447
0.36896747
0.36696865
0.36489821
0.36277498
0.36057664
0.35832487
0.35599447
0.35361045
0.35114426
0.34862478
0.3460196
0.34336206
0.34061529
0.33781784
0.3349276
0.33198921
0.32895441
0.32587502
0.32269546
0.31947607
0.31615253
0.3127953
0.30932958
0.30583795
0.30223293
0.29861172
0.29487138
0.29112687
0.28725627
0.28339631
0.27940153
0.27543558
0.27132369
0.26726292
0.26304173
0.2588991
0.25457703
0.25036733
0.24595313
0.24169307
0.23719551
0.23290372
0.22833134
0.22402832
0.21938912
0.21509706
0.21039854
0.20614086
0.20138981
0.19719068
0.19239675
0.18828043
0.1834866
0.17951113
0.17488908
0.17141329
0.16837605
0.16934536
0.17650629
0.20523201
0.29905271
0.55478119
1.1045335
1.8474758
2.5880425
3.333322
4.0157339
4.716359
5.3580926
6.0445123
6.6368154
7.2614638
7.7494294
8.2852352
8.6603303
9.1127435
9.384876
9.7716452
9.9582903
10.293391
10.421982
10.722631
0.39118071
0.38992134
0.38861064
0.38726024
0.38585535
0.38440934
0.3829058
0.38135969
0.37975256
0.37810122
0.37638517
0.37462349
0.37279346
0.37091666
0.36896777
0.36697119
0.36489871
0.36277792
0.36057738
0.35832826
0.35599551
0.35361437
0.35114569
0.34862934
0.34602151
0.34336737
0.3406178
0.33782402
0.33493086
0.33199641
0.32895859
0.3258834
0.32270078
0.31948581
0.31615923
0.31280659
0.30933796
0.30585099
0.30224336
0.29862672
0.29488432
0.29114404
0.28727229
0.28341582
0.27942136
0.27545758
0.27134823
0.26728742
0.26307219
0.25892598
0.25461496
0.25039621
0.24600063
0.24172316
0.23725536
0.23293365
0.22840728
0.22405581
0.2194861
0.21511867
0.21052307
0.20615143
0.20155095
0.19718242
0.19260551
0.18823765
0.18372553
0.17934472
0.17498541
0.17060842
0.16664637
0.16281637
0.16108068
0.16322653
0.17524246
0.21907425
0.35999138
0.71307466
1.3564614
2.1109904
2.8369897
3.565795
4.2238464
4.9195476
5.5417779
6.2236466
6.7802739
7.3965112
7.8435433
8.3740559
8.706771
9.1616056
9.3935191
9.7869625
9.9449499
10.307655
0.39118049
0.38992086
0.38861043
0.38725983
0.38585535
0.38440911
0.38290602
0.38135956
0.37975294
0.37810116
0.37638574
0.37462353
0.37279427
0.37091682
0.36896886
0.36697147
0.36490011
0.36277834
0.36057916
0.35832885
0.35599775
0.35361516
0.35114847
0.34863036
0.34602495
0.34336866
0.34062205
0.33782564
0.33493608
0.3319984
0.32896498
0.32588582
0.32270858
0.31948869
0.31616872
0.31280998
0.30934949
0.30585491
0.30225735
0.29863119
0.29490127
0.29114902
0.28729281
0.28342123
0.27944622
0.27546328
0.27137837
0.26729317
0.26310876
0.2589314
0.25465942
0.25040075
0.24605474
0.24172606
0.23732133
0.23293389
0.22848774
0.22405215
0.21958448
0.21510943
0.21064338
0.2061345
0.20169785
0.19715551
0.19278212
0.18819967
0.18393204
0.17929259
0.17518708
0.17046946
0.16661677
0.16183904
0.15859428
0.1543772
0.15440616
0.15847938
0.17796134
0.24702441
0.45004365
0.92957235
1.617563
2.3805421
3.0753233
3.7982246
4.4274051
5.126414
5.7210493
6.4033814
6.91836
7.5300541
7.9301644
8.4620128
8.7483096
9.2097897
9.4034274
9.8404617
0.39118025
0.38991937
0.38861031
0.38725837
0.3858555
0.38440777
0.38290646
0.38135826
0.37975362
0.37809986
0.37638669
0.37462224
0.37279554
0.37091553
0.36897048
0.36697018
0.36490213
0.36277704
0.36058163
0.35832753
0.35600075
0.35361383
0.35115209
0.34862901
0.3460293
0.34336731
0.34062726
0.3378243
0.3349423
0.33199708
0.32897239
0.32588451
0.32271739
0.31948742
0.31617919
0.31280873
0.3093619
0.30585369
0.30227205
0.29862997
0.29491865
0.29114777
0.28731334
0.28341991
0.27947044
0.27546183
0.2714069
0.26729152
0.26314234
0.25892948
0.25469887
0.25039848
0.24610096
0.24172343
0.23737528
0.23293099
0.22855038
0.22404927
0.21965633
0.21510747
0.21072463
0.20613531
0.20178756
0.19716268
0.19287714
0.18821963
0.18402483
0.17933643
0.17525989
0.17054548
0.16661249
0.16189417
0.15814348
0.15356679
0.15022226
0.14705507
0.14797212
0.15568825
0.18703389
0.29664181
0.57571353
1.1883201
1.881986
2.6495049
3.3082834
4.030967
4.6291101
5.3385467
5.8972422
6.5812672
7.0476503
7.6613533
8.0097015
8.5487001
8.7851393
9.3105584
0.39117993
0.38991743
0.38861013
0.38725645
0.38585561
0.38440594
0.38290687
0.38135646
0.37975427
0.37809802
0.37638759
0.37462038
0.37279673
0.37091363
0.36897198
0.36696824
0.36490399
0.36277504
0.36058387
0.35832548
0.35600343
0.35361172
0.35115527
0.34862686
0.34603306
0.34336514
0.3406317
0.33782211
0.33494751
0.33199491
0.3289785
0.3258824
0.32272453
0.3194854
0.31618751
0.31280685
0.30937157
0.30585201
0.30228325
0.29862857
0.29493158
0.29114675
0.28732823
0.2834194
0.27948751
0.27546198
0.27142638
0.26729255
0.26316437
0.25893171
0.25472354
0.25040239
0.24612824
0.24172973
0.2374049
0.23294078
0.22858166
0.22406424
0.21968797
0.21513015
0.21075417
0.2061696
0.20181109
0.19721451
0.19288928
0.18829732
0.18401815
0.17945187
0.17522472
0.17071453
0.16653068
0.16212353
0.15794992
0.15373631
0.14954618
0.14574673
0.14194244
0.14028494
0.1425896
0.15624761
0.20613131
0.37402945
0.75519771
1.4664383
2.1491466
2.9160907
3.5386357
4.2605207
4.8280538
5.5499396
6.0659515
6.7563473
7.1685979
7.7916271
8.077506
8.7056277
0.39117948
0.38991597
0.38860981
0.38725506
0.38585552
0.38440468
0.38290702
0.38135527
0.37975459
0.37809686
0.37638808
0.37461925
0.3727974
0.37091253
0.36897285
0.36696716
0.36490505
0.362774
0.36058515
0.35832448
0.35600494
0.35361077
0.35115704
0.348626
0.34603513
0.34336439
0.3406341
0.33782153
0.3349503
0.33199455
0.32898173
0.32588233
0.32272825
0.3194857
0.31619176
0.31280764
0.30937639
0.30585341
0.30228866
0.29863075
0.29493758
0.29114993
0.28733476
0.28342387
0.27949447
0.27546812
0.27143361
0.26730089
0.26317167
0.2589429
0.25473056
0.25041732
0.24613448
0.24174952
0.23740961
0.23296691
0.22858384
0.22409858
0.21968639
0.21517516
0.21074719
0.20622863
0.20179621
0.19729143
0.19286325
0.188397
0.18397691
0.17957894
0.17516412
0.17087058
0.16645025
0.16230708
0.15785763
0.15392163
0.14941295
0.14576142
0.1411909
0.13810125
0.13402417
0.13418734
0.13885674
0.16195802
0.24237523
0.48572323
0.99680313
1.7530919
2.4154291
3.1722713
3.7626588
4.4910405
5.0229479
5.7619193
6.2274322
6.9326391
7.271001
8.0129801
0.39117907
0.38991552
0.38860947
0.38725474
0.38585534
0.38440454
0.38290699
0.38135527
0.37975465
0.37809695
0.37638821
0.37461944
0.37279759
0.37091283
0.36897309
0.36696757
0.36490533
0.36277453
0.36058545
0.35832515
0.35600526
0.35361161
0.35115738
0.34862704
0.34603548
0.34336569
0.34063444
0.33782315
0.33495063
0.33199658
0.32898204
0.32588487
0.32272852
0.31948888
0.31619196
0.31281161
0.3093765
0.30585835
0.30228864
0.29863688
0.29493739
0.2911575
0.28733434
0.28343319
0.27949372
0.27547957
0.27143237
0.26731489
0.26316973
0.25895999
0.25472763
0.25043812
0.24613021
0.24177482
0.23740357
0.23299761
0.22857552
0.22413576
0.21967513
0.21521986
0.21073239
0.20628134
0.20177794
0.19735264
0.19284228
0.18846613
0.18395561
0.17965372
0.17514746
0.17094629
0.16644654
0.16237313
0.15788023
0.1539588
0.14947792
0.14572435
0.14128379
0.13769852
0.13343268
0.13018238
0.12728829
0.12850704
0.13753282
0.17584659
0.30545532
0.67164411
1.2638964
2.0394738
2.6731891
3.4298687
3.9772898
4.7255554
5.2129064
5.9803512
6.3657349
7.2230505
0.39117892
0.38991602
0.38860935
0.3872554
0.38585532
0.38440542
0.38290707
0.38135633
0.37975476
0.37809816
0.37638831
0.37462079
0.37279767
0.37091434
0.36897312
0.36696924
0.3649053
0.36277637
0.36058535
0.35832718
0.35600506
0.35361386
0.35115706
0.34862955
0.34603504
0.34336851
0.34063388
0.33782635
0.33494994
0.33200021
0.32898121
0.32588902
0.32272754
0.31949364
0.31619082
0.31281708
0.30937517
0.30586467
0.30228709
0.29864418
0.29493559
0.29116594
0.28733224
0.28344293
0.27949128
0.27549079
0.27142957
0.26732779
0.26316655
0.25897478
0.25472411
0.250455
0.24612641
0.24179394
0.23739968
0.23301906
0.22857187
0.22415943
0.21967234
0.21524542
0.2107315
0.20630822
0.20178035
0.19737918
0.19285032
0.18848938
0.18397291
0.17966908
0.17517963
0.17094711
0.16650175
0.16234991
0.15797347
0.15390004
0.14962678
0.14561435
0.14149383
0.13750434
0.13361838
0.12959675
0.12615739
0.12241183
0.12119662
0.1241283
0.14043883
0.2085479
0.40563037
0.91531126
1.5373631
2.331664
2.9156717
3.6913547
4.1822012
4.9707403
5.3818051
6.3358736
0.39117913
0.38991705
0.3886096
0.3872566
0.38585567
0.38440683
0.38290751
0.38135792
0.37975524
0.37809989
0.3763888
0.37462266
0.37279815
0.37091633
0.36897357
0.36697136
0.36490571
0.36277861
0.36058569
0.35832955
0.35600532
0.35361637
0.35115725
0.34863222
0.34603514
0.34337136
0.3406339
0.33782941
0.33494988
0.33200352
0.32898108
0.32589261
0.32272735
0.31949755
0.3161906
0.31282136
0.30937495
0.30586935
0.30228691
0.2986493
0.29493548
0.29117156
0.28733228
0.28344908
0.27949155
0.27549749
0.27143019
0.26733503
0.26316768
0.2589825
0.25472597
0.25046308
0.24612933
0.24180215
0.23740411
0.23302701
0.22857846
0.22416654
0.21968201
0.21525083
0.21074547
0.20631067
0.20180041
0.19737716
0.19287897
0.18848107
0.18401342
0.17965227
0.17523567
0.17091894
0.16657745
0.16230718
0.1580683
0.15384252
0.14973903
0.14554692
0.14161782
0.13743875
0.13372973
0.12953479
0.12610603
0.12189934
0.11894333
0.1153098
0.11572057
0.12227663
0.15124697
0.26696312
0.54670523
1.2037608
1.8041912
2.6295948
3.1458575
3.9557493
4.3699892
5.371051
0.39117965
0.38991799
0.38861021
0.38725769
0.38585641
0.38440809
0.38290838
0.38135933
0.37975619
0.37810141
0.3763898
0.37462427
0.3727992
0.37091803
0.36897465
0.36697313
0.36490679
0.36278043
0.36058677
0.35833141
0.3560064
0.35361827
0.35115833
0.34863415
0.34603622
0.34337331
0.340635
0.33783138
0.33495102
0.33200552
0.32898229
0.32589464
0.32272867
0.31949961
0.31619208
0.31282345
0.30937664
0.30587145
0.30228888
0.2986514
0.29493783
0.2911736
0.28733512
0.28345102
0.27949502
0.27549926
0.27143447
0.26733655
0.26317298
0.25898364
0.25473256
0.25046371
0.24613755
0.24180209
0.23741438
0.23302606
0.22859129
0.22416446
0.21969797
0.21524727
0.21076521
0.2063053
0.20182455
0.19736959
0.19290781
0.18847113
0.18404682
0.17964036
0.17527301
0.17090676
0.16661662
0.16229881
0.15810603
0.15384357
0.14976798
0.14556632
0.14162418
0.1374916
0.13369166
0.12965005
0.12597873
0.12207518
0.11849632
0.11487511
0.11150742
0.10937849
0.11114052
0.12421135
0.1741291
0.36718289
0.73201535
1.5203576
2.0667181
2.9236283
3.3553453
4.3760204
0.39118031
0.38991858
0.38861098
0.3872584
0.38585734
0.38440895
0.38290947
0.38136031
0.37975741
0.37810247
0.37639113
0.37462539
0.37280061
0.37091918
0.36897614
0.36697429
0.36490836
0.36278159
0.3605884
0.35833255
0.3560081
0.35361937
0.35116009
0.3486352
0.34603807
0.34337431
0.34063694
0.33783231
0.33495309
0.33200638
0.32898451
0.32589542
0.32273108
0.3195003
0.31619472
0.31282404
0.30937956
0.30587193
0.30229214
0.29865176
0.2949415
0.29117383
0.28733925
0.28345111
0.27949971
0.2754992
0.27143979
0.26733632
0.26317902
0.25898325
0.25473944
0.25046315
0.24614535
0.2418014
0.23742319
0.23302529
0.22860115
0.22416373
0.21970886
0.21524685
0.21077699
0.20630561
0.20183685
0.19737138
0.1929199
0.18847547
0.18405742
0.17964887
0.17527994
0.17092196
0.16661664
0.1623244
0.15809474
0.15388669
0.14973781
0.14563718
0.14156652
0.13760364
0.1335956
0.12981011
0.12583504
0.12228876
0.11828776
0.11507845
0.11095338
0.10832346
0.10427309
0.10429856
0.10844543
0.13353267
0.21651867
0.54335301
0.96746269
1.8415343
2.3066026
3.3774485
0.39118092
0.38991903
0.38861171
0.38725896
0.38585824
0.38440965
0.38291053
0.38136113
0.37975862
0.37810337
0.37639244
0.37462634
0.37280201
0.37092017
0.36897762
0.36697529
0.3649099
0.36278259
0.36059001
0.35833352
0.35600975
0.3536203
0.35116179
0.34863608
0.34603981
0.34337514
0.34063875
0.33783309
0.33495496
0.3320071
0.32898647
0.32589608
0.32273315
0.31950092
0.31619691
0.31282461
0.3093819
0.30587248
0.30229464
0.2986523
0.29494418
0.29117439
0.28734214
0.28345172
0.2795028
0.2754999
0.27144308
0.26733718
0.26318249
0.25898436
0.25474304
0.25046465
0.24614903
0.24180347
0.23742681
0.23302817
0.22860452
0.22416774
0.2197117
0.21525243
0.21077885
0.20631339
0.2018371
0.19738219
0.19291779
0.18849061
0.18405198
0.1796699
0.17527001
0.17095068
0.16660088
0.16236274
0.15807157
0.15393452
0.14970731
0.14569366
0.14153032
0.13766485
0.13356004
0.12986911
0.12581346
0.1223272
0.11830635
0.11505142
0.11106372
0.10802957
0.1041732
0.10138416
0.098489926
0.099714172
0.10853352
0.1592336
0.2947446
0.7794808
1.2298133
2.3394033
0.39118147
0.38991959
0.38861238
0.38725964
0.38585904
0.38441048
0.38291148
0.38136208
0.37975969
0.37810442
0.3763936
0.37462747
0.37280325
0.37092135
0.36897891
0.36697651
0.36491122
0.36278382
0.36059134
0.35833476
0.35601108
0.35362153
0.35116311
0.3486373
0.34604113
0.34337634
0.34064005
0.33783428
0.33495625
0.33200829
0.32898775
0.32589728
0.32273441
0.31950214
0.31619817
0.31282588
0.30938315
0.30587382
0.30229589
0.29865375
0.29494541
0.29117599
0.28734333
0.28345353
0.27950393
0.275502
0.27144411
0.26733966
0.26318339
0.25898732
0.25474375
0.25046823
0.24614948
0.24180781
0.23742694
0.23303347
0.22860425
0.22417422
0.2197109
0.21526035
0.21077736
0.20632304
0.20183472
0.19739392
0.1929143
0.18850452
0.18404731
0.17968599
0.17526448
0.17096842
0.16659552
0.16238072
0.15806862
0.15395083
0.14970968
0.14570449
0.14154222
0.13766377
0.13358845
0.12984633
0.12587325
0.12226551
0.11841974
0.11492821
0.11125154
0.10783566
0.10439251
0.1009792
0.097922465
0.094642796
0.09341106
0.097180305
0.11486891
0.20795349
0.41796619
1.2752411
0.39118203
0.38992031
0.38861303
0.3872605
0.38585983
0.38441148
0.3829124
0.38136322
0.37976071
0.37810567
0.3763947
0.3746288
0.3728044
0.37092275
0.3689801
0.36697796
0.36491243
0.3627853
0.36059254
0.35833626
0.35601226
0.35362303
0.35116426
0.34863879
0.34604223
0.34337783
0.34064111
0.33783576
0.33495726
0.33200977
0.32898872
0.32589877
0.32273534
0.31950366
0.31619906
0.31282743
0.30938402
0.30587544
0.30229673
0.29865544
0.29494623
0.2911778
0.28734414
0.28345547
0.27950473
0.27550411
0.27144491
0.26734197
0.2631842
0.25898988
0.25474458
0.25047105
0.24615036
0.24181092
0.23742791
0.23303686
0.22860536
0.22417787
0.21971221
0.21526424
0.21077896
0.20632712
0.20183673
0.19739808
0.19291694
0.18850858
0.184051
0.1796894
0.17527004
0.17097004
0.16660444
0.16237862
0.15808326
0.15394234
0.14973349
0.14568651
0.14157888
0.13763395
0.13364159
0.12980249
0.1259428
0.122207
0.11850414
0.11486014
0.11134122
0.10777163
0.10446987
0.10094477
0.097903908
0.094405087
0.09172928
0.088670421
0.089193547
0.097715686
0.13239692
0.48945608
0.39118263
0.38992104
0.38861374
0.38726136
0.38586066
0.38441247
0.38291336
0.38136435
0.37976179
0.3781069
0.37639586
0.37463012
0.37280564
0.37092413
0.36898138
0.36697937
0.36491374
0.36278673
0.36059386
0.35833768
0.35601358
0.35362444
0.35116557
0.34864017
0.34604352
0.34337916
0.34064238
0.33783705
0.33495852
0.33201101
0.32898997
0.32589997
0.32273661
0.3195048
0.31620036
0.31282853
0.30938536
0.30587648
0.30229814
0.29865644
0.29494774
0.29117875
0.28734579
0.28345637
0.27950655
0.27550493
0.27144695
0.26734269
0.26318652
0.25899045
0.25474725
0.25047143
0.24615347
0.24181102
0.23743157
0.2330366
0.22860969
0.22417716
0.21971737
0.21526299
0.21078509
0.20632526
0.20184397
0.19739556
0.19292546
0.18850529
0.18406117
0.17968504
0.17528257
0.17096391
0.16662048
0.16236957
0.15810385
0.15392939
0.14975851
0.14567021
0.14160646
0.13761698
0.13366802
0.12978946
0.12596502
0.12220234
0.11851701
0.11487076
0.11133295
0.10781384
0.10441716
0.1010505
0.097768019
0.094603077
0.091367579
0.088532863
0.085350973
0.083929296
0.086298017
0.16313591
0.39118324
0.38992161
0.38861446
0.38726204
0.38586152
0.38441328
0.38291437
0.38136527
0.37976293
0.37810792
0.37639712
0.37463121
0.37280698
0.37092526
0.3689828
0.36698053
0.36491521
0.36278789
0.36059537
0.35833882
0.35601512
0.35362553
0.35116713
0.3486412
0.3460451
0.34338012
0.34064398
0.33783792
0.33496015
0.33201179
0.32899165
0.32590064
0.32273835
0.31950536
0.31620219
0.31282897
0.30938731
0.3058768
0.30230024
0.29865662
0.29495003
0.29117876
0.28734831
0.2834562
0.27950938
0.27550455
0.27145015
0.26734205
0.26319017
0.2589895
0.25475146
0.25047007
0.24615834
0.24180918
0.23743722
0.23303419
0.22861621
0.22417411
0.21972478
0.21525931
0.21079333
0.20632104
0.20185288
0.19739099
0.1929349
0.18850056
0.18407108
0.17968019
0.17529312
0.1709587
0.16663205
0.16236369
0.15811665
0.15392313
0.14977168
0.14566536
0.1416172
0.13761707
0.13367247
0.12979839
0.1259597
0.12222332
0.11849876
0.11490833
0.11129711
0.10787607
0.10435579
0.10114118
0.097682866
0.094711803
0.091277634
0.088605226
0.085137067
0.082869395
0.079607165
0.088575303
0.39118386
0.38992206
0.3886152
0.38726259
0.3858624
0.38441395
0.3829154
0.38136605
0.3797641
0.3781088
0.37639841
0.37463215
0.37280838
0.37092625
0.36898428
0.36698154
0.36491676
0.36278889
0.36059698
0.35833979
0.35601677
0.35362645
0.3511688
0.34864205
0.3460468
0.34338089
0.34064572
0.3378386
0.33496193
0.33201236
0.32899347
0.3259011
0.32274023
0.31950571
0.31620415
0.31282919
0.30938938
0.30587689
0.30230246
0.29865656
0.29495243
0.29117855
0.28735094
0.2834558
0.27951228
0.27550393
0.27145339
0.26734117
0.26319381
0.2589883
0.25475557
0.25046849
0.24616301
0.24180715
0.23744249
0.23303167
0.22862213
0.22417109
0.21973132
0.21525585
0.21080042
0.2063173
0.20186036
0.19738717
0.19294257
0.18849686
0.18407889
0.17967663
0.17530125
0.17095501
0.16664091
0.16235949
0.15812649
0.15391846
0.14978193
0.14566126
0.14162626
0.13761523
0.13367913
0.12979943
0.12596504
0.12222446
0.11850683
0.11490502
0.11131157
0.1078653
0.10438055
0.10111653
0.097730539
0.094654735
0.091370722
0.088492006
0.085295297
0.082631072
0.079515697
0.077230055
0.3911845
0.38992255
0.38861597
0.38726318
0.38586331
0.38441466
0.38291645
0.38136687
0.37976528
0.37810971
0.37639972
0.37463314
0.37280979
0.3709273
0.36898578
0.36698261
0.36491832
0.36278997
0.36059859
0.35834085
0.35601841
0.35362747
0.35117046
0.34864302
0.34604847
0.34338179
0.34064739
0.33783942
0.33496361
0.3320131
0.32899516
0.32590175
0.32274195
0.31950627
0.31620591
0.31282966
0.30939119
0.30587726
0.30230434
0.29865683
0.2949544
0.29117871
0.28735304
0.28345584
0.27951455
0.27550381
0.27145589
0.26734086
0.2631966
0.25898773
0.25475873
0.25046762
0.2461666
0.24180589
0.23744661
0.23302994
0.22862684
0.22416885
0.21973667
0.21525306
0.2108064
0.20631398
0.20186698
0.19738335
0.19294985
0.18849251
0.18408697
0.17967153
0.17531056
0.17094867
0.1666521
0.16235121
0.15814022
0.15390771
0.14979849
0.14564811
0.14164558
0.13759968
0.13370233
0.12977888
0.12599714
0.122192
0.11855633
0.11485159
0.1113875
0.10778204
0.10449344
0.10098785
0.097903633
0.094449551
0.091641353
0.088167448
0.085716437
0.08211147
0.080184075
0.075759071
0.39118525
0.38992321
0.38861683
0.38726395
0.3858643
0.38441555
0.38291758
0.38136788
0.37976654
0.37811083
0.3764011
0.37463434
0.37281127
0.37092856
0.36898733
0.36698392
0.36491993
0.3627913
0.36060022
0.35834217
0.35602006
0.35362877
0.35117211
0.34864428
0.34605011
0.34338299
0.340649
0.33784056
0.3349652
0.33201417
0.32899673
0.32590276
0.32274349
0.3195072
0.31620743
0.31283052
0.30939271
0.30587804
0.30230587
0.29865753
0.29495597
0.29117932
0.28735467
0.28345634
0.27951626
0.2755042
0.27145773
0.26734109
0.26319863
0.25898776
0.25476102
0.25046736
0.24616926
0.24180526
0.23744974
0.23302883
0.22863054
0.22416714
0.21974108
0.21525064
0.21081165
0.2063107
0.20187323
0.19737904
0.19295733
0.18848693
0.18409605
0.17966426
0.17532177
0.17093911
0.16666618
0.16233861
0.15815797
0.15389126
0.1498207
0.14562687
0.14167335
0.13757206
0.13373795
0.12974196
0.12604444
0.12214157
0.11861954
0.11478434
0.11146869
0.1076971
0.10459319
0.10088469
0.098022104
0.094330608
0.091770041
0.088050814
0.08582449
0.082047719
0.080194911
0.07567135
0.39118614
0.38992409
0.38861783
0.38726494
0.38586542
0.38441665
0.38291883
0.38136911
0.37976791
0.37811217
0.37640258
0.37463578
0.37281284
0.37093007
0.36898897
0.36698548
0.36492162
0.36279288
0.36060194
0.35834376
0.35602178
0.35363035
0.35117382
0.34864583
0.34605178
0.3433845
0.34065064
0.33784201
0.33496678
0.33201556
0.32899826
0.32590408
0.32274497
0.31950846
0.31620886
0.31283171
0.30939409
0.30587916
0.30230722
0.29865857
0.2949573
0.29118028
0.287356
0.28345721
0.27951763
0.27550494
0.27145917
0.26734169
0.26320019
0.25898817
0.25476276
0.25046753
0.24617125
0.24180512
0.23745208
0.23302826
0.22863337
0.22416604
0.2197445
0.21524888
0.21081584
0.20630812
0.20187836
0.19737545
0.19296364
0.18848209
0.18410383
0.17965788
0.17533139
0.17093084
0.16667801
0.16232809
0.15817238
0.15387813
0.14983807
0.14561071
0.14169425
0.13755213
0.13376334
0.12971719
0.12607544
0.12211119
0.1186563
0.11474919
0.1115094
0.10765977
0.10463503
0.10084815
0.098061746
0.094299508
0.091800936
0.088033162
0.085839321
0.082047881
0.080196111
0.075664919
0.39118716
0.38992515
0.38861896
0.38726611
0.38586667
0.38441794
0.3829202
0.38137051
0.3797694
0.37811368
0.37640417
0.37463739
0.37281453
0.37093176
0.36899073
0.36698723
0.36492342
0.36279467
0.36060377
0.35834556
0.35602361
0.35363214
0.35117563
0.34864759
0.34605356
0.34338622
0.34065237
0.33784368
0.33496845
0.33201716
0.32899987
0.32590561
0.32274651
0.31950991
0.31621033
0.31283308
0.3093955
0.30588045
0.30230857
0.29865979
0.2949586
0.29118141
0.28735726
0.28345824
0.27951887
0.27550587
0.27146042
0.26734249
0.26320148
0.25898883
0.25476413
0.25046801
0.24617276
0.24180537
0.23745378
0.23302826
0.22863532
0.22416569
0.21974683
0.2152481
0.21081863
0.20630682
0.20188173
0.19737352
0.19296771
0.18847942
0.18410875
0.17965435
0.17533728
0.17092637
0.16668498
0.16232261
0.15818048
0.15387163
0.14984733
0.14560313
0.14170479
0.13754333
0.13377535
0.12970705
0.12608894
0.12210001
0.11867063
0.1147381
0.11152314
0.10765025
0.10464699
0.10084109
0.098071233
0.094295769
0.091806956
0.088033462
0.085842345
0.082050379
0.080198578
0.075666544
0.3911883
0.38992633
0.3886202
0.3872674
0.38586802
0.38441935
0.38292167
0.38137204
0.37977099
0.37811532
0.37640587
0.37463913
0.37281632
0.37093358
0.36899259
0.36698911
0.36492533
0.36279659
0.36060571
0.3583475
0.35602555
0.35363407
0.35117755
0.34864949
0.34605544
0.34338807
0.3406542
0.33784547
0.33497022
0.33201889
0.32900157
0.32590726
0.32274814
0.31951149
0.31621188
0.31283458
0.30939697
0.30588186
0.30230996
0.29866111
0.29495992
0.29118263
0.28735852
0.28345938
0.27952008
0.27550692
0.27146159
0.26734344
0.26320263
0.25898966
0.25476528
0.25046872
0.24617393
0.24180594
0.23745502
0.23302866
0.22863666
0.22416593
0.21974828
0.21524813
0.21082026
0.20630661
0.2018836
0.19737304
0.19296988
0.18847862
0.18411125
0.17965323
0.17534014
0.17092492
0.16668819
0.16232089
0.15818401
0.15386969
0.14985115
0.145601
0.14170889
0.13754103
0.13377975
0.1297046
0.12609356
0.12209765
0.11867511
0.11473632
0.11152703
0.10764941
0.10465017
0.10084113
0.098073851
0.094296615
0.091808946
0.088035104
0.085844054
0.082052294
0.080200563
0.075668618
0.39118953
0.38992761
0.38862153
0.38726879
0.38586947
0.38442085
0.38292323
0.38137366
0.37977267
0.37811705
0.37640765
0.37464096
0.37281819
0.3709355
0.36899454
0.36699109
0.36492734
0.36279861
0.36060774
0.35834953
0.35602758
0.3536361
0.35117957
0.34865149
0.34605743
0.34339003
0.34065613
0.33784738
0.33497209
0.33202072
0.32900336
0.32590902
0.32274985
0.31951315
0.31621351
0.31283616
0.30939851
0.30588335
0.30231142
0.2986625
0.29496129
0.29118394
0.28735981
0.28346059
0.27952129
0.27550803
0.27146273
0.26734446
0.2632037
0.2589906
0.25476631
0.25046957
0.24617493
0.2418067
0.23745599
0.23302933
0.22863763
0.22416648
0.21974928
0.21524857
0.2108213
0.20630694
0.20188469
0.19737326
0.19297103
0.18847875
0.18411248
0.17965326
0.17534146
0.17092489
0.16668959
0.16232081
0.15818547
0.1538696
0.14985266
0.14560093
0.14171045
0.13754099
0.13378137
0.12970461
0.1260952
0.12209779
0.11867669
0.1147367
0.11152842
0.10765011
0.10465141
0.10084207
0.098075067
0.094297774
0.091810197
0.088036467
0.085845443
0.082053766
0.080202092
0.07567025
0.39119085
0.38992897
0.38862295
0.38727025
0.38587099
0.38442243
0.38292487
0.38137535
0.37977442
0.37811886
0.37640951
0.37464287
0.37282014
0.37093749
0.36899657
0.36699315
0.36492942
0.36280071
0.36060985
0.35835166
0.35602971
0.35363822
0.35118168
0.34865359
0.34605951
0.34339208
0.34065816
0.33784937
0.33497405
0.33202264
0.32900524
0.32591086
0.32275165
0.3195149
0.31621521
0.31283781
0.30940012
0.30588491
0.30231293
0.29866397
0.29496271
0.2911853
0.28736113
0.28346186
0.27952253
0.27550921
0.27146387
0.26734555
0.26320477
0.25899159
0.2547673
0.25047048
0.24617585
0.24180753
0.23745685
0.23303008
0.22863844
0.22416717
0.21975005
0.2152492
0.21082204
0.20630751
0.20188542
0.19737377
0.19297176
0.1884792
0.18411322
0.17965367
0.1753422
0.17092526
0.16669034
0.16232118
0.15818621
0.15386998
0.1498534
0.14560134
0.14171119
0.13754143
0.13378213
0.1297051
0.12609598
0.12209835
0.11867747
0.11473739
0.11152922
0.10765091
0.10465225
0.10084295
0.098075987
0.094298724
0.091811182
0.088037508
0.08584652
0.082054898
0.08020326
0.075671484
0.39119224
0.38993042
0.38862444
0.3872718
0.38587259
0.38442408
0.38292658
0.38137712
0.37977624
0.37812073
0.37641144
0.37464484
0.37282216
0.37093955
0.36899867
0.36699528
0.36493157
0.36280289
0.36061204
0.35835386
0.35603191
0.35364042
0.35118387
0.34865577
0.34606167
0.34339422
0.34066027
0.33785145
0.3349761
0.33202465
0.32900721
0.32591278
0.32275352
0.31951674
0.316217
0.31283955
0.30940181
0.30588654
0.30231451
0.29866549
0.29496419
0.29118673
0.28736251
0.28346318
0.2795238
0.27551043
0.27146505
0.26734667
0.26320585
0.25899262
0.25476829
0.25047142
0.24617676
0.24180839
0.23745768
0.23303087
0.22863921
0.22416788
0.21975076
0.21524985
0.2108227
0.2063081
0.20188603
0.19737432
0.19297233
0.18847971
0.18411376
0.17965415
0.17534272
0.17092573
0.16669084
0.16232164
0.15818671
0.15387044
0.14985389
0.14560181
0.14171169
0.13754191
0.13378264
0.12970561
0.12609651
0.12209888
0.11867802
0.11473795
0.1115298
0.10765152
0.10465288
0.1008436
0.09807667
0.094299439
0.091811925
0.088038289
0.085847334
0.082055751
0.08020414
0.075672403
0.39119372
0.38993194
0.38862601
0.38727342
0.38587426
0.38442581
0.38292836
0.38137895
0.37977813
0.37812268
0.37641343
0.37464689
0.37282425
0.37094168
0.36900083
0.36699748
0.36493381
0.36280514
0.36061431
0.35835614
0.3560342
0.35364271
0.35118615
0.34865803
0.34606391
0.34339645
0.34066247
0.33785362
0.33497823
0.33202675
0.32900926
0.32591479
0.32275549
0.31951865
0.31621886
0.31284136
0.30940356
0.30588825
0.30231616
0.29866709
0.29496573
0.29118821
0.28736394
0.28346455
0.27952512
0.27551169
0.27146626
0.26734783
0.26320696
0.25899368
0.2547693
0.25047238
0.24617767
0.24180926
0.23745851
0.23303165
0.22863996
0.2241686
0.21975144
0.21525049
0.21082331
0.20630869
0.20188659
0.19737485
0.19297285
0.18848019
0.18411423
0.1796546
0.17534316
0.17092615
0.16669125
0.16232204
0.1581871
0.15387083
0.14985427
0.14560219
0.14171207
0.1375423
0.13378302
0.129706
0.12609691
0.12209929
0.11867844
0.11473838
0.11153024
0.10765197
0.10465335
0.10084409
0.098077177
0.09429997
0.091812478
0.088038869
0.085847939
0.082056387
0.080204795
0.075673078
0.39119528
0.38993354
0.38862766
0.38727512
0.38587601
0.38442761
0.38293022
0.38138086
0.37978009
0.37812469
0.3764155
0.374649
0.37282641
0.37094389
0.36900308
0.36699976
0.36493611
0.36280747
0.36061666
0.3583585
0.35603656
0.35364507
0.35118851
0.34866038
0.34606625
0.34339876
0.34066475
0.33785587
0.33498045
0.33202893
0.3290114
0.32591688
0.32275753
0.31952065
0.3162208
0.31284325
0.3094054
0.30589002
0.30231788
0.29866875
0.29496733
0.29118976
0.28736542
0.28346598
0.27952649
0.27551301
0.27146751
0.26734903
0.2632081
0.25899477
0.25477034
0.25047336
0.24617861
0.24181015
0.23745935
0.23303245
0.22864071
0.22416931
0.21975211
0.21525113
0.21082391
0.20630925
0.20188712
0.19737535
0.19297332
0.18848065
0.18411466
0.17965501
0.17534355
0.17092652
0.16669161
0.16232238
0.15818743
0.15387115
0.14985459
0.1456025
0.14171237
0.13754259
0.13378332
0.12970629
0.1260972
0.12209959
0.11867874
0.1147387
0.11153056
0.1076523
0.10465369
0.10084445
0.098077546
0.094300357
0.09181288
0.08803929
0.08584838
0.082056851
0.080205273
0.075673562
0.39119691
0.38993522
0.38862939
0.38727689
0.38587784
0.38442949
0.38293215
0.38138285
0.37978213
0.37812678
0.37641763
0.37465119
0.37282864
0.37094616
0.36900539
0.36700211
0.36493849
0.36280988
0.36061908
0.35836094
0.35603901
0.35364752
0.35119096
0.34866282
0.34606867
0.34340116
0.34066713
0.33785822
0.33498276
0.3320312
0.32901363
0.32591907
0.32275966
0.31952273
0.31622283
0.31284522
0.30940731
0.30589188
0.30231968
0.29867048
0.294969
0.29119137
0.28736697
0.28346746
0.27952791
0.27551437
0.27146881
0.26735027
0.26320928
0.25899589
0.2547714
0.25047437
0.24617956
0.24181105
0.23746021
0.23303326
0.22864147
0.22417002
0.21975278
0.21525176
0.2108245
0.20630981
0.20188764
0.19737584
0.19297378
0.18848107
0.18411506
0.17965538
0.1753439
0.17092685
0.16669192
0.16232268
0.15818771
0.15387142
0.14985484
0.14560274
0.1417126
0.13754282
0.13378355
0.12970651
0.12609742
0.12209981
0.11867896
0.11473892
0.11153079
0.10765253
0.10465393
0.1008447
0.098077803
0.094300626
0.091813162
0.088039584
0.085848691
0.082057177
0.08020561
0.075673895
0.39119863
0.38993698
0.38863119
0.38727875
0.38587974
0.38443145
0.38293415
0.3813849
0.37978424
0.37812894
0.37641984
0.37465344
0.37283094
0.37094851
0.36900777
0.36700453
0.36494094
0.36281235
0.36062158
0.35836345
0.35604153
0.35365005
0.35119348
0.34866534
0.34607117
0.34340365
0.34066959
0.33786065
0.33498515
0.33203356
0.32901594
0.32592133
0.32276188
0.31952489
0.31622494
0.31284727
0.3094093
0.30589381
0.30232154
0.29867229
0.29497074
0.29119304
0.28736858
0.28346901
0.27952939
0.27551578
0.27147016
0.26735155
0.2632105
0.25899705
0.2547725
0.25047541
0.24618054
0.24181198
0.23746108
0.23303407
0.22864223
0.22417074
0.21975345
0.21525238
0.21082508
0.20631035
0.20188814
0.19737631
0.19297421
0.18848147
0.18411543
0.17965572
0.17534422
0.17092715
0.16669219
0.16232293
0.15818794
0.15387163
0.14985504
0.14560293
0.14171278
0.13754299
0.13378371
0.12970667
0.12609757
0.12209996
0.1186791
0.11473907
0.11153093
0.10765268
0.10465409
0.10084486
0.098077967
0.094300799
0.091813344
0.088039774
0.085848894
0.082057393
0.080205832
0.075674104
0.39120043
0.38993883
0.38863308
0.38728069
0.38588172
0.38443348
0.38293623
0.38138703
0.37978642
0.37813117
0.37642212
0.37465577
0.37283332
0.37095092
0.36901023
0.36700702
0.36494346
0.3628149
0.36062415
0.35836604
0.35604413
0.35365265
0.35119609
0.34866794
0.34607376
0.34340622
0.34067213
0.33786317
0.33498764
0.332036
0.32901835
0.32592369
0.32276419
0.31952715
0.31622713
0.31284941
0.30941138
0.30589582
0.30232349
0.29867417
0.29497255
0.29119478
0.28737025
0.28347061
0.27953092
0.27551724
0.27147156
0.26735288
0.26321176
0.25899825
0.25477363
0.25047648
0.24618155
0.24181292
0.23746196
0.2330349
0.22864301
0.22417146
0.21975412
0.21525301
0.21082566
0.20631088
0.20188864
0.19737676
0.19297463
0.18848185
0.18411578
0.17965604
0.17534451
0.17092741
0.16669243
0.16232314
0.15818813
0.15387181
0.1498552
0.14560307
0.14171291
0.1375431
0.13378382
0.12970677
0.12609766
0.12210005
0.11867918
0.11473915
0.11153101
0.10765276
0.10465417
0.10084494
0.098078053
0.09430089
0.091813442
0.088039878
0.085849007
0.082057515
0.080205959
0.075674212
0.39120232
0.38994075
0.38863505
0.3872827
0.38588379
0.38443559
0.38293839
0.38138924
0.37978867
0.37813347
0.37642447
0.37465817
0.37283576
0.37095341
0.36901275
0.36700958
0.36494606
0.36281753
0.3606268
0.3583687
0.35604681
0.35365534
0.35119877
0.34867062
0.34607643
0.34340887
0.34067477
0.33786577
0.33499021
0.33203854
0.32902084
0.32592614
0.32276658
0.31952949
0.31622942
0.31285163
0.30941353
0.30589791
0.30232551
0.29867612
0.29497443
0.29119659
0.28737199
0.28347228
0.27953251
0.27551876
0.271473
0.26735425
0.26321306
0.25899948
0.25477479
0.25047758
0.24618258
0.24181389
0.23746287
0.23303575
0.22864379
0.22417219
0.2197548
0.21525363
0.21082624
0.20631141
0.20188912
0.1973772
0.19297503
0.18848221
0.18411611
0.17965633
0.17534477
0.17092764
0.16669263
0.16232332
0.15818829
0.15387194
0.14985531
0.14560317
0.141713
0.13754317
0.13378387
0.12970681
0.1260977
0.12210008
0.11867921
0.11473917
0.11153103
0.10765277
0.10465418
0.10084495
0.098078068
0.094300909
0.091813465
0.088039904
0.085849041
0.082057556
0.080206003
0.075674231
0.39120429
0.38994276
0.38863711
0.3872848
0.38588593
0.38443777
0.38294062
0.38139152
0.379791
0.37813585
0.3764269
0.37466064
0.37283827
0.37095597
0.36901535
0.36701221
0.36494872
0.36282022
0.36062952
0.35837145
0.35604957
0.35365811
0.35120154
0.34867339
0.34607919
0.34341162
0.34067749
0.33786847
0.33499287
0.33204116
0.32902342
0.32592867
0.32276907
0.31953191
0.31623178
0.31285393
0.30941577
0.30590008
0.30232761
0.29867815
0.29497639
0.29119847
0.28737379
0.283474
0.27953416
0.27552034
0.2714745
0.26735567
0.26321441
0.25900075
0.25477599
0.25047871
0.24618363
0.24181488
0.23746379
0.23303661
0.22864459
0.22417293
0.21975548
0.21525426
0.21082681
0.20631193
0.2018896
0.19737762
0.19297541
0.18848255
0.18411641
0.1796566
0.175345
0.17092784
0.1666928
0.16232347
0.15818841
0.15387204
0.14985539
0.14560323
0.14171304
0.1375432
0.13378389
0.12970681
0.12609769
0.12210006
0.11867918
0.11473913
0.111531
0.10765273
0.10465414
0.10084491
0.098078027
0.094300871
0.09181343
0.088039871
0.085849015
0.082057534
0.080205983
0.075674185
0.39120634
0.38994486
0.38863924
0.38728698
0.38588815
0.38444004
0.38294294
0.38139388
0.37979341
0.3781383
0.3764294
0.37466318
0.37284086
0.3709586
0.36901802
0.36701492
0.36495147
0.362823
0.36063232
0.35837426
0.3560524
0.35366095
0.35120439
0.34867623
0.34608203
0.34341444
0.3406803
0.33787125
0.33499562
0.33204388
0.32902609
0.3259313
0.32277164
0.31953443
0.31623424
0.31285633
0.3094181
0.30590234
0.30232979
0.29868026
0.29497842
0.29120042
0.28737566
0.2834758
0.27953587
0.27552197
0.27147605
0.26735714
0.2632158
0.25900206
0.25477722
0.25047986
0.24618472
0.24181589
0.23746473
0.23303748
0.2286454
0.22417368
0.21975616
0.21525488
0.21082738
0.20631244
0.20189006
0.19737804
0.19297579
0.18848288
0.1841167
0.17965685
0.17534521
0.17092802
0.16669295
0.16232359
0.15818849
0.15387211
0.14985543
0.14560325
0.14171304
0.13754318
0.13378386
0.12970677
0.12609763
0.1221
0.1186791
0.11473905
0.11153091
0.10765263
0.10465405
0.10084481
0.098077927
0.094300773
0.091813334
0.088039776
0.085848926
0.08205745
0.0802059
0.075674073
0.39120848
0.38994704
0.38864146
0.38728924
0.38589046
0.38444239
0.38294533
0.38139632
0.37979589
0.37814083
0.37643197
0.37466581
0.37284353
0.3709613
0.36902077
0.36701771
0.36495428
0.36282584
0.36063519
0.35837716
0.35605531
0.35366388
0.35120732
0.34867917
0.34608495
0.34341736
0.34068319
0.33787412
0.33499846
0.33204668
0.32902886
0.32593402
0.3227743
0.31953704
0.31623679
0.31285881
0.30942051
0.30590468
0.30233206
0.29868244
0.29498052
0.29120245
0.2873776
0.28347765
0.27953764
0.27552365
0.27147765
0.26735866
0.26321723
0.25900342
0.25477849
0.25048106
0.24618583
0.24181693
0.23746569
0.23303837
0.22864622
0.22417443
0.21975685
0.21525551
0.21082795
0.20631295
0.20189052
0.19737844
0.19297614
0.18848319
0.18411696
0.17965707
0.1753454
0.17092817
0.16669306
0.16232367
0.15818855
0.15387214
0.14985544
0.14560322
0.14171301
0.13754312
0.13378378
0.12970668
0.12609752
0.12209989
0.11867898
0.11473892
0.11153077
0.10765249
0.1046539
0.10084466
0.098077774
0.094300621
0.091813183
0.088039625
0.085848779
0.082057307
0.080205756
0.075673898
0.39121071
0.3899493
0.38864377
0.38729159
0.38589285
0.38444483
0.38294781
0.38139885
0.37979846
0.37814345
0.37643463
0.37466851
0.37284627
0.37096409
0.36902359
0.36702057
0.36495718
0.36282877
0.36063815
0.35838014
0.35605831
0.35366688
0.35121034
0.34868218
0.34608797
0.34342036
0.34068618
0.33787708
0.3350014
0.33204958
0.32903171
0.32593683
0.32277706
0.31953974
0.31623942
0.31286138
0.30942301
0.3059071
0.3023344
0.29868471
0.2949827
0.29120455
0.28737961
0.28347958
0.27953947
0.2755254
0.2714793
0.26736023
0.26321871
0.25900481
0.2547798
0.25048228
0.24618697
0.24181799
0.23746667
0.23303928
0.22864705
0.22417519
0.21975754
0.21525613
0.21082851
0.20631345
0.20189096
0.19737883
0.19297648
0.18848347
0.18411721
0.17965727
0.17534555
0.17092829
0.16669314
0.16232373
0.15818857
0.15387213
0.1498554
0.14560316
0.14171293
0.13754301
0.13378367
0.12970654
0.12609737
0.12209973
0.1186788
0.11473874
0.11153059
0.10765229
0.10465371
0.10084446
0.09807757
0.09430042
0.091812982
0.088039423
0.08584858
0.082057112
0.080205562
0.075673672
0.39121303
0.38995166
0.38864616
0.38729402
0.38589532
0.38444735
0.38295037
0.38140145
0.37980111
0.37814614
0.37643737
0.37467129
0.3728491
0.37096695
0.3690265
0.36702351
0.36496015
0.36283178
0.36064118
0.3583832
0.35606139
0.35366998
0.35121344
0.34868529
0.34609107
0.34342345
0.34068925
0.33788014
0.33500442
0.33205258
0.32903466
0.32593973
0.32277991
0.31954253
0.31624215
0.31286404
0.3094256
0.30590962
0.30233684
0.29868706
0.29498497
0.29120672
0.28738169
0.28348157
0.27954137
0.27552721
0.27148102
0.26736185
0.26322023
0.25900624
0.25478114
0.25048353
0.24618813
0.24181907
0.23746767
0.2330402
0.22864789
0.22417595
0.21975823
0.21525676
0.21082907
0.20631395
0.2018914
0.1973792
0.1929768
0.18848374
0.18411743
0.17965744
0.17534568
0.17092838
0.16669319
0.16232374
0.15818855
0.15387208
0.14985533
0.14560306
0.14171281
0.13754287
0.13378351
0.12970637
0.12609718
0.12209953
0.11867859
0.11473852
0.11153036
0.10765205
0.10465347
0.10084421
0.098077317
0.094300168
0.09181273
0.088039171
0.085848332
0.082056867
0.080205316
0.075673394
0.39121544
0.38995411
0.38864865
0.38729655
0.38589789
0.38444996
0.38295303
0.38140415
0.37980385
0.37814892
0.37644019
0.37467416
0.37285201
0.3709699
0.36902949
0.36702654
0.36496322
0.36283487
0.3606443
0.35838634
0.35606455
0.35367316
0.35121663
0.34868848
0.34609426
0.34342664
0.34069243
0.33788329
0.33500755
0.33205567
0.32903772
0.32594274
0.32278286
0.31954543
0.31624498
0.3128668
0.30942828
0.30591222
0.30233936
0.2986895
0.29498731
0.29120898
0.28738385
0.28348363
0.27954334
0.27552908
0.27148278
0.26736352
0.26322181
0.25900772
0.25478252
0.25048482
0.24618933
0.24182018
0.23746869
0.23304113
0.22864874
0.22417673
0.21975893
0.21525738
0.21082962
0.20631443
0.20189182
0.19737956
0.19297711
0.18848399
0.18411762
0.17965759
0.17534579
0.17092844
0.16669321
0.16232373
0.1581885
0.153872
0.14985522
0.14560292
0.14171265
0.13754268
0.1337833
0.12970615
0.12609694
0.12209928
0.11867832
0.11473824
0.11153008
0.10765176
0.10465317
0.10084392
0.098077015
0.094299868
0.091812429
0.088038869
0.085848033
0.082056573
0.080205022
0.075673068
0.39121795
0.38995666
0.38865124
0.38729918
0.38590056
0.38445266
0.38295577
0.38140694
0.37980668
0.3781518
0.37644311
0.37467712
0.37285501
0.37097295
0.36903257
0.36702966
0.36496637
0.36283806
0.36064752
0.35838958
0.35606781
0.35367644
0.35121992
0.34869178
0.34609756
0.34342993
0.3406957
0.33788655
0.33501078
0.33205886
0.32904087
0.32594585
0.32278592
0.31954843
0.31624791
0.31286966
0.30943107
0.30591493
0.30234198
0.29869203
0.29498975
0.29121132
0.28738609
0.28348577
0.27954538
0.27553101
0.27148461
0.26736525
0.26322343
0.25900925
0.25478394
0.25048615
0.24619056
0.24182131
0.23746973
0.23304208
0.2286496
0.22417751
0.21975963
0.215258
0.21083017
0.2063149
0.20189223
0.1973799
0.19297739
0.18848421
0.1841178
0.17965771
0.17534586
0.17092847
0.16669319
0.16232368
0.1581884
0.15387188
0.14985507
0.14560274
0.14171245
0.13754245
0.13378306
0.12970588
0.12609665
0.12209898
0.118678
0.11473792
0.11152975
0.10765142
0.10465283
0.10084357
0.098076663
0.094299519
0.091812078
0.088038519
0.085847686
0.082056231
0.080204679
0.075672693
0.39122056
0.38995931
0.38865393
0.38730191
0.38590333
0.38445547
0.38295862
0.38140983
0.37980962
0.37815478
0.37644613
0.37468018
0.37285811
0.37097609
0.36903575
0.36703288
0.36496963
0.36284135
0.36065084
0.35839293
0.35607118
0.35367982
0.35122331
0.34869518
0.34610096
0.34343332
0.34069909
0.33788992
0.33501412
0.33206217
0.32904414
0.32594907
0.32278909
0.31955153
0.31625096
0.31287263
0.30943396
0.30591773
0.30234469
0.29869465
0.29499227
0.29121374
0.28738842
0.28348799
0.27954749
0.27553302
0.27148651
0.26736704
0.26322511
0.25901082
0.25478541
0.25048751
0.24619181
0.24182247
0.23747079
0.23304305
0.22865048
0.2241783
0.21976033
0.21525862
0.21083071
0.20631537
0.20189263
0.19738023
0.19297766
0.18848441
0.18411795
0.1796578
0.1753459
0.17092847
0.16669314
0.16232359
0.15818828
0.15387172
0.14985487
0.14560251
0.1417122
0.13754217
0.13378277
0.12970556
0.12609632
0.12209864
0.11867764
0.11473756
0.11152937
0.10765103
0.10465244
0.10084317
0.098076262
0.094299121
0.091811678
0.088038119
0.085847289
0.08205584
0.080204287
0.07567227
0.39122329
0.38996207
0.38865673
0.38730475
0.38590621
0.38445839
0.38296159
0.38141284
0.37981267
0.37815787
0.37644926
0.37468335
0.37286133
0.37097935
0.36903905
0.36703621
0.36497299
0.36284475
0.36065427
0.35839639
0.35607466
0.35368332
0.35122682
0.3486987
0.34610448
0.34343684
0.34070259
0.33789341
0.33501758
0.3320656
0.32904753
0.32595242
0.32279238
0.31955476
0.31625412
0.31287572
0.30943696
0.30592065
0.30234752
0.29869738
0.2949949
0.29121627
0.28739083
0.2834903
0.27954968
0.2755351
0.27148848
0.2673689
0.26322685
0.25901245
0.25478692
0.25048892
0.24619311
0.24182367
0.23747188
0.23304404
0.22865137
0.2241791
0.21976104
0.21525925
0.21083126
0.20631583
0.20189302
0.19738054
0.19297791
0.1884846
0.18411807
0.17965787
0.17534591
0.17092844
0.16669306
0.16232347
0.15818811
0.15387152
0.14985464
0.14560225
0.14171191
0.13754185
0.13378243
0.1297052
0.12609594
0.12209825
0.11867723
0.11473714
0.11152894
0.10765059
0.104652
0.10084273
0.098075811
0.094298674
0.091811229
0.088037671
0.085846844
0.0820554
0.080203848
0.075671799
0.39122613
0.38996496
0.38865965
0.38730771
0.38590921
0.38446144
0.38296467
0.38141596
0.37981584
0.37816108
0.37645252
0.37468665
0.37286467
0.37098273
0.36904247
0.36703967
0.36497649
0.36284828
0.36065783
0.35839997
0.35607827
0.35368695
0.35123047
0.34870235
0.34610814
0.3434405
0.34070623
0.33789703
0.33502118
0.33206917
0.32905106
0.3259559
0.32279581
0.31955813
0.31625741
0.31287894
0.30944009
0.3059237
0.30235047
0.29870023
0.29499764
0.2912189
0.28739335
0.28349271
0.27955197
0.27553727
0.27149052
0.26737082
0.26322866
0.25901414
0.25478849
0.25049038
0.24619445
0.2418249
0.237473
0.23304506
0.22865229
0.22417991
0.21976177
0.21525988
0.2108318
0.20631629
0.2018934
0.19738085
0.19297815
0.18848476
0.18411818
0.17965791
0.1753459
0.17092838
0.16669294
0.16232332
0.15818791
0.15387128
0.14985437
0.14560194
0.14171158
0.13754148
0.13378204
0.12970479
0.12609551
0.12209782
0.11867677
0.11473667
0.11152847
0.1076501
0.10465152
0.10084224
0.09807531
0.094298179
0.091810731
0.088037174
0.08584635
0.082054914
0.080203362
0.075671281
0.39122911
0.38996798
0.38866271
0.38731081
0.38591235
0.38446462
0.3829679
0.38141923
0.37981915
0.37816444
0.37645592
0.3746901
0.37286815
0.37098626
0.36904604
0.36704328
0.36498013
0.36285196
0.36066154
0.35840371
0.35608203
0.35369073
0.35123427
0.34870616
0.34611195
0.3434443
0.34071003
0.33790081
0.33502494
0.3320729
0.32905474
0.32595953
0.32279938
0.31956164
0.31626085
0.3128823
0.30944337
0.30592688
0.30235355
0.29870321
0.29500051
0.29122166
0.28739599
0.28349522
0.27955436
0.27553953
0.27149266
0.26737284
0.26323054
0.2590159
0.25479013
0.25049189
0.24619585
0.24182618
0.23747416
0.23304612
0.22865323
0.22418076
0.21976251
0.21526052
0.21083235
0.20631676
0.20189379
0.19738115
0.19297838
0.18848491
0.18411827
0.17965794
0.17534587
0.17092829
0.1666928
0.16232313
0.15818767
0.15387101
0.14985406
0.14560159
0.14171121
0.13754107
0.13378162
0.12970434
0.12609504
0.12209734
0.11867626
0.11473616
0.11152795
0.10764957
0.10465098
0.1008417
0.098074764
0.094297637
0.091810187
0.088036631
0.085845811
0.082054382
0.080202831
0.075670719
0.39123209
0.38997099
0.38866576
0.3873139
0.38591548
0.38446779
0.38297111
0.38142249
0.37982244
0.37816778
0.3764593
0.37469352
0.37287162
0.37098977
0.36904958
0.36704686
0.36498376
0.36285562
0.36066523
0.35840743
0.35608578
0.3536945
0.35123805
0.34870996
0.34611575
0.3434481
0.34071382
0.33790459
0.33502869
0.33207662
0.32905842
0.32596317
0.32280296
0.31956516
0.31626429
0.31288566
0.30944664
0.30593006
0.30235662
0.29870618
0.29500337
0.2912244
0.2873986
0.28349772
0.27955672
0.27554177
0.27149476
0.26737481
0.26323238
0.25901762
0.25479171
0.25049335
0.24619717
0.24182738
0.23747524
0.23304708
0.22865408
0.2241815
0.21976315
0.21526106
0.2108328
0.2063171
0.20189405
0.19738132
0.19297848
0.18848494
0.18411822
0.17965783
0.1753457
0.17092806
0.16669252
0.1623228
0.15818729
0.15387059
0.1498536
0.1456011
0.14171069
0.13754052
0.13378104
0.12970375
0.12609441
0.12209671
0.11867561
0.1147355
0.11152727
0.10764888
0.1046503
0.10084101
0.098074066
0.094296949
0.091809494
0.088035945
0.085845124
0.08205371
0.080202157
0.075670011
)
;

boundaryField
{
    inlet
    {
        type            fixedValue;
        value           uniform 0.7098;
    }
    outlet
    {
        type            inletOutlet;
        inletValue      uniform 0.7098;
        value           nonuniform List<scalar> 
80
(
13.53525
16.938342
15.830857
15.437901
15.268372
15.172042
15.104824
15.050045
15.000271
14.951756
14.902416
14.850973
14.796569
14.738566
14.676451
14.609768
14.538092
14.460998
14.378056
14.288812
14.192781
14.089441
13.978223
13.858506
13.729608
13.59078
13.44119
13.279965
13.106296
12.919073
12.717083
12.499012
12.263464
12.008659
11.731604
11.428296
11.093883
10.722631
10.307655
9.8404617
9.3105584
8.7056277
8.0129801
7.2230505
6.3358736
5.371051
4.3760204
3.3774485
2.3394033
1.2752411
0.48945608
0.16313591
0.088575303
0.077230055
0.075759071
0.07567135
0.075664919
0.075666544
0.075668618
0.07567025
0.075671484
0.075672403
0.075673078
0.075673562
0.075673895
0.075674104
0.075674212
0.075674231
0.075674185
0.075674073
0.075673898
0.075673672
0.075673394
0.075673068
0.075672693
0.07567227
0.075671799
0.075671281
0.075670719
0.075670011
)
;
    }
    top
    {
        type            zeroGradient;
    }
    upstreamWall
    {
        type            symmetryPlane;
    }
    plate
    {
        type            kLowReWallFunction;
        value           nonuniform List<scalar> 
96
(
11.844946
43.499751
59.527583
57.538279
51.611174
47.086491
46.826412
47.551567
48.721004
49.007767
48.831199
48.33752
47.682175
46.987101
46.264518
45.525777
44.80551
44.10822
43.432472
42.782212
42.159344
41.56177
40.998286
40.462174
39.946865
39.450979
38.973825
38.516879
38.081169
37.660353
37.253811
36.859413
36.480443
36.113778
35.758815
35.413222
35.077889
34.753071
34.436313
34.127698
33.827075
33.534395
33.247805
32.967598
32.694096
32.426534
32.164041
31.907068
31.655365
31.408219
31.165631
30.927462
30.693288
30.463307
30.236834
30.01405
29.794982
29.578845
29.366091
29.156503
28.9497
28.745859
28.544677
28.346304
28.150251
27.95709
27.765987
27.577446
27.391035
27.206943
27.024748
26.844987
26.666802
26.491089
26.31674
26.144847
25.974074
25.805884
25.638487
25.473846
25.309684
25.148383
24.987321
24.829266
24.671108
24.516232
24.360809
24.208995
24.056203
23.907367
23.756785
23.611038
23.463149
23.312603
23.19472
22.96046
)
;
    }
    frontAndBack
    {
        type            empty;
    }
}


// ************************************************************************* //
