/*--------------------------------*- C++ -*----------------------------------*\
| =========                 |                                                 |
| \\      /  F ield         | OpenFOAM: The Open Source CFD Toolbox           |
|  \\    /   O peration     | Version:  2512                                  |
|   \\  /    A nd           | Website:  www.openfoam.com                      |
|    \\/     M anipulation  |                                                 |
\*---------------------------------------------------------------------------*/
FoamFile
{
    version     2.0;
    format      ascii;
    arch        "LSB;label=32;scalar=64";
    class       volScalarField;
    location    "0.149987";
    object      omega;
}
// * * * * * * * * * * * * * * * * * * * * * * * * * * * * * * * * * * * * * //

dimensions      [0 0 -1 0 0 0 0];

internalField   nonuniform List<scalar> 
8800
(
908.64801
789.36271
722.59936
675.42853
648.24881
625.68432
613.25695
601.44227
595.54156
588.92095
586.30953
582.03441
582.61514
1191.8686
908.64436
789.37013
722.59092
675.43958
648.23637
625.70027
613.23607
601.4738
595.49156
588.9999
586.2432
582.16224
582.36258
632.64473
908.63649
789.38612
722.57282
675.46319
648.21006
625.73345
613.19398
601.53464
595.3997
589.15516
585.93874
582.93464
580.65462
585.19921
908.62381
789.41174
722.54399
675.50055
648.16916
625.78355
613.13392
601.6144
595.29564
589.29534
585.75003
583.17037
580.59304
580.25813
908.60581
789.44796
722.5036
675.55231
648.1139
625.84845
613.06231
601.69835
595.21044
589.35558
585.80626
582.80775
581.35109
579.29516
908.58198
789.49551
722.45127
675.61848
648.04559
625.92453
612.98698
601.7739
595.15388
589.3716
585.86809
582.68795
581.37768
579.26256
908.55199
789.55479
722.38712
675.69824
647.96648
626.00745
612.91486
601.83434
595.12076
589.38862
585.82635
582.8707
581.02865
579.83904
908.51563
789.62574
722.31194
675.7899
647.87954
626.09313
612.85002
601.87908
595.1066
589.39422
585.8139
582.88556
581.08937
579.69067
908.47291
789.70777
722.22728
675.89096
647.78812
626.17867
612.7925
601.91382
595.10306
589.38423
585.84935
582.81443
581.18079
579.61526
908.42412
789.79961
722.13547
675.99812
647.69562
626.26265
612.73874
601.94929
595.09313
589.38572
585.86672
582.7962
581.18402
579.61584
908.36985
789.89932
722.03959
676.10748
647.60539
626.34448
612.68434
601.99544
595.06207
589.42093
585.83614
582.83861
581.14197
579.64624
908.31102
790.00426
721.94332
676.2147
647.52091
626.42298
612.628
602.05371
595.0115
589.48173
585.78031
582.89835
581.09331
579.68077
908.24885
790.11126
721.85072
676.31522
647.44598
626.49501
612.57417
602.11433
594.95985
589.53944
585.73678
582.93877
581.06262
579.69963
908.18481
790.21678
721.76585
676.40464
647.38457
626.55551
612.53164
602.16222
594.92753
589.57215
585.72266
582.95186
581.05282
579.70101
908.12053
790.3173
721.69223
676.47935
647.3401
626.59937
612.50841
602.18732
594.92239
589.57824
585.73187
582.94793
581.0548
579.69337
908.05761
790.40972
721.63234
676.53725
647.31408
626.62435
612.5064
602.19057
594.93753
589.56959
585.75068
582.9388
581.05925
579.68345
907.99744
790.49189
721.58694
676.57856
647.30496
626.63303
612.52
602.1817
594.95999
589.55898
585.76876
582.93164
581.06094
579.67457
907.94098
790.56301
721.55475
676.60611
647.3078
626.63231
612.53932
602.17212
594.97926
589.55348
585.78189
582.92855
581.05838
579.6667
907.88862
790.62394
721.53242
676.62509
647.31547
626.6306
612.55517
602.16921
594.99083
589.55496
585.78927
582.92981
581.05145
579.65898
907.84002
790.67718
721.51498
676.64191
647.32072
626.63453
612.5627
602.17472
594.995
589.56209
585.79209
582.93412
581.04104
579.64951
907.79422
790.7265
721.4968
676.66276
647.31813
626.64726
612.56145
602.18681
594.99427
589.57234
585.79257
582.93959
581.02889
579.63626
907.7498
790.77622
721.47272
676.69233
647.30485
626.66917
612.55297
602.20313
594.99076
589.58377
585.79214
582.94494
581.016
579.61809
907.7053
790.8302
721.43915
676.73316
647.28014
626.69972
612.53802
602.22334
594.98431
589.59677
585.79023
582.95074
581.00217
579.59584
907.65962
790.89081
721.39484
676.78544
647.24465
626.73861
612.51601
602.24885
594.97311
589.6132
585.78506
582.95848
580.98635
579.57179
907.61258
790.95808
721.34131
676.84686
647.20052
626.78471
612.48706
602.28013
594.95642
589.63382
585.776
582.96878
580.96836
579.54807
907.56521
791.02919
721.28288
676.91254
647.15219
626.83422
612.45443
602.31414
594.93697
589.65611
585.76507
582.97987
580.94974
579.52537
907.51987
791.09868
721.22606
676.97525
647.1064
626.88052
612.42423
602.34518
594.91956
589.67598
585.75553
582.98915
580.93268
579.50346
907.47996
791.15941
721.17825
677.02693
647.07042
626.91657
612.40227
602.36821
594.9079
589.69034
585.74943
582.99488
580.91839
579.48221
907.44923
791.20421
721.14583
677.061
647.04934
626.93796
612.39139
602.38096
594.90322
589.69812
585.74725
582.99654
580.90711
579.4616
907.43087
791.22783
721.13229
677.0744
647.04437
626.94402
612.39106
602.38393
594.90452
589.69988
585.74807
582.99459
580.89824
579.44187
907.42661
791.22832
721.13746
677.06799
647.05329
626.93689
612.3989
602.37882
594.91013
589.69669
585.75094
582.98959
580.89118
579.42305
907.43624
791.20745
721.15816
677.04543
647.07237
626.91971
612.41222
602.36768
594.91832
589.68976
585.75475
582.98224
580.88524
579.4052
907.45761
791.16996
721.18953
677.01175
647.09746
626.89598
612.42837
602.35261
594.92762
589.68029
585.75875
582.97328
580.87999
579.38838
907.48706
791.12234
721.22636
676.97219
647.12499
626.86893
612.4454
602.33548
594.93706
589.66932
585.76249
582.96338
580.87516
579.37268
907.5202
791.07149
721.2639
676.93166
647.15198
626.8416
612.46167
602.31814
594.94577
589.6581
585.76558
582.95339
580.87062
579.35842
907.55254
791.02384
721.298
676.89463
647.17585
626.8168
612.4758
602.30233
594.95312
589.64776
585.76787
582.94409
580.86633
579.34588
907.58011
790.98476
721.3252
676.86501
647.19435
626.79711
612.4865
602.28982
594.95848
589.63948
585.76915
582.93632
580.86227
579.33547
907.60005
790.958
721.34305
676.84555
647.20589
626.78445
612.49287
602.28182
594.96146
589.63406
585.76932
582.93064
580.85841
579.32743
907.61097
790.94504
721.35071
676.83728
647.20992
626.77952
612.49468
602.27881
594.96201
589.63182
585.76844
582.92733
580.85479
579.32182
907.61336
790.94462
721.34936
676.8389
647.20759
626.78128
612.49275
602.28011
594.96064
589.63241
585.76683
582.92612
580.85153
579.31836
907.6095
790.95283
721.34217
676.84693
647.20142
626.78726
612.48868
602.28411
594.95829
589.63476
585.76498
582.92637
580.84878
579.3165
907.60281
790.96421
721.33338
676.85671
647.19472
626.7942
612.4846
602.28871
594.95613
589.63759
585.76349
582.92722
580.84675
579.31556
907.59675
790.97352
721.32684
676.86405
647.1902
626.79927
612.4821
602.29212
594.955
589.63973
585.76271
582.92788
580.84544
579.31491
907.59351
790.97783
721.32446
676.86691
647.18901
626.80116
612.48174
602.2935
594.95514
589.64066
585.76269
582.92796
580.84477
579.31417
907.59328
790.97738
721.32567
676.86593
647.19038
626.80045
612.48296
602.29323
594.95614
589.64058
585.76314
582.92751
580.8445
579.3133
907.59465
790.97474
721.32833
676.86345
647.19259
626.79882
612.4846
602.29242
594.95733
589.64018
585.76372
582.92699
580.84442
579.31256
907.59573
790.97294
721.3301
676.86198
647.19394
626.79798
612.48562
602.29214
594.95813
589.64014
585.76414
582.9268
580.84442
579.31218
907.59542
790.97347
721.33006
676.86251
647.19385
626.79858
612.48574
602.29281
594.95845
589.64073
585.7644
582.92712
580.84449
579.31227
907.59402
790.97565
721.32879
676.86439
647.19293
626.80009
612.4854
602.29407
594.95858
589.64175
585.76467
582.92783
580.84474
579.31277
907.59264
790.97769
721.32759
676.86614
647.19217
626.80148
612.48524
602.29527
594.95888
589.64278
585.76512
582.92865
580.84522
579.31345
907.59224
790.97823
721.32735
676.86674
647.19218
626.8021
612.48561
602.29601
594.95951
589.64357
585.76581
582.9294
580.84591
579.31417
907.59293
790.97721
721.32805
676.86623
647.19288
626.802
612.4864
602.29633
594.9604
589.64415
585.7667
582.93009
580.84676
579.31492
907.59419
790.97547
721.32914
676.86525
647.19382
626.80166
612.48734
602.29655
594.96139
589.64471
585.76769
582.93083
580.84774
579.31576
907.59534
790.97394
721.33009
676.86443
647.19464
626.80151
612.48822
602.29694
594.9624
589.64544
585.76876
582.93175
580.84884
579.31679
907.59609
790.97301
721.33071
676.86404
647.19527
626.80167
612.48904
602.29758
594.96342
589.64639
585.76991
582.93287
580.85009
579.31801
907.59645
790.97259
721.33108
676.864
647.19578
626.80209
612.48984
602.29842
594.9645
589.64752
585.77118
582.93417
580.85147
579.31942
907.59659
790.97247
721.3313
676.86417
647.19626
626.80267
612.49068
602.29941
594.96567
589.64879
585.77257
582.93563
580.85299
579.32098
907.59662
790.97248
721.33146
676.86445
647.19675
626.80335
612.49159
602.3005
594.96694
589.65019
585.77407
582.93721
580.85464
579.32267
907.59663
790.97253
721.33163
676.86477
647.19729
626.8041
612.49258
602.30169
594.9683
589.65169
585.77569
582.93892
580.85641
579.32449
907.59663
790.97259
721.33181
676.86514
647.19787
626.80492
612.49364
602.30297
594.96977
589.6533
585.77742
582.94073
580.85829
579.32643
907.59664
790.97264
721.33203
676.86554
647.19851
626.80582
612.49479
602.30435
594.97133
589.65502
585.77926
582.94267
580.86029
579.32848
907.59665
790.97269
721.33226
676.86598
647.1992
626.8068
612.49602
602.30582
594.973
589.65685
585.78121
582.94471
580.86241
579.33065
907.59667
790.97275
721.33251
676.86646
647.19996
626.80785
612.49735
602.3074
594.97477
589.65879
585.78327
582.94686
580.86463
579.33293
907.59668
790.97282
721.33278
676.86699
647.20078
626.80899
612.49878
602.30908
594.97666
589.66084
585.78545
582.94913
580.86697
579.33532
907.5967
790.9729
721.33308
676.86757
647.20168
626.81022
612.5003
602.31087
594.97865
589.663
585.78774
582.95152
580.86943
579.33782
907.59671
790.97299
721.33341
676.86821
647.20266
626.81155
612.50194
602.31277
594.98076
589.66528
585.79014
582.95401
580.87199
579.34043
907.59672
790.97309
721.33377
676.8689
647.20372
626.81297
612.50368
602.31478
594.98299
589.66767
585.79265
582.95662
580.87467
579.34316
907.59672
790.97321
721.33417
676.86966
647.20486
626.81449
612.50553
602.31691
594.98533
589.67018
585.79529
582.95934
580.87746
579.346
907.59673
790.97335
721.33461
676.87049
647.2061
626.81612
612.5075
602.31915
594.98779
589.67281
585.79803
582.96218
580.88036
579.34895
907.59673
790.97351
721.33508
676.87138
647.20743
626.81785
612.50958
602.32152
594.99037
589.67555
585.8009
582.96514
580.88338
579.35202
907.59673
790.97369
721.33561
676.87234
647.20886
626.8197
612.51178
602.324
594.99308
589.67842
585.80388
582.96821
580.88652
579.3552
907.59673
790.97389
721.33618
676.87339
647.21038
626.82166
612.51411
602.32661
594.9959
589.6814
585.80699
582.9714
580.88977
579.3585
907.59673
790.9741
721.3368
676.87451
647.21202
626.82374
612.51656
602.32934
594.99886
589.68452
585.81022
582.97472
580.89315
579.36193
907.59673
790.97433
721.33747
676.87572
647.21375
626.82594
612.51913
602.33221
595.00194
589.68776
585.81358
582.97816
580.89665
579.36548
907.59673
790.97458
721.3382
676.87701
647.2156
626.82826
612.52184
602.33521
595.00516
589.69114
585.81707
582.98174
580.90029
579.36916
907.59674
790.97485
721.33898
676.8784
647.21757
626.83072
612.52469
602.33835
595.00852
589.69466
585.82071
582.98546
580.90408
579.37299
907.59675
790.97514
721.33982
676.87987
647.21965
626.83331
612.52768
602.34164
595.01204
589.69833
585.8245
582.98933
580.90801
579.37696
907.59675
790.97545
721.34072
676.88145
647.22185
626.83604
612.53082
602.3451
595.01571
589.70217
585.82846
582.99338
580.91211
579.38111
907.59676
790.97579
721.34168
676.88312
647.22419
626.83892
612.53413
602.34872
595.01957
589.7062
585.8326
582.9976
580.9164
579.38545
907.59677
790.97614
721.34268
676.88486
647.22661
626.8419
612.53754
602.35245
595.02353
589.71032
585.83685
583.00194
580.9208
579.38989
145139.09
235901.18
272934.02
268559.68
255172.16
244585.89
243959.54
245676.74
248433.12
249106.4
248692.8
247532.96
245986.49
244338.36
242616.08
240845.82
239110.37
237421.28
235775.77
234184.27
232652.17
231175.24
229776.04
228438.92
227148.19
225900.93
224695.95
223537.49
222428.67
221353.86
220311.8
219297.4
218319.35
217369.98
216447.95
215547.49
214671.06
213819.59
212986.81
212173.14
211378.3
210602.34
209840.47
209093.6
208362.69
207645.83
206940.76
206248.81
205569.38
204900.65
204242.68
203595.18
202957.07
202328.94
201709
201097.78
200495.44
199899.86
199312.33
198732.3
198158.77
197592.26
197031.99
196478.38
195930.15
195388.89
194852.35
194321.91
193796.48
193276.51
192760.95
192251.24
191745.09
191244.95
190747.82
190256.7
189767.96
189285.62
188804.77
188330.88
187857.6
187391.64
186925.63
186467.4
186008.17
185557.56
185104.7
184661.44
184214.71
183778.62
183336.87
182908.32
182473.01
182028.75
181680.44
180988.2
17815.159
69226.491
115374.09
139015.86
155005.46
163142.39
161774.89
155060.48
143718.53
133606.21
125800.05
119537.97
114700.28
110922.43
107889.19
105406.55
103315.21
101473.79
99830.639
98352.557
97017.774
95800.298
94682.634
93639.396
92662.734
91750.843
90898.942
90100.708
89348.126
88635.171
87960.075
87320.369
86713.625
86135.488
85582.983
85054.726
84549.497
84065.043
83599.346
83151.137
82719.411
82302.806
81900.04
81510.331
81132.727
80766.316
80410.402
80064.431
79727.656
79399.484
79079.482
78767.097
78461.846
78163.364
77871.224
77585.064
77304.612
77029.47
76759.411
76494.164
76233.484
75977.146
75724.923
75476.665
75232.114
74991.245
74753.783
74519.638
74288.643
74060.683
73835.569
73613.321
73393.668
73176.728
72962.147
72750.134
72540.226
72332.828
72127.294
71924.227
71722.775
71523.772
71326.144
71130.976
70936.946
70745.434
70554.744
70366.751
70179.19
69994.502
69809.828
69628.002
69447.751
69257.123
69115.797
68823.895
1626.3262
7816.4496
23777.098
41171.544
55895.189
68280.874
78005.244
84072.037
85014.794
83184.505
78014.161
73209.311
69501.029
66714.44
64325.459
62300.755
60599.232
59150.647
57904.688
56816.778
55848.488
54977.402
54186.749
53452.23
52770.19
52138.366
51552.519
51007.508
50495.228
50010.24
49552.384
49120.608
48714.059
48327.599
47958.862
47607.537
47273.639
46954.937
46649.356
46356.298
46075.623
45805.851
45545.776
45295.335
45053.878
44820.377
44594.364
44375.747
44163.69
43957.713
43757.696
43563.127
43373.635
43189.002
43008.845
42832.994
42661.155
42493.031
42328.562
42167.429
42009.481
41854.58
41702.529
41553.22
41406.476
41262.25
41120.333
40980.697
40843.181
40707.716
40574.185
40442.551
40312.668
40184.567
40058.046
39933.195
39809.762
39687.921
39567.353
39448.317
39330.402
39213.979
39098.53
38984.553
38871.414
38759.74
38648.739
38539.264
38430.254
38322.826
38215.696
38109.944
38005.739
37894.967
37812.76
37644.143
658.44163
1199.6579
3068.1815
6805.7756
12932.536
18659.097
26293.177
34145.132
42112.604
48546.006
52084.513
52919.904
52019.466
49840.548
47731.018
46052.147
44603.171
43250.478
42075.534
41042.354
40107.018
39270.541
38509.701
37821.976
37197.096
36623.771
36095.234
35605.937
35148.023
34718.304
34316.133
33939.621
33587.243
33253.599
32937.111
32637.72
32355.208
32086.961
31831.058
31587.064
31355.055
31133.201
30920.394
30716.771
30521.658
30333.935
30153.205
29979.489
29811.793
29649.705
29493.201
29341.688
29194.832
29052.455
28914.152
28779.799
28649.071
28521.7
28397.661
28276.595
28158.383
28042.897
27929.939
27819.407
27711.144
27605.077
27501.022
27398.957
27298.719
27200.247
27103.449
27008.251
26914.564
26822.357
26731.508
26642.028
26553.774
26466.79
26380.92
26296.239
26212.558
26130.005
26048.344
25967.764
25887.978
25809.235
25731.179
25654.165
25577.716
25502.294
25427.389
25353.191
25280.71
25203.045
25145.719
25028.31
587.56144
649.54137
855.15767
1429.8295
2743.4107
4143.7253
6062.9079
8538.3111
12210.503
17394.962
23486.997
30087.684
35306.082
37809.772
38010.785
37486.36
36364.839
35216.555
34274.499
33329.268
32408.578
31585.705
30814.056
30100.355
29455.718
28862.628
28316.711
27812.233
27345.187
26915.49
26517.117
26146.515
25800.558
25475.258
25169.944
24883.384
24614.568
24360.594
24119.944
23892.157
23676.964
23472.248
23277.094
23091.61
22914.926
22745.882
22584.115
22429.606
22281.188
22138.536
22001.62
21869.728
21742.555
21619.93
21501.39
21386.824
21275.881
21168.282
21064.012
20962.671
20864.157
20768.325
20674.965
20583.984
20495.208
20408.559
20323.848
20241.052
20160.001
20080.637
20002.869
19926.606
19851.778
19778.324
19706.154
19635.242
19565.487
19496.876
19429.323
19362.818
19297.269
19232.695
19168.983
19106.182
19044.161
18982.996
18922.529
18862.883
18803.854
18745.59
18687.961
18630.712
18575.266
18515.417
18471.549
18381.586
579.49983
586.90526
617.61812
712.69347
960.12858
1213.7372
1728.3237
2339.4122
3204.6165
4429.8339
6373.8059
9191.9857
14106.429
19847.717
25073.016
28310.736
29591.983
29546.027
29141.755
28460.513
27734.855
27095.935
26397.153
25705.236
25064.024
24449.22
23878.585
23347.028
22850.475
22394.377
21972.006
21580.505
21215.187
20876.773
20563.496
20271.382
19998.306
19741.795
19500.875
19274.686
19061.916
18860.642
18670.133
18490.224
18319.737
18157.558
18003.331
17856.855
17716.835
17583.041
17455.35
17332.929
17215.51
17102.894
16994.551
16890.367
16789.961
16693.035
16599.565
16509.11
16421.581
16336.802
16254.549
16174.736
16097.158
16021.742
15948.278
15876.744
15806.956
15738.859
15672.353
15607.341
15543.751
15481.512
15420.539
15360.792
15302.181
15244.672
15188.199
15132.725
15078.185
15024.56
14971.78
14919.843
14868.672
14818.277
14768.577
14719.6
14671.257
14623.557
14576.544
14529.753
14484.78
14435.956
14400.427
14327.336
578.08055
578.32261
582.02251
596.64139
643.81921
701.97651
833.9912
979.81233
1217.3896
1446.0217
1966.0657
2573.1804
3799.2286
5628.4274
9116.0194
13610.221
18393.868
21845.318
23596.943
24131.009
24020.772
23672.885
23184.039
22686.749
22176.552
21611.502
21076.411
20553.621
20046.22
19570.727
19122.145
18704.571
18313.931
17951.056
17616.306
17305.071
17014.676
16744.523
16493.712
16259.909
16040.483
15834.485
15641.046
15459.422
15288.099
15126.136
14973.085
14828.417
14690.83
14560.142
14436.037
14317.611
14204.622
14096.796
13993.547
13894.745
13799.967
13708.896
13621.483
13537.246
13456.107
13377.847
13302.232
13229.176
13158.436
13089.948
13023.477
12958.997
12896.309
12835.36
12776.035
12718.235
12661.88
12606.894
12553.185
12500.712
12449.378
12399.148
12349.95
12301.745
12254.466
12208.091
12162.55
12117.834
12073.87
12030.659
11988.132
11946.293
11905.084
11864.47
11824.559
11784.803
11746.84
11705.451
11675.554
11613.768
578.48087
576.72113
576.24873
577.56976
584.22609
597.32618
629.68241
664.28032
738.94657
800.79519
948.32449
1083.3618
1359.846
1768.8998
2605.1643
3881.6352
6198.3808
9737.4894
13731.458
17109.212
19209.196
20045.829
20179.922
20048.503
19748.811
19352.314
18984.891
18547.625
18092.348
17647.939
17204.034
16782.308
16380.054
15998.199
15641.926
15308.492
14997.248
14707.377
14438.769
14189.274
13955.474
13738.625
13536.653
13347.852
13170.578
13004.257
12848.017
12700.909
12561.839
12430.501
12306.316
12188.396
12076.481
11970.168
11868.84
11772.333
11680.165
11592.01
11507.767
11426.922
11349.401
11274.933
11203.274
11134.335
11067.828
11003.702
10941.69
10881.761
10823.701
10767.457
10712.894
10659.914
10608.425
10558.347
10509.578
10462.079
10415.737
10370.526
10326.356
10283.2
10240.971
10199.661
10159.179
10119.533
10080.628
10042.485
10005.009
9968.223
9932.0553
9896.4734
9861.5912
9826.8482
9793.8529
9757.7746
9731.9124
9678.1558
578.5547
576.74069
575.48878
573.85701
574.06731
575.49206
580.93508
589.42625
610.56134
629.42246
670.3887
716.46531
781.23911
909.01346
1055.3175
1379.4805
1930.9979
2870.4326
4463.463
7119.3851
10416.145
13597.719
15778.036
16873.016
17227.817
17189.397
17025.98
16744.976
16441.312
16115.546
15737.802
15365.247
14985.837
14612.184
14253.256
13908.879
13584.345
13277.7
12990.9
12723.556
12473.115
12240.844
12025.077
11823.923
11636.165
11461.732
11298.666
11145.641
11002.05
10867.192
10740.125
10620.157
10506.88
10399.716
10298.07
10201.698
10110.05
10022.796
9939.7577
9860.3959
9784.6329
9712.136
9642.655
9576.0857
9512.099
9450.6496
9391.4393
9334.4305
9279.3888
9226.2644
9174.8953
9125.1894
9077.0351
9030.3531
8985.0263
8941.0203
8898.2025
8856.559
8815.976
8776.4432
8737.8455
8700.2005
8663.3821
8627.4307
8592.2095
8557.7775
8523.9982
8490.9309
8458.4655
8426.6024
8395.4252
8364.4008
8335.0724
8302.9402
8280.0911
8232.285
578.52996
576.76565
575.45915
573.50836
572.28984
570.69572
570.74364
571.51874
574.75251
580.20006
589.76497
607.39369
624.35439
662.77841
699.50093
790.56964
901.18087
1149.7505
1542.3995
2233.231
3355.792
5362.9346
8061.8892
10904.986
13099.713
14361.28
14820.783
14891.197
14812.663
14629.862
14380.325
14132.511
13826.201
13509.439
13185.697
12857.83
12540.3
12231.023
11936.209
11656.99
11393.827
11147.003
10916.425
10701.366
10500.732
10314.579
10141.016
9978.7391
9827.927
9686.9713
9554.561
9430.4122
9313.7459
9203.7997
9100.0608
9002.1332
8909.3874
8821.5023
8738.1866
8658.8937
8583.5168
8511.6613
8443.0737
8377.6167
8314.9276
8254.9583
8197.3789
8142.142
8088.9929
8037.8807
7988.6155
7941.11
7895.2319
7850.9017
7807.9863
7766.4548
7726.1533
7687.0822
7649.0988
7612.2149
7576.2813
7541.3451
7507.2397
7474.0435
7441.5707
7409.928
7378.9235
7348.668
7318.9961
7289.9593
7261.5891
7233.4037
7206.8624
7177.7458
7157.2177
7113.9593
578.47101
576.8112
575.37906
573.57714
571.99965
570.15332
568.59125
567.19161
566.36583
566.60131
567.72991
571.33757
575.89237
586.97726
597.69924
622.87365
650.10941
719.8755
806.61526
991.44129
1289.8879
1803.1282
2656.9768
4134.4305
6343.2753
8850.8617
10989.315
12298.681
12874.331
13029.508
12991.664
12874.794
12678.558
12474.683
12232.89
11962.811
11687.493
11402.108
11120.929
10844.766
10579.325
10325.689
10085.211
9859.268
9647.0309
9448.7294
9263.5421
9090.5618
8929.8644
8780.1008
8639.8885
8509.5697
8387.5922
8273.0986
8165.7068
8064.727
7969.507
7879.7064
7794.8847
7714.5143
7638.4191
7566.1516
7497.453
7432.1297
7369.8006
7310.3978
7253.563
7199.2353
7147.138
7097.215
7049.2478
7003.1524
6958.774
6916.0324
6874.7774
6834.9804
6796.4654
6759.2471
6723.1517
6688.2146
6654.2498
6621.3359
6589.2623
6558.1489
6527.7561
6498.2433
6469.3563
6441.2653
6413.74
6386.8934
6360.6919
6334.7184
6310.3413
6283.5751
6264.8772
6225.1745
578.41037
576.85677
575.29864
573.63265
571.90423
570.14919
568.25875
566.49584
564.58806
563.1182
561.6774
561.07768
561.25511
562.53181
564.94413
571.12701
578.33833
595.86861
617.00068
663.77946
748.85209
868.37067
1114.5304
1504.9911
2173.0643
3259.5779
5092.5822
7286.2974
9299.7408
10630.285
11271.467
11473.694
11466.851
11396.91
11248.646
11075.88
10883.438
10655.023
10419.329
10170.683
9922.6768
9677.2611
9438.0705
9208.9194
8990.3395
8783.6529
8589.0121
8406.502
8235.6001
8076.186
7927.0467
7788.5298
7659.1826
7538.3512
7425.7955
7320.2923
7221.3142
7128.4218
7040.9695
6958.5132
6880.7333
6807.153
6737.4961
6671.4857
6608.7474
6549.1639
6492.3589
6438.2507
6386.5387
6337.1568
6289.8577
6244.5584
6201.0797
6159.3401
6119.1706
6080.5438
6043.2612
6007.3506
5972.6067
5939.0877
5906.57
5875.1638
5844.6132
5815.0804
5786.2699
5758.396
5731.1387
5704.7313
5678.8735
5653.7455
5629.2412
5605.0148
5582.3441
5557.434
5540.2045
5503.3294
578.3732
576.87223
575.25645
573.63772
571.86829
570.13822
568.21797
566.38018
564.33264
562.42525
560.37433
558.56297
556.79672
555.58912
554.53611
554.77094
555.66969
558.48179
563.75769
573.49252
594.52496
625.34051
696.79689
784.323
981.22821
1285.666
1801.963
2675.4778
4164.4886
6086.6823
7955.7103
9268.7101
9929.8223
10166.773
10188.124
10141.743
10032.266
9887.0327
9730.1943
9535.7756
9331.7367
9116.2148
8896.846
8678.5352
8464.1366
8256.9793
8058.2453
7869.8708
7691.4178
7523.9245
7366.6405
7219.6311
7082.2567
6954.0474
6834.726
6723.1134
6619.0785
6521.9169
6430.7121
6345.2125
6264.8343
6189.1074
6117.7223
6050.2871
5986.4663
5926.0485
5868.6605
5814.1862
5762.3008
5712.92
5665.7706
5620.765
5577.6992
5536.4884
5496.944
5459.0375
5422.5484
5387.515
5353.701
5321.1857
5289.7084
5259.4091
5229.987
5201.6459
5174.0338
5147.4202
5121.4175
5096.3244
5071.767
5047.996
5024.8292
5001.9938
4980.6822
4957.2489
4941.2126
4906.6137
578.35869
576.86286
575.24092
573.61749
571.85801
570.10794
568.21423
566.33506
564.30719
562.29619
560.14957
558.04244
555.83669
553.75467
551.68947
549.82996
548.39108
547.19823
547.30233
548.27969
551.48161
558.16459
574.73902
596.3332
652.42705
722.43179
876.46614
1132.2543
1533.3228
2260.3068
3472.3489
5173.9983
6886.2052
8154.361
8807.2967
9061.301
9103.2635
9071.3315
8987.7659
8866.0682
8731.7939
8568.7568
8391.6683
8203.2616
8009.402
7814.8399
7621.9693
7435.0392
7254.4451
7082.6168
6919.6563
6766.0186
6621.6892
6486.4978
6360.0625
6241.83
6131.6636
6028.9443
5932.7855
5843.2719
5759.3593
5680.66
5606.7957
5537.2294
5471.6933
5409.8332
5351.3056
5295.938
5243.3842
5193.5291
5146.0806
5100.9365
5057.8693
5016.7879
4977.4832
4939.9226
4903.8649
4869.3549
4836.1271
4804.2784
4773.5129
4743.9971
4715.3875
4687.9263
4661.207
4635.5519
4610.5069
4586.4351
4562.8889
4540.1894
4518.0776
4496.3522
4476.1292
4453.8733
4438.8145
4406.0633
578.35582
576.84283
575.23542
573.58948
571.85245
570.07511
568.2106
566.29916
564.30363
562.25013
560.12223
557.92515
555.67635
553.34647
551.02891
548.62322
546.34751
544.06503
542.02399
540.39014
539.11935
539.33321
541.13029
545.36797
557.01591
573.40513
615.95147
677.15623
796.84399
1019.1677
1336.9265
1953.2182
2963.6664
4475.5478
6043.1616
7234.0152
7865.7955
8120.283
8171.4725
8149.5567
8082.6933
7981
7865.8154
7726.7323
7572.2712
7406.8365
7234.3489
7060.5389
6887.0067
6717.8187
6554.1164
6397.5771
6248.7471
6108.291
5975.9306
5851.8118
5735.5421
5626.8975
5525.2662
5430.6956
5342.2121
5259.6771
5182.5507
5110.1323
5042.249
4978.3448
4918.1456
4861.3798
4807.694
4756.924
4708.7688
4663.0951
4619.6575
4578.3526
4538.9508
4501.4114
4465.4745
4431.1853
4398.2529
4366.7865
4336.4581
4307.4562
4279.3975
4252.5584
4226.4812
4201.537
4177.2078
4153.9184
4131.149
4109.2892
4088.0052
4067.1619
4047.8117
4026.4908
4012.2367
3980.9918
578.35472
576.82265
575.22966
573.56403
571.84491
570.04706
568.20291
566.27006
564.29614
562.22033
560.11217
557.88798
555.64254
553.26697
550.88371
548.37214
545.86164
543.27145
540.6861
538.13853
535.67891
533.42651
531.69737
530.6852
531.47885
533.93026
541.27903
554.5338
585.50513
644.02657
736.06374
926.87666
1194.3113
1716.334
2599.1476
3937.524
5370.8202
6476.0517
7069.8253
7312.3812
7367.3246
7350.5002
7294.7424
7208.4505
7108.8528
6989.1343
6853.0211
6706.6614
6552.884
6396.8649
6240.6558
6087.6441
5938.9462
5796.596
5660.7069
5532.2929
5411.096
5297.2779
5190.5666
5090.7399
4997.3548
4910.2677
4829.011
4752.9584
4682.0662
4615.4839
4553.0791
4494.4034
4439.1285
4387.0165
4337.7612
4291.1887
4247.0369
4205.1824
4165.3768
4127.5644
4091.4713
4057.1341
4024.2425
3992.9096
3962.7814
3934.0602
3906.3297
3879.8926
3854.2462
3829.8034
3805.9879
3783.2806
3761.0935
3739.8801
3719.2367
3699.0861
3680.433
3659.846
3646.255
3616.2383
578.35099
576.80544
575.22097
573.54301
571.83349
570.02427
568.1905
566.24676
564.28349
562.19727
560.09924
557.86476
555.62692
553.23715
550.85413
548.30346
545.77667
543.06226
540.41521
537.53983
534.84726
531.84611
529.28573
526.33641
524.43444
522.17029
522.1881
523.357
527.74889
538.42316
562.28813
612.83609
689.68266
850.26261
1087.3671
1538.9297
2324.2745
3522.4885
4835.4883
5848.3022
6393.8379
6614.8281
6666.2141
6652.3446
6604.4333
6530.6373
6443.4015
6338.895
6218.3992
6087.9622
5950.3022
5810.0978
5668.9181
5530.4049
5395.2441
5265.5906
5141.6848
5024.2389
4913.4615
4809.1666
4711.3584
4619.7239
4534.0865
4453.9699
4379.3404
4309.3749
4244.2022
4183.0707
4125.7356
4071.8458
4021.0926
3973.2572
3928.0543
3885.3369
3844.835
3806.4729
3769.9673
3735.3335
3702.2515
3670.8265
3640.6873
3612.0389
3584.4411
3558.212
3532.8136
3508.6896
3485.2147
3462.9165
3441.1468
3420.4144
3400.2543
3380.6348
3362.5327
3342.5091
3329.4631
3300.4433
578.34356
576.79106
575.2082
573.52536
571.81826
570.00554
568.17422
566.22791
564.26676
562.17877
560.08231
557.8464
555.60997
553.2178
550.83625
548.27821
545.74914
543.01511
540.34118
537.42424
534.616
531.52643
528.6079
525.40919
522.44757
519.38887
516.5749
514.39471
512.68411
513.1774
515.93823
524.04886
543.15181
584.83663
651.29641
789.45957
1004.2129
1402.0956
2117.5894
3203.1075
4409.4787
5326.6002
5813.354
6007.2873
6051.5049
6039.2882
5997.245
5933.0386
5855.8626
5763.4229
5655.885
5539.1735
5415.104
5288.5666
5160.6854
5034.8973
4912.0991
4793.8486
4680.9524
4573.6335
4472.352
4376.8775
4287.327
4203.3215
4124.7771
4051.1832
3982.6271
3918.4259
3858.525
3802.3884
3749.721
3700.2464
3653.6476
3609.7539
3568.2647
3529.0839
3491.916
3456.7485
3423.2593
3391.5298
3361.1854
3332.4174
3304.776
3278.5782
3253.2654
3229.2962
3206.0103
3183.9677
3162.4724
3142.0756
3122.264
3103.0343
3085.3597
3065.7514
3053.1501
3024.9311
578.33228
576.77812
575.19203
573.51011
571.79927
569.98956
568.15371
566.21239
564.24519
562.16456
560.05954
557.83415
555.58513
553.20836
550.8077
548.27322
545.71264
543.01602
540.28524
537.42708
534.5123
531.50381
528.38712
525.26062
521.92443
518.75849
515.22822
512.18612
508.69265
506.24097
503.5315
503.27438
504.88152
510.77643
526.01877
560.06317
619.89296
740.06882
937.89532
1297.1136
1961.9841
2961.9763
4068.3845
4887.3446
5309.9082
5474.3843
5510.6415
5499.0251
5460.684
5403.9755
5334.7244
5252.2411
5155.2056
5049.9782
4937.6983
4822.9218
4706.9843
4592.4876
4480.8356
4373.0069
4270.019
4171.9846
4079.4061
3992.1117
3910.1049
3833.1573
3761.1001
3693.631
3630.6877
3571.7764
3516.7417
3465.2211
3416.8611
3371.4637
3328.6868
3288.4156
3250.3322
3214.3987
3180.2876
3148.0493
3117.3143
3088.2432
3060.3946
3034.0619
3008.6867
2984.7204
2961.4875
2939.5604
2918.2128
2898.0202
2878.4393
2859.4726
2842.1195
2822.7948
2810.5524
2782.9637
578.31811
576.76442
575.17315
573.49405
571.77817
569.97314
568.13137
566.19648
564.22188
562.14982
560.03515
557.82094
555.55925
553.19715
550.77976
548.26446
545.68177
543.00972
540.25088
537.42044
534.47313
531.48555
528.33758
525.19689
521.8409
518.5527
515.00198
511.57887
507.90284
504.41437
500.84127
497.54558
494.88236
493.12187
494.01032
498.15874
510.48222
538.33694
593.13257
700.29788
884.0621
1218.1374
1847.4565
2781.5304
3791.7924
4511.7606
4868.6574
5004.9698
5032.0534
5020.4201
4984.0634
4933.5453
4870.4331
4795.9675
4707.822
4612.2399
4510.3788
4405.8941
4300.5201
4196.1569
4094.4478
3996.0568
3902.0443
3812.5588
3727.8941
3648.1075
3572.987
3502.512
3436.4749
3374.627
3316.8602
3262.836
3212.3129
3165.0563
3120.6705
3079.0228
3039.7606
3002.8247
2967.8712
2934.9223
2903.6107
2874.0587
2845.8439
2819.2164
2793.6405
2769.5316
2746.2275
2724.2835
2702.9698
2682.8591
2663.4044
2644.5835
2627.4598
2608.2983
2596.3405
2569.231
578.30223
576.74683
575.15362
573.47422
571.75699
569.95209
568.10965
566.1749
564.20024
562.12794
560.014
557.79849
555.53882
553.17346
550.76061
548.23855
545.66543
542.97958
540.23979
537.38245
534.471
531.43297
528.34781
525.11757
521.86256
518.42424
515.01387
511.34738
507.81364
503.90452
500.32026
496.19636
492.7386
488.65778
485.94641
482.96142
483.26103
486.0138
496.07119
519.62776
569.62201
667.97167
840.76746
1160.3943
1765.7108
2647.8665
3562.3853
4185.2919
4478.5367
4588.8257
4606.0573
4594.0733
4559.144
4513.5112
4455.3632
4387.2877
4306.8833
4219.5507
4126.7259
4031.248
3935.2284
3839.9347
3747.1272
3657.3507
3571.4346
3489.7505
3412.2863
3339.268
3270.5051
3205.963
3145.4645
3088.804
3035.8312
2986.3157
2939.9651
2896.6289
2855.9047
2817.7156
2781.6888
2747.8224
2715.7417
2685.5325
2656.7899
2629.7117
2603.7985
2579.4062
2555.9135
2533.8245
2512.4402
2492.2941
2472.8716
2454.0856
2437.1097
2417.9994
2406.261
2379.4935
578.2842
576.72394
575.1321
573.44809
571.73418
569.92399
568.08646
566.14499
564.17715
562.09605
559.99148
557.76404
555.51726
553.13564
550.7406
548.1961
545.64765
542.931
540.22518
537.32604
534.46063
531.36741
528.34249
525.04143
521.86078
518.3357
515.00767
511.24101
507.7785
503.75468
500.177
495.89308
492.23691
487.73344
484.12529
479.62191
476.52036
472.95
472.33219
474.14564
482.48563
503.19304
548.87174
641.31087
806.78512
1119.908
1711.5592
2547.9172
3367.5603
3896.7361
4130.6213
4216.9296
4225.5508
4212.9736
4178.9596
4137.0443
4083.2739
4020.3125
3946.4639
3866.0834
3781.2366
3693.7395
3605.9975
3518.9109
3434.045
3352.0938
3273.4972
3198.7653
3127.8892
3061.0658
2998.1474
2939.0735
2883.6816
2831.7965
2783.2439
2737.8677
2695.3668
2655.6501
2618.3007
2583.2959
2550.2433
2519.1952
2489.7562
2462.0725
2435.6811
2410.8681
2387.0692
2364.7108
2343.1557
2322.8603
2303.3829
2284.5248
2267.6225
2248.4576
2236.8796
2210.327
578.26055
576.69535
575.10302
573.4146
571.70124
569.8862
568.05021
566.10308
564.1379
562.05006
559.94939
557.71365
555.47217
553.08035
550.69244
548.13573
545.59627
542.8656
540.17016
537.25605
534.40107
531.29382
528.27676
524.96662
521.78577
518.26351
514.91753
511.17551
507.66273
503.69586
500.01474
495.82307
491.97446
487.57165
483.56493
479.00832
474.9086
470.4093
466.54735
462.98304
461.09828
462.3467
469.4479
487.99039
530.67633
618.73313
781.6227
1093.634
1680.0261
2472.6736
3197.5251
3636.9722
3817.4173
3883.0251
3884.2366
3870.6932
3837.7823
3798.5636
3748.4386
3689.4008
3621.4394
3547.1494
3469.2775
3388.954
3308.4972
3228.8352
3151.065
3076.0397
3004.0886
2935.7116
2870.8952
2809.7712
2752.2288
2698.1759
2647.4607
2599.9487
2555.4649
2513.911
2474.9614
2438.5754
2404.3317
2372.2497
2341.9359
2313.4867
2286.469
2261.099
2236.8711
2214.1213
2192.2943
2171.7385
2152.1212
2133.088
2116.1882
2096.8686
2085.3955
2058.9376
578.22704
576.6602
575.05693
573.36835
571.64402
569.83001
567.98212
566.03708
564.0588
561.97445
559.85913
557.62865
555.37039
552.98644
550.57859
548.03354
545.46959
542.75604
540.02961
537.14047
534.24527
531.17405
528.10385
524.84502
521.59347
518.14287
514.7033
511.05851
507.42345
503.58484
499.74608
495.71878
491.66514
487.46157
483.18091
478.8249
474.31382
469.85796
465.16234
460.77316
456.20174
452.60172
449.70406
450.51083
456.69898
473.59983
514.51517
599.29007
764.18332
1080.2607
1666.8027
2415.3483
3043.2469
3398.918
3534.1866
3580.4427
3577.793
3561.9382
3530.0132
3492.5211
3446.1533
3390.4082
3327.521
3258.6859
3186.8419
3112.9723
3038.9031
2965.8096
2894.4689
2825.7748
2759.9476
2697.4016
2638.155
2582.2475
2529.5981
2480.1282
2433.6976
2390.2233
2349.487
2311.4453
2275.7662
2242.4353
2211.0537
2181.6665
2153.8651
2127.797
2103.0101
2079.7482
2057.5427
2036.6176
2016.7732
1997.4653
1980.4959
1960.9267
1949.504
1923.0245
578.18238
576.6162
574.98813
573.30293
571.55199
569.74374
567.86673
565.93021
563.91975
561.84744
559.69613
557.4819
555.18291
552.82045
550.3662
547.84911
545.2319
542.55425
539.76627
536.92268
533.95595
530.94193
527.7883
524.60056
521.25156
517.88836
514.33507
510.7967
507.02988
503.31856
499.3283
495.44908
491.22485
487.1857
482.71639
478.52968
473.80469
469.49127
464.50984
460.10912
454.91331
450.56464
445.40953
441.75025
438.04862
438.51702
444.04573
459.75214
499.76038
582.73626
753.59458
1079.5553
1668.7391
2367.301
2899.6669
3175.4968
3276.3276
3305.8704
3300.3931
3281.2895
3251.854
3215.5287
3172.3536
3119.5767
3060.8872
2996.9243
2930.2307
2862.145
2793.9052
2726.83
2661.4352
2598.5283
2538.332
2481.0976
2426.8888
2375.7283
2327.5465
2282.3092
2239.8139
2200.0423
2162.752
2127.928
2095.2644
2064.7481
2035.993
2009.0738
1983.589
1959.691
1936.9928
1915.5905
1895.4263
1875.7467
1858.6312
1838.7226
1827.2944
1800.6786
578.13082
576.5631
574.90068
573.2163
571.42901
569.62406
567.70767
565.7771
563.72388
561.66073
559.46289
557.26155
554.91176
552.56659
550.05677
547.56214
544.88405
542.23484
539.38008
536.57181
533.53184
530.56086
527.32705
524.19081
520.75438
517.45168
513.80375
510.33493
506.46653
502.8338
498.7358
494.94346
490.60662
486.66137
482.0763
477.98749
473.14502
468.92515
463.81787
459.48526
454.1117
449.70341
444.09588
439.73287
434.11054
430.37021
426.05838
426.28479
431.34281
446.28562
486.09519
570.5292
749.76071
1089.8809
1681.8179
2319.7229
2759.8795
2966.1409
3040.0157
3055.1538
3047.861
3026.5514
2999.2003
2964.2101
2923.143
2873.1853
2817.9602
2758.5469
2696.6332
2633.8657
2571.0484
2509.444
2449.5212
2391.8446
2336.7101
2284.3037
2234.6889
2187.9189
2143.8329
2102.4684
2063.5805
2027.1964
1993.0803
1961.217
1931.3201
1903.3799
1877.0469
1852.3792
1829.0649
1807.0759
1786.491
1766.3444
1748.9992
1728.6647
1717.1729
1690.3038
578.07888
576.50421
574.80637
573.11663
571.29182
569.48272
567.5263
565.59301
563.49705
561.43292
559.1894
556.98902
554.59044
552.24849
549.6867
547.19793
544.46464
541.82427
538.91109
536.11492
533.01342
530.05808
526.75983
523.6429
520.13953
516.8598
513.14302
509.70065
505.76229
502.15906
497.99109
494.23062
489.82519
485.91318
481.2626
477.20705
472.30383
468.11537
462.95226
458.64494
453.21545
448.80883
443.11122
438.64069
432.70134
428.27581
422.29104
418.45277
413.70795
413.78293
418.5388
433.29253
473.84628
561.86918
750.19858
1118.5471
1702.4644
2268.6679
2621.3342
2769.3743
2822.075
2826.1615
2817.201
2794.8623
2768.8415
2735.182
2695.4943
2648.5002
2596.5445
2541.3192
2483.8907
2425.914
2368.0846
2311.3595
2256.3352
2203.4284
2152.9188
2104.9929
2059.5835
2016.82
1976.4795
1938.6528
1903.0829
1869.8112
1838.6032
1809.4477
1782.1011
1756.5144
1732.4496
1709.758
1688.6416
1667.9326
1650.2643
1629.4209
1617.8036
1590.5587
578.03169
576.44516
574.71678
573.01535
571.15859
569.33797
567.34762
565.40283
563.27094
561.19544
558.91397
556.70235
554.2638
551.9108
549.30713
546.80757
544.03068
541.37984
538.42159
535.61532
532.46763
529.50252
526.15742
523.03098
519.48068
516.19153
512.42848
508.97652
504.99344
501.38006
497.17002
493.39832
488.95471
485.02972
480.34629
476.27523
471.34604
467.13858
461.95795
457.62657
452.18902
447.74952
442.05026
437.5235
431.56165
426.98229
420.78155
416.25156
409.99751
406.04648
401.0277
401.047
405.71463
420.77617
462.73737
556.68407
759.4397
1159.155
1724.8916
2210.2762
2482.9524
2585.0851
2619.7526
2617.5514
2606.0078
2583.8924
2558.2435
2526.2835
2487.8099
2443.5244
2394.6824
2343.1561
2289.8244
2236.0354
2182.6855
2130.4629
2079.9418
2031.4879
1985.2016
1941.3526
1899.7833
1860.6759
1823.7795
1789.1999
1756.6637
1726.2358
1697.7048
1671.0285
1646.0644
1622.5428
1600.7716
1579.4021
1561.3045
1539.8728
1528.0617
1500.31
577.99167
576.38994
574.63882
572.92181
571.0412
569.20409
567.1886
565.22635
563.06806
560.97407
558.66493
556.43364
553.96618
551.59223
548.95862
546.43674
543.62909
540.95446
537.96495
535.1333
531.95421
528.96197
525.58582
522.43031
518.8499
515.52947
511.73796
508.2522
504.24317
500.59309
496.3606
492.54882
488.08742
484.1184
479.42319
475.30344
470.37001
466.10834
460.93277
456.5405
451.11929
446.61055
440.94055
436.33267
430.41144
425.7264
419.55497
414.82709
408.42943
403.75745
397.31956
393.23822
388.09718
388.14426
392.90409
409.82244
454.69763
557.92186
780.17553
1209.0984
1742.7208
2143.1672
2343.7019
2413.0124
2431.8244
2427.0105
2412.2608
2391.4756
2365.9242
2335.4536
2298.22
2256.1556
2210.1089
2161.7451
2112.1779
2062.3519
2013.1649
1965.1792
1918.7492
1874.3367
1831.9083
1791.7806
1753.7479
1717.9947
1684.2425
1652.6263
1622.8791
1595.0513
1569.0213
1544.5247
1521.9597
1499.8261
1481.1765
1459.0809
1446.9971
1418.5984
577.9589
576.3408
574.57455
572.84
570.9438
569.08788
567.056
565.07338
562.898
560.78198
558.4551
556.19987
553.7141
551.31409
548.66175
546.11153
543.28493
540.57947
537.57109
534.70588
531.50834
528.47956
525.08582
521.89048
518.29387
514.92999
511.1243
507.59109
503.57067
499.86867
495.62848
491.75979
487.29547
483.26392
478.57182
474.38319
469.46038
465.12256
459.96685
455.49009
450.09997
445.49699
439.87157
435.15788
429.2968
424.49094
418.39464
413.51943
407.1916
402.28147
395.74813
390.90247
384.35695
380.13652
374.99588
375.47692
380.78044
399.84316
449.20789
565.33158
812.20231
1264.3968
1748.5447
2065.974
2204.3028
2251.247
2258.0691
2251.6454
2234.9584
2215.1642
2190.0481
2160.2608
2124.2758
2084.0954
2040.804
1995.5662
1949.5473
1903.4767
1858.0311
1813.8906
1771.2119
1730.4992
1691.6405
1654.9257
1620.1184
1587.423
1556.561
1527.6436
1500.5088
1474.9622
1451.4448
1428.434
1409.0889
1386.2581
1373.8056
1344.6103
577.93256
576.29789
574.52305
572.77076
570.86584
568.99055
566.94968
564.94588
562.76134
560.62219
558.28604
556.00545
553.51032
551.0825
548.4209
545.84015
543.00459
540.26563
537.24882
534.34684
531.14171
528.07256
524.67245
521.43276
517.83148
514.41885
510.61074
507.0239
503.00398
499.24295
495.00701
491.07325
486.6179
482.51454
477.83729
473.56926
468.66858
464.24279
459.11811
454.54364
449.19536
444.48358
438.91303
434.07775
428.2871
423.34476
417.33691
412.30685
406.08555
400.99113
394.56314
389.43934
382.83366
377.7841
371.20706
366.83467
361.95733
362.82394
368.92263
390.47663
446.22614
578.8561
858.70074
1319.3995
1737.884
1977.4402
2068.436
2099.0147
2098.162
2089.7847
2072.3145
2052.6772
2028.2847
1998.9166
1964.4723
1926.2858
1885.6274
1843.343
1800.4536
1757.816
1715.8352
1675.2423
1636.0656
1598.7432
1563.1372
1529.5337
1497.6941
1467.7782
1439.6309
1413.0656
1388.5595
1364.5934
1344.3816
1320.7505
1307.8051
1277.6571
577.91132
576.26078
574.48233
572.71278
570.80448
568.91035
566.86619
564.84167
562.65404
560.49216
558.15322
555.84761
553.35009
550.8947
548.23121
545.62008
542.78335
540.01088
536.99384
534.0549
530.85079
527.74085
524.34332
521.0586
517.46188
513.9995
510.19845
506.55659
502.54684
498.7249
494.50297
490.50173
486.06511
481.88687
477.23415
472.88291
468.01383
463.49542
458.41095
453.73316
448.43551
443.6082
438.10089
433.13609
427.42386
422.33579
416.4246
411.22979
405.12672
399.84402
393.55758
388.20897
381.75172
376.36909
369.7799
364.46374
357.98311
353.42993
348.93937
350.13707
357.28969
382.0591
447.11671
599.85628
921.57726
1366.9629
1708.7648
1881.1855
1938.8453
1955.3319
1951.2509
1939.3199
1923.0303
1903.3148
1879.5933
1850.759
1817.7711
1781.4118
1743.0183
1703.5051
1663.5734
1624.1546
1585.4528
1548.0991
1512.1144
1477.8897
1445.2851
1414.5128
1385.4697
1357.9605
1332.5523
1307.6315
1286.5102
1262.0246
1248.4154
1217.1614
577.89405
576.22873
574.45018
572.66446
570.75658
568.84467
566.80128
564.75717
562.57083
560.38738
558.05035
555.72096
553.22604
550.74438
548.08435
545.44421
542.61197
539.80745
536.79617
533.82177
530.62495
527.47578
524.08741
520.75923
517.17391
513.66336
509.87642
506.1811
502.18873
498.30739
494.10679
490.03944
485.62892
481.37701
476.75614
472.32265
467.49235
462.88195
457.84461
453.0637
447.82328
442.88008
437.44218
432.34677
426.71867
421.48292
415.67366
410.31117
404.33156
398.85752
392.72027
387.15127
380.87132
375.22603
368.82314
363.13034
356.65094
351.01975
344.74645
339.95617
335.96243
337.54351
346.19327
375.3054
453.42681
631.58107
990.40177
1398.8103
1663.2742
1778.3726
1815.6451
1820.4214
1814.9237
1801.4132
1785.5947
1765.9704
1742.6448
1714.289
1682.5117
1648.0137
1611.8503
1575.0171
1537.9283
1501.4191
1465.7188
1431.3453
1398.3229
1366.9314
1337.1664
1308.829
1282.6193
1256.7943
1234.8681
1209.4838
1195.138
1162.6501
577.87993
576.201
574.4247
572.62417
570.71912
568.79093
566.75092
564.68881
562.50652
560.30325
557.97107
555.61979
553.13062
550.62477
547.97154
545.30464
542.48044
539.6463
536.6445
533.63732
530.45169
527.26618
523.89102
520.52253
516.9528
513.39747
509.62893
505.88382
501.91318
497.97638
493.80144
489.67223
485.29205
480.97101
476.38604
471.87516
467.08739
462.39014
457.40327
452.52467
447.34423
442.29087
436.92438
431.70433
426.16143
420.7842
415.07681
409.55311
403.69557
398.03703
392.04634
386.26514
380.16113
374.26967
368.07548
362.08687
355.83181
349.76798
343.51401
337.4885
331.56233
326.42834
323.13785
325.23078
336.56074
371.91117
467.08274
677.95163
1058.034
1408.0271
1603.0418
1674.472
1697.2842
1695.9459
1688.3415
1674.2553
1658.4618
1639.0971
1615.8678
1588.3195
1557.8554
1525.2737
1491.2646
1456.8047
1422.3592
1388.5665
1355.6808
1324.0614
1293.8542
1264.8812
1238.0141
1211.3701
1188.7593
1162.4636
1147.4795
1113.7036
577.86818
576.17731
574.40436
572.59078
570.68975
568.74717
566.71177
564.63374
562.4568
560.23597
557.91
555.53933
553.05731
550.53002
547.88503
545.19442
542.37971
539.51933
536.52849
533.49225
530.31927
527.10156
523.741
520.33681
516.78396
513.18898
509.43997
505.65076
501.70275
497.71684
493.56816
489.38417
485.03449
480.65223
476.10276
471.52332
466.77696
462.00275
457.06428
452.0991
446.97535
441.82431
436.52442
431.19384
425.72941
420.22667
414.61205
408.94526
403.19785
397.37537
391.51606
385.54586
379.59961
373.48824
367.48504
361.2362
355.21306
348.82583
342.83308
336.30669
330.44649
323.85879
318.56381
312.74696
310.8623
313.7294
328.21564
372.30914
488.17284
742.1231
1116.0775
1396.1197
1531.0391
1573.7265
1584.658
1580.6568
1570.1495
1556.8515
1541.0515
1521.8054
1498.8025
1472.214
1442.9666
1412.0331
1380.1223
1347.9371
1316.0158
1284.7752
1254.5742
1225.2865
1197.9909
1170.6779
1147.52
1120.3612
1104.8634
1069.8352
577.85831
576.15744
574.38797
572.56348
570.66651
568.71191
566.68111
564.58978
562.41808
560.1826
557.86264
555.47581
553.00064
550.4555
547.81833
545.108
542.30219
539.42004
536.43934
533.37904
530.21763
526.97331
523.62597
520.19233
516.65457
513.02698
509.29523
505.46987
501.54161
497.51558
493.38952
489.16093
484.8372
480.40531
475.88564
471.25086
466.53877
461.70279
456.80379
451.76951
446.69131
441.46282
436.21558
430.79803
425.39458
419.79397
414.25015
408.47293
402.80796
396.86052
391.09751
384.98543
379.1521
372.87894
367.00878
360.57437
354.70836
348.10636
342.29608
335.51103
329.82641
322.84001
317.40782
310.29755
305.57716
299.3859
298.83374
302.86233
321.44417
378.38423
518.38525
815.9253
1156.1572
1364.8051
1450.5397
1476.6776
1478.3104
1472.9392
1461.4565
1448.1603
1432.4716
1413.3493
1390.4905
1364.6982
1336.8239
1307.5392
1277.7007
1247.6978
1218.1853
1189.0899
1161.7341
1134.011
1110.4945
1082.6011
1066.6834
1030.5146
577.84992
576.14145
574.37461
572.54182
570.64792
568.68419
566.65683
564.5554
562.3876
560.14103
557.82552
555.42649
552.95636
550.3978
547.76631
545.04123
542.24184
539.34347
536.37001
533.29189
530.13865
526.87475
523.53663
520.08148
516.55413
512.9029
509.18288
505.33154
501.41651
497.36192
493.25078
488.9908
484.68387
480.21746
475.71669
471.044
466.35312
461.4755
456.60028
451.52033
446.4687
441.1902
435.97254
430.50036
425.12967
419.46961
413.96179
408.12025
402.49439
396.47802
390.75673
384.57181
378.78171
372.43346
366.60568
360.09729
354.26813
347.59975
341.81126
334.97927
329.27956
322.27811
316.72323
309.55996
304.24609
297.05584
292.46034
286.59567
286.92637
292.98367
317.29912
391.53294
562.57378
887.67473
1170.7071
1318.0049
1368.0974
1382.1814
1380.0499
1372.1285
1360.716
1347.415
1331.6842
1312.4968
1290.1909
1265.2539
1238.8401
1211.1658
1183.2956
1155.1283
1128.2792
1100.5645
1076.978
1048.5882
1032.3518
995.23863
577.84272
576.12926
574.36355
572.52536
570.6328
568.66317
566.63729
564.52937
562.36321
560.10956
557.79591
555.38918
552.92113
550.35419
547.72501
544.9908
542.19398
539.28569
536.31507
533.22621
530.07609
526.80058
523.46588
519.99819
516.47455
512.80983
509.09383
505.228
501.31726
497.24719
493.14055
488.8641
484.56183
480.07801
475.58192
470.89096
466.2046
461.30804
456.43689
451.33759
446.28917
440.99135
435.77542
430.28461
424.9133
419.23628
413.72418
407.86885
402.23319
396.20834
390.469
384.2842
378.46375
372.12904
366.25264
359.77846
353.87352
347.27081
341.36624
334.6471
328.77176
321.95111
316.13155
309.23124
303.49223
296.55819
290.95816
284.19958
279.25018
274.39635
275.43649
284.55184
317.2437
412.77615
627.85184
945.46828
1162.2852
1258.0641
1287.3796
1292.0215
1287.9671
1278.271
1267.2416
1253.9232
1238.2296
1218.9692
1197.3916
1173.2901
1148.2637
1121.9806
1096.4445
1069.3588
1046.1478
1017.6477
1001.2449
963.50177
577.83653
576.12069
574.35432
572.51363
570.62038
568.64806
566.62137
564.51053
562.34343
560.08668
557.77197
555.36196
552.8927
550.32229
547.69169
544.95387
542.15539
539.24335
536.27078
533.17806
530.02563
526.74622
523.40876
519.9372
516.41025
512.74178
509.02177
505.15246
501.23683
497.16368
493.05107
488.77218
484.46253
479.97721
475.47196
470.78083
466.08305
461.18816
456.30265
451.20757
446.14102
440.85087
435.61193
430.13347
424.73277
419.07441
413.5246
407.69642
402.01211
396.02586
390.22346
384.0926
378.19006
371.92991
365.94622
359.5742
353.52873
347.06484
340.97619
334.44395
328.32834
321.75611
315.62532
309.04827
302.90737
296.37124
290.22026
283.7982
277.67917
271.6325
266.1578
262.68116
264.76453
277.88367
323.57951
443.66152
701.67466
980.99029
1134.9696
1191.824
1208.4849
1207.3409
1201.5644
1191.5039
1180.4533
1167.0173
1151.4288
1132.143
1111.2928
1088
1064.8124
1039.1817
1016.9984
988.95616
972.63974
934.75411
577.83129
576.1152
574.34666
572.50583
570.61019
568.6378
566.60838
564.49752
562.32733
560.07068
557.75251
555.34277
552.8696
550.29967
547.66464
544.92755
542.12404
539.21309
536.23478
533.14358
529.98461
526.70725
523.36229
519.89346
516.35789
512.69299
508.96304
505.09833
501.17118
497.10396
492.97792
488.70659
484.38124
479.90549
475.38179
470.70277
465.98318
461.10355
456.19216
451.11626
446.01883
440.75279
435.47681
430.02862
424.58329
418.96293
413.35909
407.57859
401.8286
395.90216
390.01963
383.96376
377.96317
371.79693
365.69309
359.43839
353.2457
346.92779
340.65922
334.30742
327.97313
321.62183
315.22752
308.91748
302.4624
296.24256
289.71745
283.64858
277.03766
271.21291
264.54677
259.29571
253.30997
251.48749
255.21778
273.95889
337.24301
492.39479
769.76002
990.75057
1093.3782
1124.4378
1131.8018
1128.4921
1120.6025
1110.6212
1099.8938
1086.1441
1070.6098
1051.4518
1031.7872
1008.5934
988.30916
961.48199
945.65291
908.34751
577.82703
576.11197
574.3405
572.50092
570.60202
568.63108
566.598
564.48878
562.31447
560.05975
557.73696
555.32948
552.85112
550.28383
547.64299
544.90899
542.09894
539.1916
536.20594
533.11898
529.9517
526.67934
523.32499
519.86205
516.31585
512.65788
508.91585
505.05934
501.11844
497.06089
492.91915
488.65926
484.31593
479.85375
475.30939
470.64644
465.90305
461.0425
456.10361
451.05039
445.92108
440.682
435.36897
429.95288
424.46439
418.88222
413.22803
407.49296
401.68413
395.81169
389.86039
383.86854
377.78767
371.69704
365.49977
359.33383
353.03296
346.81838
340.42554
334.19266
327.71729
321.50067
314.94879
308.78813
302.16065
296.10206
289.39272
283.49096
276.68334
271.00751
264.07439
258.73685
251.69654
247.12102
240.85724
240.96855
247.30272
274.97788
360.06219
558.91331
819.68669
978.6516
1041.5691
1058.3611
1058.7865
1053.7855
1045.5962
1035.4965
1024.913
1010.81
995.7224
976.02413
958.67267
933.97313
919.20732
883.47833
577.82384
576.11007
574.33585
572.49777
570.59583
568.62659
566.59009
564.48278
562.30463
560.05206
557.72502
555.31999
552.8369
550.27241
547.62629
544.89548
542.07954
539.17584
536.18362
533.10082
529.92622
526.65862
523.29611
519.83861
516.28329
512.63157
508.87935
505.02998
501.07768
497.02833
492.87381
488.62333
484.26567
479.81427
475.25383
470.60324
465.84179
460.99539
456.03622
450.99918
445.8471
440.62649
435.28793
429.89284
424.37578
418.81739
413.13134
407.42301
401.57888
395.7362
389.7461
383.78696
377.66399
371.60858
365.36648
359.2374
352.89014
346.71241
340.27373
334.07485
327.55774
321.36772
314.78386
308.63519
301.99444
295.92187
289.23212
283.27209
276.53973
270.72874
263.96169
258.33373
251.55508
246.15069
239.51288
234.62795
229.70419
230.88219
241.29543
282.84833
392.29127
629.63847
845.56399
951.31456
985.53997
992.66468
990.67567
983.66696
975.77194
965.49121
955.22182
939.98975
926.59009
905.0324
892.05623
859.14946
577.82167
576.10866
574.33261
572.4954
570.59146
568.6232
566.58445
564.47821
562.29756
560.04617
557.71637
555.31267
552.82655
550.26353
547.61407
544.88492
542.06532
539.16347
536.16722
533.08648
529.90748
526.64217
523.27485
519.81991
516.25935
512.61046
508.85253
505.0063
501.0478
497.0019
492.84069
488.59397
484.22909
479.78177
475.21359
470.56739
465.79771
460.95593
455.98809
450.95582
445.79474
440.57891
435.23119
429.84064
424.31453
418.76009
413.06553
407.36003
401.50853
395.66678
389.67139
383.71014
377.58525
371.5231
365.28435
359.14157
352.80564
346.60399
340.18846
333.95083
327.47409
321.22403
314.70539
308.46624
301.92634
295.72
289.18188
283.02671
276.51789
270.42568
263.9812
257.95135
251.6219
245.6352
239.50292
233.55552
227.81234
222.38259
219.14616
222.02378
238.29243
298.57564
442.3348
688.46742
846.63862
910.10816
928.97987
929.53631
926.26588
918.28859
910.84461
899.61628
890.7062
873.29798
862.87294
834.18514
577.82035
576.10726
574.33054
572.49326
570.5886
568.62025
566.5807
564.47431
562.29278
560.0412
557.71046
555.30653
552.8194
550.25611
547.60559
544.87609
542.05539
539.15311
536.15573
533.07446
529.89432
526.62836
523.25991
519.80416
516.24252
512.59262
508.8337
504.98622
501.02688
496.9794
492.81756
488.56885
484.20367
479.75381
475.18579
470.53635
465.76746
460.92154
455.95533
450.91775
445.75947
440.53679
435.19341
429.79403
424.27433
418.70846
413.02304
407.30274
401.464
395.60305
389.62519
383.639
377.53792
371.44333
365.23663
359.05165
352.75858
346.50199
340.14346
333.83435
327.43304
321.09009
314.67072
308.31118
301.9011
295.53946
289.16963
282.81577
276.52231
270.17808
264.00625
257.66377
251.66759
245.30549
239.55311
233.13266
227.72863
221.21807
216.47097
210.4163
209.46019
214.89252
240.60109
323.22579
509.4365
722.45565
828.58392
863.23734
872.72812
870.54871
865.71091
856.69166
850.694
837.8169
830.45386
807.32161
577.8196
576.10583
574.32928
572.49125
570.58681
568.6176
566.5783
564.47091
562.28966
560.03694
557.70654
555.30131
552.81461
550.24983
547.59984
544.86866
542.0486
539.1444
536.14782
533.06437
529.88522
526.61676
523.24954
519.79093
516.2308
512.57763
508.82058
504.96932
501.01228
496.96043
492.80144
488.54765
484.18598
479.7302
475.16649
470.5101
465.74651
460.89242
455.93274
450.88549
445.73523
440.50108
435.16757
429.75451
424.24696
418.66475
412.99426
407.25436
401.43398
395.54946
389.59412
383.57957
377.5061
371.37733
365.2044
358.97822
352.72634
346.42018
340.11168
333.74311
327.4022
320.98835
314.64122
308.198
301.87306
295.41423
289.14256
282.67852
276.4947
270.03196
263.97348
257.51315
251.62188
245.15979
239.48056
233.00886
227.58879
221.09393
215.99737
209.52449
204.99816
199.59894
200.39449
209.94945
250.56423
364.99297
573.01913
732.09062
797.81281
815.21462
818.66178
813.93896
809.29986
799.2938
794.29818
777.41024
577.81918
576.10463
574.32851
572.48962
570.58568
568.6155
566.57675
564.46824
562.28759
560.0336
557.70387
555.29723
552.81129
550.24492
547.5958
544.86283
542.04377
539.13756
536.14213
533.05643
529.87861
526.60763
523.24195
519.78051
516.22217
512.56582
508.81086
504.95601
501.00141
496.94551
492.78937
488.531
484.17265
479.71168
475.15186
470.48958
465.73054
460.86974
455.91538
450.86049
445.71644
440.47359
435.14732
429.72435
424.22521
418.63172
412.97096
407.21827
401.40906
395.51013
389.56752
383.53682
377.47768
371.33101
365.17396
358.92825
352.69355
346.36656
340.07605
333.68604
327.36293
320.92839
314.59707
308.13625
301.82204
295.35268
289.08151
282.6207
276.4186
269.98329
263.87522
257.48236
251.49102
245.15858
239.30252
233.05123
227.33771
221.20163
215.6241
209.65877
204.20113
198.5532
193.50423
189.8676
192.44093
209.5028
270.16777
425.4565
615.76754
721.72621
760.54405
766.85276
767.01844
760.60438
756.48532
744.07195
577.81894
576.10395
574.32801
572.48866
570.58492
568.61421
566.57567
564.46656
562.28611
560.03144
557.70193
555.29452
552.80882
550.2416
547.59274
544.85883
542.04006
539.13282
536.1377
533.05088
529.8734
526.60119
523.2359
519.77312
516.21522
512.55741
508.80295
504.94653
500.99248
496.93488
492.77935
488.51915
484.16148
479.69855
475.13947
470.4751
465.71684
460.85384
455.90028
450.84311
445.69985
440.45468
435.12911
429.70387
424.20523
418.60966
412.94905
407.19466
401.38498
395.48504
389.54098
383.51039
377.44828
371.30345
365.14121
358.89988
352.65679
346.33786
340.03438
333.65774
327.31515
320.90157
314.54149
308.11258
301.75629
295.33458
289.00229
282.61143
276.32155
269.98679
263.75471
257.50395
251.33909
245.20596
239.1081
233.13644
227.09366
221.33595
215.31819
209.84658
203.79968
198.72175
192.55221
188.16569
182.17812
181.26404
186.68044
216.09968
298.81199
485.60455
635.81782
697.46952
719.4017
719.29401
718.38778
709.15665
577.81885
576.1039
574.32774
572.48843
570.58444
568.61379
566.57495
564.46589
562.28508
560.03045
557.70051
555.29315
552.80696
550.23981
547.59038
544.85656
542.03713
539.13001
536.13415
533.04748
529.86916
526.59717
523.23091
519.76842
516.20943
512.55199
508.79629
504.94035
500.98489
496.92792
492.77077
488.51137
484.15183
479.68991
475.12866
470.46557
465.70479
460.84341
455.8869
450.83177
445.68501
440.44242
435.11266
429.69073
424.18702
418.59568
412.92887
407.17994
401.3626
395.4697
389.51609
383.4946
377.42055
371.28744
365.11022
358.88391
352.62205
346.32226
339.9953
333.64293
327.27101
320.88812
314.49136
308.10131
301.69896
295.32656
288.93622
282.60789
276.24485
269.98893
263.66586
257.5124
251.23804
245.21984
238.99672
233.1519
226.97436
221.3466
215.20119
209.83815
203.70529
198.65847
192.5168
187.83445
181.70865
177.53928
172.3103
173.38378
183.65014
231.01186
342.92824
530.31091
633.01949
665.5373
677.31932
672.85347
577.819
576.10434
574.32776
572.48878
570.58432
568.61404
566.57465
564.46598
562.28454
560.03033
557.69967
555.29278
552.80576
550.23913
547.58877
544.85552
542.03506
539.12858
536.13156
533.04562
529.86599
526.59482
523.22711
519.76556
516.20495
512.54859
508.79108
504.93638
500.9789
496.92334
492.76394
488.50616
484.14411
479.68405
475.12
470.45903
465.69511
460.83618
455.87612
450.82382
445.67306
440.43375
435.09945
429.68133
424.17243
418.58558
412.91279
407.16914
401.34491
395.45824
389.49666
383.48251
377.39926
371.2747
365.08696
358.87048
352.59678
346.30802
339.96799
333.6277
327.24168
320.87173
314.45997
308.08364
301.66543
295.30752
288.90058
282.58715
276.20815
269.96505
263.63044
257.48234
251.20787
245.17861
238.978
233.09262
226.97563
221.25914
215.23572
209.70118
203.79678
198.43824
192.6925
187.48626
181.95824
176.86224
171.68889
166.89277
163.64397
166.92609
185.57608
258.19401
402.4479
551.528
615.02706
629.69195
577.81943
576.105
574.32812
572.48941
570.58462
568.61461
566.57484
564.46646
562.28457
560.03067
557.69948
555.29292
552.80532
550.23904
547.58802
544.85515
542.03396
539.12789
536.13006
533.04456
529.86405
526.59336
523.2247
519.76365
516.20202
512.54621
508.78759
504.93349
500.97483
496.91991
492.75926
488.50215
484.13879
479.67942
475.11401
470.45375
465.68843
460.8302
455.86872
450.8171
445.6649
440.42624
435.09052
429.67298
424.16271
418.57632
412.90227
407.1589
401.3336
395.4469
389.48462
383.46991
377.38661
371.2606
365.07391
358.85451
352.58366
346.28968
339.95527
333.60636
327.2299
320.84669
314.44972
308.05416
301.6573
295.27282
288.89534
282.54607
276.2069
269.91565
263.63547
257.4206
251.22331
245.09896
239.00923
232.98835
227.02855
221.1226
215.31803
209.52767
203.91776
198.21787
192.86507
187.20832
182.19158
176.50521
171.94345
166.09287
162.28356
156.46973
156.18622
163.49662
196.26249
304.30775
449.0998
555.17877
577.82011
576.10572
574.3288
572.49012
570.58528
568.6153
566.57547
564.46709
562.28512
560.03119
557.69991
555.29329
552.80559
550.23921
547.58809
544.85509
542.03378
539.12755
536.1296
533.04389
529.86329
526.59233
523.22358
519.76222
516.20054
512.54434
508.78573
504.93113
500.97257
496.91703
492.75658
488.49872
484.13569
479.67539
475.11047
470.44907
465.68446
460.82482
455.86432
450.81097
445.66008
440.41928
435.08528
429.66511
424.15709
418.56745
412.8963
407.14891
401.32737
395.43563
389.47826
383.45713
377.38031
371.24601
365.06798
358.8377
352.57849
346.27014
339.95132
333.58352
327.22765
320.82001
314.44954
308.0232
301.65944
295.2372
288.89995
282.50528
276.21446
269.86854
263.64725
257.3661
251.24078
245.0361
239.0321
232.91893
227.05287
221.05191
215.33713
209.45926
203.92806
198.15482
192.86094
187.16522
182.14955
176.52369
171.80739
166.25575
161.81649
156.4391
152.30832
148.00834
149.54065
165.0501
216.68986
393.22743
577.82099
576.10647
574.32971
572.49088
570.58623
568.61607
566.57643
564.46784
562.28607
560.03187
557.70081
555.29387
552.80639
550.23963
547.58876
544.85532
542.03429
539.12753
536.12992
533.04359
529.86337
526.59171
523.22342
519.76125
516.2001
512.54297
508.785
504.92934
500.97154
496.91479
492.75525
488.49598
484.13404
479.67213
475.10851
470.44525
465.68217
460.82039
455.86171
450.80588
445.65716
440.4135
435.08206
429.65858
424.15357
418.5601
412.89252
407.14064
401.32337
395.42635
389.47413
383.44667
377.37618
371.23418
365.06403
358.82425
352.57493
346.25479
339.94836
333.56606
327.2254
320.80029
314.44799
308.00129
301.6583
295.21334
288.89884
282.47977
276.21308
269.84159
263.64524
257.33798
251.23699
245.00901
239.02284
232.89871
227.03088
221.0471
215.2954
209.47583
203.8604
198.19911
192.75736
187.25417
181.97815
176.69538
171.52164
166.53893
161.41838
156.80957
151.62392
147.60726
142.40593
140.78907
145.30913
220.79093
577.82202
576.10733
574.33079
572.49179
570.58738
568.61702
566.57763
564.46879
562.28729
560.0328
557.70202
555.29472
552.80754
550.24039
547.58983
544.85592
542.03524
539.12796
536.13071
533.0438
529.86398
526.59165
523.22383
519.7609
516.20028
512.5423
508.78493
504.92834
500.9712
496.91341
492.75463
488.49422
484.13312
479.66996
475.10729
470.44266
465.68063
460.81736
455.85984
450.8024
445.65493
440.40954
435.07946
429.65413
424.15058
418.55514
412.88913
407.13516
401.31957
395.4203
389.46992
383.44
377.37159
371.22683
365.05911
358.81613
352.56972
346.24582
339.9429
333.55619
327.21964
320.78961
314.44173
307.99004
301.65126
295.20184
288.89074
282.4682
276.20374
269.83008
263.63437
257.3271
251.22303
245.00138
239.00153
232.89945
226.99563
221.06178
215.24143
209.50481
203.79341
198.23424
192.68284
187.2967
181.88791
176.75858
171.41137
166.61035
161.31525
156.84758
151.57862
147.52943
142.2204
138.69011
133.7748
144.65914
577.82318
576.1084
574.33203
572.49293
570.58869
568.61821
566.57902
564.47003
562.28872
560.03404
557.70345
555.29594
552.80896
550.24154
547.59119
544.85698
542.0365
539.12888
536.13185
533.04455
529.86496
526.59221
523.2246
519.76124
516.20083
512.5424
508.78525
504.92816
500.97127
496.91296
492.75441
488.49348
484.13261
479.66892
475.10646
470.44131
465.67946
460.81572
455.8583
450.80046
445.65299
440.40731
435.07708
429.65163
424.14773
418.55238
412.88576
407.13216
401.31563
395.41709
389.46537
383.4366
377.36637
371.22325
365.05318
358.8124
352.56304
346.24196
339.93541
333.55221
327.21131
320.78549
314.43259
307.98559
301.64153
295.19662
288.88095
282.46142
276.19478
269.82072
263.62714
257.31452
251.21764
244.98634
238.99649
232.88395
226.99039
221.04496
215.23938
209.48081
203.80226
198.19417
192.70998
187.2363
181.93375
176.67668
171.48492
166.48274
161.45569
156.62676
151.83015
147.17728
142.6045
138.07546
133.85377
129.52355
577.82449
576.10969
574.33343
572.4943
570.59018
568.61967
566.58059
564.47155
562.29034
560.0356
557.70511
555.29751
552.8106
550.24308
547.59279
544.85846
542.03803
539.13026
536.13327
533.04581
529.86624
526.59332
523.22571
519.76216
516.20175
512.54312
508.78594
504.92867
500.97171
496.91324
492.75459
488.49353
484.13251
479.66874
475.10605
470.4409
465.67872
460.81507
455.8572
450.79959
445.65151
440.40624
435.07519
429.65036
424.14538
418.55094
412.88291
407.13058
401.31223
395.41539
389.46137
383.43483
377.36174
371.22142
365.04787
358.81052
352.55703
346.24002
339.92873
333.55013
327.20407
320.78304
314.4251
307.9823
301.6344
295.19162
288.87527
282.45334
276.19211
269.80779
263.62918
257.29517
251.22572
244.95888
239.01215
232.84644
227.0154
220.99409
215.2794
209.40807
203.86708
198.08997
192.80666
187.09763
182.06376
176.49804
171.66397
166.23806
161.71804
156.28523
152.1964
146.72289
143.10617
137.46143
134.54041
127.67128
577.82595
576.11118
574.33499
572.49589
570.59184
568.62135
566.58233
564.47331
562.29216
560.03742
557.70697
555.29936
552.81248
550.24493
547.59465
544.86027
542.03983
539.13201
536.13498
533.04746
529.86783
526.59484
523.22716
519.76353
516.20302
512.54432
508.78701
504.92969
500.97256
496.91406
492.75521
488.49414
484.13287
479.66913
475.10613
470.44108
465.67852
460.81504
455.8567
450.79935
445.65068
440.4058
435.07401
429.64973
424.14383
418.55013
412.88095
407.12961
401.30985
395.41428
389.45853
383.43358
377.35841
371.22005
365.04404
358.80902
352.55271
346.23835
339.924
333.54816
327.19909
320.78051
314.42021
307.97874
301.6302
295.18624
288.8727
282.44498
276.1925
269.79492
263.63423
257.27577
251.23747
244.93126
239.0323
232.80875
227.04611
220.94391
215.32311
209.34308
203.92546
198.00954
192.87892
187.00289
182.14957
176.3867
171.76826
166.10371
161.84222
156.13597
152.32095
146.58632
143.19914
137.38288
134.5304
127.53927
577.82756
576.11284
574.3367
572.49765
570.59365
568.62321
566.58424
564.47526
562.29416
560.03945
557.70902
555.30143
552.81456
550.24702
547.59673
544.86235
542.04188
539.13404
536.13696
533.04941
529.86972
526.59668
523.22892
519.76525
516.20463
512.54588
508.78845
504.93108
500.97381
496.91527
492.75625
488.49515
484.13369
479.66995
475.10672
470.44168
465.67886
460.81543
455.85677
450.79953
445.65049
440.40576
435.07353
429.64949
424.14306
418.54969
412.87988
407.12896
401.30845
395.41343
389.4568
383.43255
377.35635
371.21882
365.04163
358.80759
352.54999
346.23667
339.921
333.54615
327.19594
320.77801
314.41709
307.97548
301.62746
295.18178
288.87087
282.43868
276.19228
269.78596
263.63649
257.26327
251.2431
244.91428
239.04213
232.78654
227.06078
220.91593
215.34291
209.30945
203.94962
197.97166
192.90559
186.96245
182.17773
176.34357
171.79861
166.05804
161.87107
156.09574
152.33775
146.55977
143.20023
137.37056
134.51821
127.51708
577.8293
576.11463
574.33855
572.49955
570.59561
568.62523
566.58631
564.47738
562.29632
560.04165
557.71125
555.30369
552.81684
550.24931
547.59903
544.86465
542.04416
539.13631
536.13919
533.05161
529.87187
526.5988
523.23096
519.76724
516.20654
512.54774
508.79021
504.93278
500.9754
496.9168
492.75765
488.49649
484.13489
479.6711
475.10772
470.44263
465.67964
460.81617
455.85733
450.80006
445.65081
440.40608
435.07362
429.64959
424.1429
418.54958
412.87947
407.12864
401.30779
395.41289
389.45588
383.43179
377.35517
371.21785
365.0402
358.80639
352.54831
346.23522
339.9191
333.54443
327.19386
320.77595
314.41492
307.97297
301.62533
295.17863
288.86898
282.43465
276.19093
269.78073
263.63597
257.25661
251.24358
244.90592
239.04388
232.77627
227.0639
220.90376
215.34717
209.29581
203.95429
197.95746
192.90969
186.94842
182.18092
176.32952
171.8012
166.04415
161.87165
156.08431
152.33421
146.55157
143.19416
137.36354
134.51083
127.50821
577.83117
576.11656
574.34053
572.50159
570.59771
568.62738
566.58852
564.47964
562.29862
560.044
557.71364
555.30611
552.81929
550.25178
547.6015
544.86713
542.04664
539.13877
536.14164
533.05403
529.87425
526.60114
523.23325
519.76948
516.20871
512.54985
508.79224
504.93474
500.97728
496.9186
492.75936
488.49812
484.13642
479.67254
475.10905
470.44389
465.68078
460.81723
455.85826
450.80091
445.65153
440.40673
435.07412
429.65003
424.14318
418.5498
412.87953
407.12865
401.30764
395.4127
389.45551
383.43138
377.35457
371.21723
365.03939
358.80555
352.54728
346.23417
339.91787
333.54315
327.19243
320.77442
314.41333
307.97116
301.62361
295.1765
288.86719
282.43213
276.18913
269.77775
263.63426
257.25301
251.24211
244.90166
239.04263
232.77138
227.0628
220.89832
215.34608
209.29002
203.95295
197.95161
192.9078
186.94271
182.17843
176.32382
171.79828
166.03841
161.86799
156.07918
152.3292
146.54637
143.18857
137.35769
134.50485
127.50184
577.83316
576.1186
574.34263
572.50375
570.59992
568.62965
566.59085
564.48203
562.30106
560.04649
557.71617
555.30868
552.82189
550.2544
547.60414
544.86978
542.04929
539.14142
536.14427
533.05664
529.87683
526.60369
523.23576
519.77193
516.21111
512.55219
508.79452
504.93695
500.97941
496.92066
492.76133
488.50001
484.13822
479.67426
475.11067
470.44541
465.68221
460.81857
455.8595
450.80205
445.65257
440.40767
435.07496
429.65077
424.14382
418.55034
412.87996
407.12898
401.30785
395.41283
389.45552
383.43131
377.35439
371.21696
365.039
358.80509
352.5467
346.23351
339.91709
333.54228
327.19147
320.77336
314.41219
307.96989
301.6223
295.17502
288.86572
282.43043
276.18751
269.77581
263.63251
257.25084
251.24021
244.89922
239.04061
232.76867
227.06065
220.89536
215.34375
209.28687
203.95035
197.94833
192.90487
186.93931
182.17518
176.32023
171.79477
166.03458
161.86415
156.07515
152.32508
146.54216
143.18424
137.35316
134.50019
127.49689
577.83526
576.12076
574.34484
572.50602
570.60226
568.63205
566.5933
564.48454
562.30363
560.04911
557.71883
555.31138
552.82462
550.25717
547.60693
544.87258
542.0521
539.14423
536.14707
533.05943
529.87959
526.60642
523.23845
519.77459
516.21372
512.55474
508.79701
504.93937
500.98176
496.92293
492.76353
488.50213
484.14026
479.67621
475.11253
470.44719
465.68389
460.82015
455.86099
450.80345
445.65387
440.40887
435.07606
429.65177
424.14472
418.55115
412.88067
407.1296
401.30837
395.41325
389.45584
383.43153
377.35451
371.21699
365.03894
358.80493
352.54645
346.23317
339.91666
333.54177
327.19086
320.77267
314.41141
307.96903
301.62135
295.17398
288.86461
282.42922
276.18624
269.77443
263.63108
257.24928
251.23864
244.89749
239.03888
232.76677
227.05876
220.89329
215.3417
209.28463
203.94812
197.94594
192.90245
186.93676
182.17257
176.31749
171.79197
166.03165
161.86115
156.07201
152.32186
146.53882
143.18081
137.34959
134.49653
127.49298
577.83747
576.12303
574.34717
572.50841
570.60471
568.63456
566.59587
564.48717
562.30631
560.05184
557.72162
555.31421
552.82749
550.26007
547.60986
544.87552
542.05506
539.14719
536.15003
533.06238
529.88253
526.60933
523.24133
519.77742
516.21651
512.55748
508.79969
504.94199
500.98431
496.92542
492.76594
488.50446
484.1425
479.67837
475.11461
470.44918
465.68579
460.82196
455.8627
450.80507
445.65539
440.4103
435.07739
429.65301
424.14586
418.55219
412.88162
407.13045
401.30912
395.41391
389.45641
383.43201
377.35489
371.21728
365.03913
358.80504
352.54647
346.2331
339.91651
333.54153
327.19054
320.77227
314.41092
307.96846
301.62071
295.17326
288.86382
282.42835
276.1853
269.77341
263.62999
257.24812
251.23741
244.89618
239.03752
232.76531
227.05725
220.8917
215.34005
209.2829
203.94633
197.94406
192.90051
186.93473
182.17049
176.31532
171.78973
166.02933
161.85876
156.06952
152.31931
146.53616
143.17808
137.34676
134.49363
127.48986
577.8398
576.12541
574.34962
572.51092
570.60727
568.63718
566.59856
564.48991
562.30911
560.05469
557.72452
555.31716
552.83048
550.26309
547.61291
544.8786
542.05815
539.15029
536.15314
533.06548
529.88561
526.61239
523.24436
519.78043
516.21947
512.56039
508.80255
504.94479
500.98705
496.92809
492.76853
488.50698
484.14494
479.68073
475.11688
470.45136
465.68788
460.82396
455.86462
450.80689
445.65712
440.41193
435.07893
429.65445
424.1472
418.55344
412.88277
407.13151
401.31008
395.41477
389.45718
383.43269
377.35548
371.21778
365.03954
358.80537
352.5467
346.23326
339.91658
333.54152
327.19045
320.7721
314.41068
307.96814
301.62031
295.1728
288.86327
282.42774
276.18462
269.77266
263.62918
257.24724
251.23647
244.89518
239.03645
232.76418
227.05607
220.89044
215.33874
209.28153
203.9449
197.94257
192.89897
186.93311
182.16882
176.31358
171.78794
166.02747
161.85684
156.06753
152.31726
146.53403
143.1759
137.34449
134.4913
127.48736
577.84224
576.12791
574.35217
572.51353
570.60995
568.63992
566.60135
564.49276
562.31202
560.05766
557.72754
555.32023
552.83359
550.26624
547.61609
544.88181
542.06138
539.15353
536.15638
533.06872
529.88884
526.61561
523.24756
519.78359
516.22259
512.56347
508.80557
504.94776
500.98996
496.93093
492.77131
488.50968
484.14756
479.68327
475.11934
470.45373
465.69016
460.82615
455.86671
450.80889
445.65902
440.41374
435.08064
429.65606
424.14872
418.55486
412.88409
407.13273
401.31121
395.41581
389.45812
383.43354
377.35624
371.21846
365.04013
358.80586
352.54712
346.23359
339.91683
333.54169
327.19054
320.77211
314.41061
307.96801
301.62011
295.17253
288.86293
282.42734
276.18414
269.77213
263.62858
257.24659
251.23576
244.8944
239.03563
232.76329
227.05514
220.88945
215.3377
209.28043
203.94375
197.94137
192.89772
186.9318
182.16748
176.31217
171.78648
166.02597
161.85528
156.06591
152.3156
146.53231
143.17412
137.34265
134.48941
127.48532
577.84479
576.13052
574.35484
572.51626
570.61273
568.64276
566.60426
564.49572
562.31504
560.06073
557.73067
555.3234
552.83681
550.2695
547.61939
544.88513
542.06473
539.1569
536.15975
533.0721
529.89221
526.61896
523.25089
519.7869
516.22586
512.5667
508.80876
504.95089
500.99303
496.93393
492.77424
488.51254
484.15035
479.68597
475.12196
470.45626
465.6926
460.8285
455.86896
450.81105
445.66108
440.4157
435.08251
429.65783
424.15039
418.55643
412.88557
407.13411
401.3125
395.417
389.45922
383.43454
377.35715
371.21927
365.04086
358.80651
352.54767
346.23406
339.91722
333.542
327.19077
320.77227
314.4107
307.96803
301.62005
295.17241
288.86274
282.42709
276.18383
269.77177
263.62815
257.24611
251.23521
244.89381
239.03499
232.76259
227.05439
220.88865
215.33685
209.27954
203.94281
197.94039
192.8967
186.93073
182.16638
176.31101
171.78528
166.02473
161.85399
156.06458
152.31424
146.53089
143.17266
137.34115
134.48787
127.48365
577.84746
576.13324
574.35761
572.51909
570.61562
568.64571
566.60727
564.49879
562.31817
560.06392
557.7339
555.32669
552.84014
550.27288
547.6228
544.88858
542.06819
539.16038
536.16325
533.0756
529.89572
526.62246
523.25437
519.79034
516.22928
512.57008
508.81209
504.95418
500.99625
496.93709
492.77734
488.51556
484.15329
479.68883
475.12473
470.45895
465.6952
460.831
455.87137
450.81336
445.6633
440.41782
435.08452
429.65975
424.15221
418.55814
412.88718
407.13563
401.31391
395.41831
389.46044
383.43567
377.35818
371.22021
365.0417
358.80727
352.54835
346.23466
339.91772
333.54243
327.19113
320.77255
314.4109
307.96816
301.62012
295.17241
288.86268
282.42697
276.18364
269.77152
263.62785
257.24575
251.2348
244.89335
239.03448
232.76203
227.0538
220.888
215.33617
209.27882
203.94203
197.93958
192.89585
186.92984
182.16546
176.31004
171.78428
166.0237
161.85292
156.06347
152.3131
146.52971
143.17145
137.3399
134.48659
127.48225
577.85023
576.13607
574.3605
572.52203
570.61862
568.64877
566.61038
564.50197
562.3214
560.0672
557.73724
555.33008
552.84358
550.27636
547.62632
544.89213
542.07178
539.16399
536.16687
533.07923
529.89934
526.62608
523.25797
519.79393
516.23284
512.5736
508.81557
504.9576
500.99962
496.9404
492.78058
488.51873
484.15638
479.69184
475.12766
470.46178
465.69794
460.83365
455.87392
450.81581
445.66565
440.42007
435.08667
429.66179
424.15415
418.55998
412.88891
407.13726
401.31544
395.41974
389.46177
383.4369
377.35932
371.22126
365.04265
358.80813
352.54912
346.23534
339.91833
333.54296
327.19157
320.77292
314.4112
307.96839
301.62027
295.1725
288.8627
282.42693
276.18354
269.77138
263.62764
257.2455
251.23449
244.89299
239.03407
232.76158
227.0533
220.88746
215.33559
209.2782
203.94138
197.93889
192.89513
186.92907
182.16467
176.30922
171.78343
166.02282
161.852
156.06253
152.31213
146.52871
143.17042
137.33884
134.4855
127.48105
577.85312
576.13901
574.36349
572.52508
570.62173
568.65194
566.61361
564.50525
562.32474
560.0706
557.74069
555.33358
552.84713
550.27995
547.62995
544.8958
542.07547
539.16771
536.17061
533.08297
529.90309
526.62982
523.26171
519.79764
516.23653
512.57726
508.81918
504.96117
501.00314
496.94385
492.78396
488.52204
484.15962
479.69499
475.13072
470.46476
465.70082
460.83644
455.87661
450.8184
445.66813
440.42245
435.08894
429.66396
424.15621
418.56194
412.89076
407.139
401.31708
395.42128
389.46319
383.43823
377.36054
371.22239
365.04369
358.80907
352.54997
346.23611
339.919
333.54356
327.19208
320.77336
314.41156
307.96868
301.62049
295.17266
288.86279
282.42696
276.18351
269.77129
263.62749
257.24531
251.23424
244.8927
239.03374
232.7612
227.05289
220.887
215.33509
209.27767
203.9408
197.93829
192.89449
186.9284
182.16398
176.30849
171.78267
166.02205
161.85119
156.0617
152.31128
146.52784
143.16952
137.33792
134.48456
127.48001
577.85612
576.14206
574.3666
572.52825
570.62495
568.65521
566.61694
564.50864
562.32818
560.0741
557.74424
555.33718
552.85078
550.28365
547.63369
544.89957
542.07928
539.17154
536.17446
533.08684
529.90696
526.63369
523.26557
519.80149
516.24034
512.58105
508.82293
504.96487
501.00679
496.94744
492.78748
488.5255
484.16299
479.69829
475.13393
470.46787
465.70384
460.83936
455.87943
450.82111
445.67074
440.42495
435.09133
429.66624
424.15838
418.56399
412.89271
407.14084
401.31881
395.4229
389.46471
383.43964
377.36185
371.2236
365.0448
358.81009
352.55089
346.23694
339.91974
333.54421
327.19265
320.77386
314.41197
307.96903
301.62076
295.17286
288.86292
282.42704
276.18352
269.77126
263.62739
257.24516
251.23404
244.89246
239.03345
232.76086
227.05252
220.88659
215.33464
209.2772
203.94028
197.93776
192.89392
186.9278
182.16336
176.30783
171.78199
166.02136
161.85047
156.06096
152.31052
146.52706
143.16871
137.3371
134.48372
127.47908
577.85923
576.14522
574.36982
572.53152
570.62828
568.6586
566.62038
564.51213
562.33173
560.0777
557.7479
555.34089
552.85454
550.28745
547.63753
544.90345
542.08319
539.17548
536.17842
533.09081
529.91095
526.63768
523.26955
519.80545
516.24429
512.58496
508.82681
504.96871
501.01057
496.95117
492.79115
488.52909
484.1665
479.70171
475.13727
470.47112
465.70699
460.84241
455.88237
450.82395
445.67347
440.42756
435.09384
429.66863
424.16065
418.56616
412.89475
407.14277
401.32062
395.4246
389.4663
383.44113
377.36323
371.22487
365.04597
358.81116
352.55186
346.23782
339.92053
333.54491
327.19326
320.77439
314.41242
307.9694
301.62106
295.1731
288.86308
282.42715
276.18355
269.77124
263.62731
257.24504
251.23387
244.89224
239.03319
232.76055
227.05218
220.8862
215.33422
209.27675
203.93979
197.93725
192.89338
186.92723
182.16278
176.30722
171.78136
166.02072
161.84978
156.06027
152.30981
146.52633
143.16796
137.33636
134.48295
127.47823
577.86246
576.1485
574.37315
572.5349
570.63172
568.66209
566.62393
564.51574
562.33539
560.08141
557.75166
555.34471
552.8584
550.29136
547.64148
544.90744
542.08722
539.17953
536.1825
533.09491
529.91505
526.64178
523.27365
519.80955
516.24836
512.58901
508.83082
504.97268
501.01449
496.95503
492.79494
488.53281
484.17015
479.70528
475.14074
470.4745
465.71027
460.84558
455.88544
450.82691
445.67632
440.43029
435.09645
429.67112
424.16303
418.56841
412.89689
407.14479
401.32252
395.42639
389.46797
383.44268
377.36467
371.2262
365.04719
358.81228
352.55288
346.23874
339.92135
333.54565
327.1939
320.77495
314.41289
307.96981
301.62138
295.17335
288.86326
282.42727
276.1836
269.77125
263.62724
257.24493
251.2337
244.89203
239.03294
232.76025
227.05184
220.88583
215.33381
209.27632
203.93931
197.93676
192.89285
186.92667
182.16222
176.30662
171.78074
166.0201
161.84913
156.05961
152.30914
146.52565
143.16726
137.33565
134.48222
127.47743
577.8658
576.1519
574.3766
572.5384
570.63527
568.6657
566.62759
564.51945
562.33916
560.08524
557.75554
555.34863
552.86237
550.29538
547.64555
544.91155
542.09135
539.1837
536.18669
533.09912
529.91927
526.64601
523.27788
519.81377
516.25256
512.59319
508.83497
504.97678
501.01854
496.95903
492.79888
488.53667
484.17393
479.70898
475.14435
470.47801
465.71368
460.84889
455.88864
450.82999
445.67928
440.43314
435.09917
429.67372
424.1655
418.57076
412.89911
407.14689
401.3245
395.42824
389.4697
383.44429
377.36616
371.22759
365.04846
358.81344
352.55393
346.2397
339.9222
333.54641
327.19457
320.77553
314.41338
307.97022
301.62171
295.17361
288.86344
282.42739
276.18365
269.77125
263.62718
257.24482
251.23353
244.89181
239.03268
232.75994
227.0515
220.88545
215.33339
209.27588
203.93883
197.93626
192.89232
186.92612
182.16165
176.30603
171.78012
166.01948
161.84848
156.05896
152.30848
146.52497
143.16656
137.33496
134.48152
127.47665
577.86927
576.15542
574.38016
572.54202
570.63894
568.66942
566.63137
564.52328
562.34304
560.08917
557.75953
555.35267
552.86646
550.29952
547.64973
544.91576
542.09561
539.18798
536.191
533.10345
529.92362
526.65037
523.28223
519.81811
516.2569
512.59749
508.83924
504.98102
501.02273
496.96316
492.80295
488.54067
484.17785
479.71281
475.14809
470.48166
465.71722
460.85232
455.89196
450.83319
445.68236
440.43609
435.102
429.67642
424.16807
418.5732
412.90143
407.14907
401.32655
395.43016
389.4715
383.44597
377.36771
371.22902
365.04977
358.81464
352.55501
346.24068
339.92307
333.54719
327.19524
320.77612
314.41388
307.97063
301.62204
295.17387
288.86362
282.42751
276.18369
269.77124
263.62709
257.2447
251.23334
244.89158
239.0324
232.75962
227.05115
220.88504
215.33296
209.27542
203.93832
197.93575
192.89177
186.92555
182.16107
176.30542
171.7795
166.01886
161.84782
156.0583
152.30781
146.52429
143.16587
137.33427
134.48082
127.47588
577.87286
576.15906
574.38386
572.54577
570.64274
568.67327
566.63527
564.52724
562.34705
560.09323
557.76364
555.35683
552.87067
550.30377
547.65402
544.9201
542.09998
539.19239
536.19543
533.10791
529.92809
526.65485
523.28671
519.82259
516.26136
512.60194
508.84366
504.98539
501.02706
496.96744
492.80716
488.54481
484.18192
479.71679
475.15198
470.48544
465.7209
460.85588
455.8954
450.83651
445.68556
440.43916
435.10494
429.67923
424.17074
418.57573
412.90382
407.15133
401.32867
395.43215
389.47335
383.44769
377.36931
371.23049
365.05111
358.81588
352.55612
346.24168
339.92396
333.54798
327.19593
320.77671
314.41437
307.97105
301.62236
295.17412
288.86378
282.42761
276.18371
269.77121
263.62698
257.24455
251.23312
244.89132
239.03209
232.75926
227.05076
220.88461
215.33249
209.27494
203.93779
197.93521
192.8912
186.92494
182.16047
176.30478
171.77884
166.01821
161.84713
156.05762
152.30712
146.5236
143.16515
137.33357
134.4801
127.4751
577.87659
576.16283
574.38768
572.54964
570.64666
568.67725
566.6393
564.53132
562.35119
560.09742
557.76788
555.36112
552.87501
550.30815
547.65845
544.92457
542.10449
539.19693
536.2
533.1125
529.9327
526.65947
523.29134
519.82721
516.26597
512.60652
508.84821
504.98992
501.03154
496.97186
492.81152
488.5491
484.18612
479.72091
475.156
470.48936
465.72471
460.85958
455.89898
450.83997
445.68888
440.44235
435.10799
429.68214
424.17351
418.57836
412.90631
407.15367
401.33087
395.43421
389.47527
383.44947
377.37095
371.232
365.0525
358.81714
352.55726
346.2427
339.92487
333.54878
327.19661
320.77731
314.41486
307.97145
301.62266
295.17435
288.86392
282.42769
276.1837
269.77115
263.62685
257.24437
251.23287
244.89103
239.03175
232.75887
227.05034
220.88414
215.33199
209.27441
203.93721
197.93463
192.89058
186.9243
182.15982
176.3041
171.77815
166.01753
161.84641
156.0569
152.3064
146.52287
143.16441
137.33284
134.47937
127.4743
577.88046
576.16675
574.39165
572.55366
570.65073
568.68137
566.64347
564.53554
562.35546
560.10175
557.77226
555.36555
552.87949
550.31268
547.66302
544.92918
542.10914
539.20161
536.20471
533.11723
529.93745
526.66423
523.29611
519.83198
516.27073
512.61126
508.85293
504.99459
501.03617
496.97644
492.81603
488.55355
484.19049
479.72518
475.16018
470.49343
465.72867
460.86342
455.9027
450.84355
445.69233
440.44566
435.11116
429.68516
424.17639
418.58109
412.90888
407.15609
401.33315
395.43634
389.47725
383.45131
377.37265
371.23356
365.05392
358.81843
352.55842
346.24375
339.92578
333.54958
327.1973
320.7779
314.41534
307.97184
301.62295
295.17456
288.86404
282.42774
276.18366
269.77106
263.62667
257.24415
251.23258
244.89069
239.03137
232.75843
227.04987
220.88362
215.33143
209.27384
203.93658
197.93401
192.88991
186.92362
182.15914
176.30338
171.77742
166.0168
161.84564
156.05615
152.30564
146.5221
143.16363
137.33208
134.47859
127.47346
577.88448
576.17082
574.39577
572.55783
570.65495
568.68564
566.64779
564.53992
562.35989
560.10623
557.77679
555.37013
552.88412
550.31736
547.66775
544.93395
542.11394
539.20646
536.20959
533.12213
529.94237
526.66916
523.30104
519.83691
516.27565
512.61617
508.85781
504.99944
501.04098
496.98119
492.82072
488.55816
484.19502
479.72963
475.16452
470.49767
465.73279
460.86742
455.90656
450.84728
445.69592
440.4491
435.11445
429.6883
424.17937
418.58392
412.91155
407.15861
401.33551
395.43854
389.4793
383.45321
377.37439
371.23517
365.05537
358.81975
352.5596
346.2448
339.92671
333.5504
327.19799
320.77848
314.41581
307.97222
301.62323
295.17475
288.86413
282.42776
276.18359
269.77093
263.62646
257.24389
251.23225
244.89031
239.03093
232.75794
227.04935
220.88305
215.33083
209.27321
203.9359
197.93333
192.88919
186.92287
182.15839
176.3026
171.77663
166.01603
161.84483
156.05534
152.30483
146.52129
143.1628
137.33127
134.47777
127.47259
577.88867
576.17506
574.40006
572.56217
570.65934
568.69008
566.65229
564.54447
562.3645
560.11089
557.7815
555.37489
552.88893
550.32222
547.67265
544.9389
542.11893
539.21148
536.21464
533.12721
529.94747
526.67428
523.30617
519.84204
516.28077
512.62127
508.86289
505.00448
501.04597
496.98613
492.8256
488.56296
484.19974
479.73425
475.16904
470.50208
465.73708
460.87158
455.91059
450.85117
445.69966
440.45269
435.11788
429.69157
424.18248
418.58686
412.91433
407.16122
401.33796
395.44083
389.48142
383.45518
377.3762
371.23682
365.05688
358.82111
352.56081
346.24589
339.92765
333.55122
327.19868
320.77906
314.41627
307.97258
301.62348
295.17492
288.8642
282.42776
276.18349
269.77077
263.6262
257.24359
251.23187
244.88988
239.03045
232.7574
227.04878
220.88243
215.33017
209.27253
203.93516
197.9326
192.88842
186.92207
182.1576
176.30177
171.77578
166.0152
161.84395
156.05448
152.30396
146.52042
143.16192
137.33041
134.47691
127.47166
577.89305
576.17949
574.40454
572.5667
570.66393
568.69472
566.65698
564.54922
562.3693
560.11574
557.78641
555.37986
552.89394
550.32728
547.67776
544.94405
542.12412
539.21671
536.2199
533.1325
529.95278
526.67961
523.3115
519.84737
516.2861
512.62659
508.86818
505.00974
501.05118
496.99129
492.83069
488.56798
484.20467
479.73908
475.17377
470.50669
465.74157
460.87593
455.9148
450.85523
445.70357
440.45644
435.12147
429.69499
424.18573
418.58994
412.91724
407.16395
401.34051
395.44321
389.48364
383.45722
377.37808
371.23854
365.05843
358.82252
352.56207
346.247
339.92862
333.55206
327.19939
320.77965
314.41674
307.97294
301.62372
295.17507
288.86424
282.42772
276.18335
269.77057
263.62591
257.24325
251.23145
244.88941
239.02992
232.75681
227.04816
220.88175
215.32946
209.2718
203.93437
197.93181
192.88758
186.92121
182.15674
176.30087
171.77488
166.01431
161.84302
156.05357
152.30304
146.5195
143.16099
137.3295
134.47599
127.47069
577.89754
576.18403
574.40913
572.57134
570.66862
568.69947
566.66178
564.55407
562.3742
560.1207
557.79142
555.38492
552.89906
550.33245
547.68298
544.94931
542.12943
539.22205
536.22528
533.13791
529.95822
526.68506
523.31696
519.85284
516.29155
512.63203
508.87359
505.01512
501.05652
496.99658
492.83591
488.57313
484.20973
479.74405
475.17862
470.51143
465.74618
460.88041
455.91913
450.85941
445.70758
440.46029
435.12515
429.6985
424.18906
418.59309
412.92021
407.16674
401.34312
395.44564
389.48588
383.45929
377.37997
371.24027
365.05999
358.82392
352.5633
346.2481
339.92955
333.55287
327.20005
320.78019
314.41714
307.97324
301.62389
295.17515
288.8642
282.42761
276.18312
269.77028
263.62552
257.2428
251.23092
244.88882
239.02928
232.7561
227.04742
220.88095
215.32861
209.27094
203.93344
197.93089
192.88661
186.92022
182.15575
176.29984
171.77383
166.01328
161.84194
156.05251
152.30198
146.51844
143.15991
137.32845
134.47493
127.46957
)
;

boundaryField
{
    inlet
    {
        type            fixedValue;
        value           uniform 1000;
    }
    outlet
    {
        type            inletOutlet;
        inletValue      uniform 1000;
        value           nonuniform List<scalar> 
80
(
180988.2
68823.895
37644.143
25028.31
18381.586
14327.336
11613.768
9678.1558
8232.285
7113.9593
6225.1745
5503.3294
4906.6137
4406.0633
3980.9918
3616.2383
3300.4433
3024.9311
2782.9637
2569.231
2379.4935
2210.327
2058.9376
1923.0245
1800.6786
1690.3038
1590.5587
1500.31
1418.5984
1344.6103
1277.6571
1217.1614
1162.6501
1113.7036
1069.8352
1030.5146
995.23863
963.50177
934.75411
908.34751
883.47833
859.14946
834.18514
807.32161
777.41024
744.07195
709.15665
672.85347
629.69195
555.17877
393.22743
220.79093
144.65914
129.52355
127.67128
127.53927
127.51708
127.50821
127.50184
127.49689
127.49298
127.48986
127.48736
127.48532
127.48365
127.48225
127.48105
127.48001
127.47908
127.47823
127.47743
127.47665
127.47588
127.4751
127.4743
127.47346
127.47259
127.47166
127.47069
127.46957
)
;
    }
    top
    {
        type            zeroGradient;
    }
    upstreamWall
    {
        type            symmetryPlane;
    }
    plate
    {
        type            omegaWallFunction;
        blending        binomial;
        n               2;
        value           nonuniform List<scalar> 
96
(
145139.09
235901.18
272934.02
268559.68
255172.16
244585.89
243959.54
245676.74
248433.12
249106.4
248692.8
247532.96
245986.49
244338.36
242616.08
240845.82
239110.37
237421.28
235775.77
234184.27
232652.17
231175.24
229776.04
228438.92
227148.19
225900.93
224695.95
223537.49
222428.67
221353.86
220311.8
219297.4
218319.35
217369.98
216447.95
215547.49
214671.06
213819.59
212986.81
212173.14
211378.3
210602.34
209840.47
209093.6
208362.69
207645.83
206940.76
206248.81
205569.38
204900.65
204242.68
203595.18
202957.07
202328.94
201709
201097.78
200495.44
199899.86
199312.33
198732.3
198158.77
197592.26
197031.99
196478.38
195930.15
195388.89
194852.35
194321.91
193796.48
193276.51
192760.95
192251.24
191745.09
191244.95
190747.82
190256.7
189767.96
189285.62
188804.77
188330.88
187857.6
187391.64
186925.63
186467.4
186008.17
185557.56
185104.7
184661.44
184214.71
183778.62
183336.87
182908.32
182473.01
182028.75
181680.44
180988.2
)
;
    }
    frontAndBack
    {
        type            empty;
    }
}


// ************************************************************************* //
