/*--------------------------------*- C++ -*----------------------------------*\
| =========                 |                                                 |
| \\      /  F ield         | OpenFOAM: The Open Source CFD Toolbox           |
|  \\    /   O peration     | Version:  2512                                  |
|   \\  /    A nd           | Website:  www.openfoam.com                      |
|    \\/     M anipulation  |                                                 |
\*---------------------------------------------------------------------------*/
FoamFile
{
    version     2.0;
    format      ascii;
    arch        "LSB;label=32;scalar=64";
    class       volScalarField;
    location    "0.149987";
    object      rho;
}
// * * * * * * * * * * * * * * * * * * * * * * * * * * * * * * * * * * * * * //

dimensions      [1 -3 0 0 0 0 0];

internalField   nonuniform List<scalar> 
8800
(
1.1989658
1.198969
1.1989762
1.1989849
1.1989963
1.1990074
1.1990214
1.1990346
1.1990515
1.199067
1.1990899
1.1991022
1.1991779
1.1991105
1.1989658
1.198969
1.1989762
1.1989849
1.1989963
1.1990074
1.1990214
1.1990346
1.1990515
1.1990673
1.1990893
1.1991113
1.1991264
1.1992601
1.1989658
1.198969
1.1989762
1.1989849
1.1989963
1.1990074
1.1990214
1.1990346
1.1990514
1.1990676
1.1990889
1.1991139
1.1991298
1.1992034
1.1989658
1.198969
1.1989762
1.1989849
1.1989963
1.1990074
1.1990214
1.1990346
1.1990514
1.199068
1.1990884
1.1991144
1.1991373
1.1991915
1.1989658
1.198969
1.1989762
1.1989849
1.1989963
1.1990074
1.1990214
1.1990346
1.1990514
1.1990682
1.1990882
1.1991143
1.1991401
1.1991877
1.1989658
1.198969
1.1989762
1.1989849
1.1989963
1.1990074
1.1990214
1.1990346
1.1990514
1.1990682
1.1990884
1.1991137
1.1991404
1.199185
1.1989658
1.198969
1.1989762
1.1989849
1.1989963
1.1990074
1.1990214
1.1990346
1.1990514
1.1990681
1.1990886
1.1991132
1.1991401
1.1991818
1.1989658
1.198969
1.1989762
1.1989849
1.1989963
1.1990074
1.1990214
1.1990346
1.1990514
1.199068
1.1990887
1.1991127
1.1991396
1.1991782
1.1989658
1.198969
1.1989762
1.1989849
1.1989963
1.1990074
1.1990214
1.1990346
1.1990513
1.1990679
1.1990886
1.1991123
1.1991391
1.1991746
1.1989658
1.198969
1.1989762
1.1989849
1.1989963
1.1990074
1.1990214
1.1990346
1.1990513
1.1990678
1.1990885
1.1991117
1.1991384
1.1991709
1.1989658
1.198969
1.1989762
1.1989849
1.1989963
1.1990074
1.1990214
1.1990346
1.1990513
1.1990678
1.1990883
1.1991111
1.1991375
1.1991673
1.1989658
1.198969
1.1989762
1.1989849
1.1989963
1.1990074
1.1990214
1.1990346
1.1990512
1.1990677
1.1990881
1.1991104
1.1991364
1.1991635
1.1989658
1.198969
1.1989762
1.1989849
1.1989963
1.1990074
1.1990213
1.1990346
1.1990512
1.1990676
1.1990879
1.1991097
1.1991352
1.1991598
1.1989658
1.198969
1.1989762
1.1989849
1.1989963
1.1990074
1.1990213
1.1990345
1.1990512
1.1990674
1.1990877
1.1991089
1.1991338
1.199156
1.1989658
1.198969
1.1989762
1.1989849
1.1989963
1.1990074
1.1990213
1.1990345
1.1990511
1.1990672
1.1990874
1.199108
1.1991322
1.1991522
1.1989658
1.198969
1.1989762
1.1989849
1.1989963
1.1990074
1.1990213
1.1990345
1.199051
1.199067
1.1990871
1.199107
1.1991305
1.1991484
1.1989658
1.198969
1.1989761
1.1989849
1.1989963
1.1990073
1.1990213
1.1990344
1.199051
1.1990668
1.1990868
1.199106
1.1991286
1.1991446
1.1989658
1.198969
1.1989761
1.1989849
1.1989963
1.1990073
1.1990213
1.1990344
1.1990509
1.1990666
1.1990864
1.1991048
1.1991266
1.1991408
1.1989658
1.198969
1.1989761
1.1989849
1.1989963
1.1990073
1.1990212
1.1990343
1.1990508
1.1990663
1.1990859
1.1991038
1.1991242
1.1991369
1.1989658
1.198969
1.1989761
1.1989848
1.1989962
1.1990073
1.1990212
1.1990343
1.1990506
1.199066
1.1990853
1.1991027
1.1991217
1.199133
1.1989658
1.198969
1.1989761
1.1989848
1.1989962
1.1990073
1.1990212
1.1990342
1.1990505
1.1990657
1.1990847
1.1991015
1.199119
1.1991291
1.1989658
1.198969
1.1989761
1.1989849
1.1989962
1.1990073
1.1990211
1.1990341
1.1990504
1.1990654
1.199084
1.1991002
1.1991162
1.1991252
1.1989658
1.198969
1.1989761
1.1989849
1.1989962
1.1990073
1.1990211
1.199034
1.1990502
1.1990652
1.199083
1.1990988
1.1991133
1.1991212
1.1989658
1.198969
1.1989761
1.1989849
1.1989962
1.1990073
1.199021
1.199034
1.1990499
1.199065
1.1990819
1.1990972
1.1991103
1.1991173
1.1989658
1.198969
1.1989761
1.1989851
1.198996
1.1990075
1.1990207
1.1990342
1.1990493
1.1990648
1.1990807
1.1990955
1.1991073
1.1991134
1.1989658
1.198969
1.198976
1.1989853
1.1989956
1.1990079
1.1990202
1.1990345
1.1990487
1.1990644
1.1990795
1.1990937
1.1991042
1.1991095
1.1989658
1.198969
1.1989759
1.1989854
1.1989954
1.199008
1.1990199
1.1990346
1.1990482
1.1990641
1.1990782
1.1990918
1.199101
1.1991056
1.1989658
1.198969
1.1989758
1.1989854
1.1989954
1.199008
1.1990198
1.1990345
1.1990477
1.1990636
1.1990769
1.1990899
1.1990979
1.1991018
1.1989658
1.198969
1.1989758
1.1989854
1.1989953
1.1990079
1.1990197
1.1990343
1.1990472
1.199063
1.1990755
1.1990877
1.1990946
1.1990979
1.1989658
1.198969
1.1989757
1.1989854
1.1989953
1.1990079
1.1990195
1.1990341
1.1990467
1.1990622
1.199074
1.1990855
1.1990914
1.1990942
1.1989658
1.198969
1.1989757
1.1989853
1.1989952
1.1990078
1.1990194
1.1990338
1.1990463
1.1990613
1.1990724
1.1990831
1.1990881
1.1990904
1.1989658
1.198969
1.1989757
1.1989853
1.1989952
1.1990077
1.1990193
1.1990336
1.1990458
1.1990603
1.1990708
1.1990807
1.1990849
1.1990867
1.1989657
1.198969
1.1989757
1.1989853
1.1989952
1.1990077
1.1990191
1.1990333
1.1990452
1.1990593
1.1990691
1.1990782
1.1990817
1.1990831
1.1989657
1.198969
1.1989757
1.1989853
1.1989951
1.1990076
1.1990189
1.199033
1.1990449
1.199058
1.1990676
1.1990754
1.1990786
1.1990795
1.1989657
1.1989689
1.1989757
1.1989853
1.1989951
1.1990075
1.1990188
1.1990326
1.1990444
1.1990567
1.1990659
1.1990727
1.1990755
1.199076
1.1989657
1.1989689
1.1989757
1.1989852
1.1989951
1.1990074
1.1990188
1.1990319
1.1990438
1.1990553
1.199064
1.1990699
1.1990723
1.1990726
1.1989657
1.1989689
1.1989758
1.198985
1.1989953
1.1990069
1.1990189
1.1990313
1.1990432
1.1990538
1.1990621
1.1990671
1.1990692
1.1990692
1.1989657
1.1989689
1.1989759
1.1989846
1.1989956
1.1990065
1.1990188
1.1990306
1.1990424
1.1990523
1.19906
1.1990644
1.1990661
1.1990659
1.1989657
1.1989689
1.1989759
1.1989845
1.1989956
1.1990061
1.1990187
1.19903
1.1990416
1.1990508
1.1990579
1.1990616
1.199063
1.1990626
1.1989657
1.1989689
1.1989759
1.1989844
1.1989955
1.1990058
1.1990185
1.1990293
1.1990407
1.1990492
1.1990558
1.1990589
1.19906
1.1990595
1.1989657
1.1989689
1.1989759
1.1989843
1.1989954
1.1990056
1.1990181
1.1990286
1.1990396
1.1990475
1.1990535
1.1990561
1.199057
1.1990564
1.1989656
1.1989688
1.1989758
1.1989842
1.1989952
1.1990054
1.1990177
1.1990279
1.1990385
1.1990458
1.1990512
1.1990534
1.199054
1.1990533
1.1989656
1.1989688
1.1989758
1.1989842
1.1989951
1.1990053
1.1990172
1.1990273
1.1990371
1.199044
1.1990488
1.1990507
1.1990511
1.1990504
1.1989656
1.1989688
1.1989757
1.1989841
1.198995
1.1990052
1.1990166
1.1990266
1.1990358
1.1990422
1.1990464
1.199048
1.1990482
1.1990474
1.1989656
1.1989688
1.1989757
1.1989842
1.1989946
1.199005
1.1990159
1.1990258
1.1990343
1.1990404
1.199044
1.1990453
1.1990454
1.1990446
1.1989655
1.1989687
1.1989755
1.1989843
1.1989943
1.1990048
1.1990153
1.1990249
1.1990328
1.1990384
1.1990415
1.1990426
1.1990426
1.1990418
1.1989655
1.1989687
1.1989752
1.1989844
1.1989939
1.1990046
1.1990146
1.199024
1.1990313
1.1990364
1.1990391
1.19904
1.1990398
1.1990391
1.1989655
1.1989687
1.1989751
1.1989843
1.1989936
1.1990043
1.1990139
1.1990229
1.1990297
1.1990344
1.1990366
1.1990374
1.1990371
1.1990364
1.1989654
1.1989686
1.198975
1.1989841
1.1989933
1.1990039
1.1990131
1.1990218
1.199028
1.1990323
1.1990342
1.1990347
1.1990345
1.1990338
1.1989654
1.1989686
1.1989749
1.198984
1.1989929
1.1990034
1.1990122
1.1990206
1.1990263
1.1990302
1.1990317
1.1990322
1.1990318
1.1990312
1.1989653
1.1989685
1.1989748
1.1989838
1.1989926
1.1990029
1.1990114
1.1990193
1.1990245
1.199028
1.1990292
1.1990296
1.1990292
1.1990287
1.1989653
1.1989684
1.1989747
1.1989836
1.1989923
1.1990023
1.1990105
1.1990179
1.1990227
1.1990258
1.1990268
1.1990271
1.1990266
1.1990262
1.1989652
1.1989684
1.1989745
1.1989834
1.1989921
1.1990016
1.1990096
1.1990165
1.1990209
1.1990235
1.1990244
1.1990245
1.1990241
1.1990237
1.1989652
1.1989683
1.1989745
1.198983
1.1989918
1.1990008
1.1990086
1.1990149
1.199019
1.1990213
1.199022
1.199022
1.1990216
1.1990212
1.1989651
1.1989682
1.1989745
1.1989826
1.1989914
1.199
1.1990075
1.1990134
1.1990171
1.199019
1.1990196
1.1990196
1.1990192
1.1990188
1.198965
1.1989681
1.1989744
1.1989822
1.1989909
1.1989992
1.1990064
1.1990117
1.1990151
1.1990167
1.1990172
1.1990171
1.1990168
1.1990164
1.1989649
1.1989679
1.1989742
1.1989818
1.1989904
1.1989983
1.1990052
1.19901
1.1990131
1.1990144
1.1990148
1.1990147
1.1990143
1.199014
1.1989648
1.1989678
1.198974
1.1989814
1.1989899
1.1989973
1.1990039
1.1990083
1.199011
1.1990121
1.1990124
1.1990123
1.1990119
1.1990116
1.1989647
1.1989677
1.1989738
1.198981
1.1989893
1.1989963
1.1990025
1.1990065
1.1990089
1.1990098
1.1990101
1.1990099
1.1990096
1.1990093
1.1989646
1.1989675
1.1989735
1.1989805
1.1989886
1.1989953
1.199001
1.1990046
1.1990068
1.1990075
1.1990077
1.1990075
1.1990072
1.1990069
1.1989644
1.1989673
1.1989732
1.19898
1.1989878
1.1989942
1.1989995
1.1990027
1.1990046
1.1990052
1.1990054
1.1990051
1.1990049
1.1990046
1.1989643
1.1989671
1.1989728
1.1989795
1.1989869
1.198993
1.1989979
1.1990008
1.1990024
1.1990029
1.199003
1.1990028
1.1990025
1.1990023
1.1989641
1.1989669
1.1989724
1.198979
1.1989859
1.1989918
1.1989962
1.1989989
1.1990002
1.1990006
1.1990007
1.1990004
1.1990002
1.199
1.1989639
1.1989666
1.198972
1.1989784
1.1989849
1.1989904
1.1989945
1.1989969
1.198998
1.1989983
1.1989983
1.1989981
1.1989979
1.1989977
1.1989637
1.1989664
1.1989715
1.1989777
1.1989839
1.198989
1.1989927
1.1989948
1.1989958
1.198996
1.198996
1.1989958
1.1989956
1.1989954
1.1989635
1.198966
1.1989709
1.198977
1.1989827
1.1989876
1.1989908
1.1989927
1.1989935
1.1989937
1.1989936
1.1989934
1.1989932
1.1989931
1.1989632
1.1989657
1.1989703
1.1989762
1.1989815
1.198986
1.1989889
1.1989906
1.1989912
1.1989914
1.1989913
1.1989911
1.1989909
1.1989908
1.198963
1.1989653
1.1989697
1.1989753
1.1989802
1.1989844
1.1989869
1.1989884
1.1989889
1.198989
1.1989889
1.1989888
1.1989886
1.1989884
1.1989627
1.1989649
1.198969
1.1989743
1.1989789
1.1989826
1.1989849
1.1989862
1.1989866
1.1989867
1.1989866
1.1989864
1.1989862
1.1989861
1.1989623
1.1989644
1.1989683
1.1989732
1.1989774
1.1989808
1.1989828
1.1989839
1.1989842
1.1989843
1.1989842
1.198984
1.1989839
1.1989838
1.1989619
1.1989639
1.1989676
1.198972
1.1989759
1.1989789
1.1989807
1.1989816
1.1989818
1.1989819
1.1989818
1.1989816
1.1989815
1.1989814
1.1989615
1.1989634
1.1989668
1.1989708
1.1989743
1.198977
1.1989785
1.1989792
1.1989794
1.1989794
1.1989793
1.1989792
1.1989791
1.198979
1.1989611
1.1989628
1.1989658
1.1989695
1.1989726
1.1989749
1.1989762
1.1989768
1.198977
1.198977
1.1989769
1.1989768
1.1989767
1.1989766
1.1989606
1.1989621
1.1989649
1.198968
1.1989708
1.1989727
1.1989738
1.1989743
1.1989745
1.1989745
1.1989744
1.1989743
1.1989742
1.1989741
1.1989601
1.1989614
1.1989638
1.1989665
1.1989689
1.1989705
1.1989714
1.1989718
1.1989719
1.1989719
1.1989718
1.1989717
1.1989717
1.1989716
1.1989595
1.1989606
1.1989626
1.1989649
1.1989669
1.1989682
1.1989689
1.1989692
1.1989693
1.1989693
1.1989692
1.1989691
1.1989691
1.198969
1.1989589
1.1989598
1.1989614
1.1989632
1.1989647
1.1989657
1.1989663
1.1989665
1.1989666
1.1989666
1.1989665
1.1989665
1.1989664
1.1989664
1.1989582
1.1989588
1.19896
1.1989613
1.1989625
1.1989632
1.1989636
1.1989638
1.1989638
1.1989638
1.1989637
1.1989637
1.1989637
1.1989636
1.1989575
1.1989579
1.1989586
1.1989594
1.1989601
1.1989605
1.1989608
1.1989609
1.1989609
1.1989609
1.1989609
1.1989608
1.1989608
1.1989608
1.1989567
1.1989568
1.1989571
1.1989574
1.1989576
1.1989577
1.1989578
1.1989578
1.1989578
1.1989578
1.1989578
1.1989578
1.1989578
1.1989578
1.1985493
1.1970573
1.1959052
1.1953844
1.1953769
1.1955324
1.1957955
1.1959657
1.1960444
1.1960317
1.196005
1.1959656
1.1959351
1.195904
1.1958776
1.1958533
1.1958347
1.1958197
1.1958076
1.1957965
1.195789
1.1957821
1.1957789
1.1957766
1.1957752
1.1957751
1.1957756
1.1957771
1.1957798
1.1957829
1.1957868
1.1957906
1.1957956
1.1958006
1.1958065
1.195812
1.1958184
1.1958247
1.1958317
1.1958384
1.1958457
1.195853
1.1958606
1.195868
1.1958758
1.1958836
1.1958915
1.1958995
1.1959076
1.1959156
1.1959237
1.1959319
1.19594
1.1959482
1.1959563
1.1959645
1.1959725
1.1959806
1.1959885
1.1959965
1.1960043
1.1960122
1.1960198
1.1960277
1.1960351
1.196043
1.1960502
1.1960581
1.1960651
1.1960729
1.1960797
1.1960875
1.1960941
1.1961019
1.1961084
1.196116
1.1961224
1.19613
1.1961362
1.1961438
1.1961498
1.1961574
1.1961633
1.1961708
1.1961765
1.196184
1.1961896
1.1961972
1.1962024
1.1962103
1.1962149
1.1962234
1.196228
1.1962375
1.196248
1.1962274
1.1996436
1.1995545
1.1991314
1.1983356
1.1974689
1.196751
1.1963516
1.1961711
1.1961032
1.1960491
1.1960291
1.1960029
1.1959805
1.1959518
1.1959279
1.1959048
1.1958862
1.1958694
1.1958543
1.1958409
1.1958308
1.1958214
1.1958159
1.195811
1.1958073
1.195805
1.1958035
1.1958032
1.1958043
1.1958058
1.1958081
1.1958106
1.1958144
1.1958182
1.195823
1.1958274
1.195833
1.1958384
1.1958446
1.1958505
1.1958572
1.1958637
1.1958707
1.1958776
1.1958848
1.1958921
1.1958995
1.1959071
1.1959147
1.1959224
1.1959302
1.195938
1.1959458
1.1959537
1.1959614
1.1959694
1.1959771
1.1959849
1.1959926
1.1960004
1.196008
1.1960157
1.1960231
1.1960309
1.1960381
1.1960458
1.1960529
1.1960606
1.1960675
1.1960752
1.1960819
1.1960896
1.1960961
1.1961037
1.1961101
1.1961177
1.196124
1.1961315
1.1961376
1.1961452
1.1961511
1.1961586
1.1961645
1.1961719
1.1961776
1.196185
1.1961905
1.1961981
1.1962032
1.1962111
1.1962157
1.1962242
1.1962287
1.1962382
1.1962485
1.1962281
1.1992862
1.1993326
1.1994008
1.1992771
1.1990848
1.1987709
1.1981799
1.197501
1.1969241
1.1965558
1.1963679
1.1962456
1.196173
1.1961118
1.1960674
1.1960275
1.195996
1.1959675
1.1959422
1.1959208
1.1959032
1.1958874
1.1958763
1.1958657
1.1958574
1.1958509
1.1958456
1.1958423
1.1958402
1.195839
1.1958387
1.195839
1.1958408
1.1958428
1.1958458
1.1958487
1.1958529
1.195857
1.195862
1.1958668
1.1958724
1.195878
1.1958841
1.1958901
1.1958967
1.1959032
1.19591
1.1959169
1.195924
1.1959312
1.1959384
1.1959458
1.1959531
1.1959606
1.195968
1.1959756
1.1959829
1.1959905
1.1959979
1.1960054
1.1960127
1.1960202
1.1960273
1.1960348
1.1960419
1.1960494
1.1960563
1.1960638
1.1960705
1.1960781
1.1960846
1.1960922
1.1960985
1.1961061
1.1961123
1.1961198
1.196126
1.1961334
1.1961394
1.1961469
1.1961528
1.1961602
1.1961659
1.1961733
1.1961789
1.1961863
1.1961917
1.1961992
1.1962043
1.1962121
1.1962167
1.1962251
1.1962296
1.1962391
1.1962492
1.1962288
1.1992454
1.1992221
1.1991631
1.1991249
1.1991149
1.1991048
1.1990538
1.198925
1.1985718
1.1980345
1.1974387
1.1969484
1.1966673
1.196484
1.1963626
1.1962659
1.196196
1.1961386
1.1960905
1.1960516
1.1960186
1.1959903
1.1959686
1.1959482
1.195932
1.1959183
1.1959069
1.1958984
1.1958912
1.1958857
1.1958816
1.1958785
1.1958773
1.1958764
1.1958768
1.1958775
1.1958797
1.1958819
1.1958851
1.1958883
1.1958926
1.1958968
1.1959017
1.1959066
1.1959121
1.1959177
1.1959236
1.1959297
1.195936
1.1959425
1.195949
1.1959558
1.1959625
1.1959695
1.1959764
1.1959835
1.1959904
1.1959975
1.1960045
1.1960116
1.1960186
1.1960258
1.1960326
1.1960399
1.1960466
1.1960539
1.1960605
1.1960679
1.1960743
1.1960817
1.196088
1.1960954
1.1961016
1.196109
1.1961151
1.1961225
1.1961285
1.1961358
1.1961417
1.196149
1.1961548
1.1961621
1.1961678
1.196175
1.1961806
1.1961879
1.1961932
1.1962006
1.1962057
1.1962134
1.1962179
1.1962262
1.1962307
1.1962401
1.19625
1.1962298
1.1992358
1.199202
1.1991225
1.1990552
1.1990292
1.1990431
1.1990651
1.1990816
1.1990424
1.1989684
1.1987553
1.1983765
1.1978461
1.1973391
1.1969823
1.196736
1.1965681
1.1964384
1.1963386
1.196262
1.1961977
1.1961457
1.1961045
1.1960677
1.1960387
1.1960133
1.1959923
1.1959755
1.1959607
1.1959488
1.195939
1.195931
1.1959254
1.1959204
1.1959174
1.1959148
1.1959142
1.1959138
1.1959147
1.1959157
1.1959181
1.1959205
1.1959238
1.1959272
1.1959314
1.1959357
1.1959405
1.1959455
1.1959508
1.1959563
1.1959621
1.1959681
1.1959741
1.1959803
1.1959866
1.1959931
1.1959994
1.196006
1.1960125
1.1960192
1.1960258
1.1960325
1.196039
1.1960459
1.1960523
1.1960593
1.1960656
1.1960727
1.1960789
1.196086
1.1960921
1.1960993
1.1961053
1.1961125
1.1961184
1.1961256
1.1961315
1.1961386
1.1961444
1.1961516
1.1961572
1.1961644
1.1961699
1.1961771
1.1961825
1.1961897
1.196195
1.1962023
1.1962073
1.1962149
1.1962194
1.1962276
1.196232
1.1962414
1.1962511
1.1962309
1.1992295
1.199195
1.1991141
1.199042
1.1990067
1.1990114
1.1990342
1.1990546
1.1990568
1.1990487
1.1990167
1.1989704
1.1988285
1.1985712
1.1981426
1.1976707
1.1972745
1.1969859
1.196774
1.1966146
1.1964858
1.196388
1.1963094
1.1962431
1.1961917
1.1961468
1.1961102
1.1960801
1.1960539
1.1960328
1.1960146
1.1959995
1.1959876
1.1959769
1.1959692
1.1959621
1.1959578
1.1959537
1.1959516
1.1959497
1.1959496
1.1959497
1.1959508
1.1959524
1.1959548
1.1959575
1.1959608
1.1959645
1.1959686
1.195973
1.1959777
1.1959827
1.1959878
1.1959932
1.1959987
1.1960044
1.1960101
1.1960161
1.196022
1.1960282
1.1960342
1.1960405
1.1960465
1.196053
1.196059
1.1960656
1.1960716
1.1960784
1.1960843
1.1960911
1.1960969
1.1961039
1.1961096
1.1961166
1.1961223
1.1961293
1.1961349
1.1961419
1.1961475
1.1961545
1.19616
1.196167
1.1961725
1.1961795
1.1961848
1.1961919
1.1961971
1.1962043
1.1962092
1.1962167
1.1962211
1.1962292
1.1962336
1.1962428
1.1962523
1.1962322
1.1992233
1.1991905
1.1991117
1.1990391
1.1990025
1.1990019
1.1990218
1.1990397
1.199044
1.1990409
1.1990313
1.199021
1.1989989
1.1989642
1.1988673
1.1986872
1.198347
1.1979304
1.1975301
1.1972155
1.1969699
1.1967868
1.1966355
1.1965136
1.1964207
1.196341
1.196278
1.1962259
1.1961814
1.1961456
1.1961147
1.196089
1.1960679
1.1960493
1.196035
1.1960219
1.1960124
1.1960034
1.1959973
1.1959916
1.1959883
1.1959852
1.1959838
1.1959828
1.1959831
1.1959837
1.1959852
1.1959873
1.1959898
1.1959928
1.1959962
1.196
1.1960039
1.1960084
1.1960129
1.1960178
1.1960226
1.1960279
1.1960331
1.1960386
1.196044
1.1960497
1.1960552
1.1960612
1.1960667
1.1960729
1.1960785
1.1960849
1.1960904
1.1960969
1.1961024
1.1961091
1.1961145
1.1961212
1.1961267
1.1961335
1.1961389
1.1961457
1.196151
1.1961579
1.1961632
1.1961701
1.1961753
1.1961822
1.1961874
1.1961944
1.1961994
1.1962065
1.1962113
1.1962186
1.196223
1.196231
1.1962353
1.1962444
1.1962537
1.1962337
1.199217
1.1991864
1.1991109
1.1990392
1.1990029
1.1989992
1.1990172
1.1990329
1.1990369
1.1990329
1.1990264
1.1990208
1.1990127
1.1990041
1.198986
1.1989584
1.1988884
1.1987552
1.1984964
1.1981332
1.1977477
1.19742
1.1971551
1.1969436
1.1967776
1.1966364
1.1965284
1.1964381
1.1963629
1.1963028
1.1962513
1.1962092
1.1961739
1.1961437
1.1961196
1.1960978
1.196081
1.1960655
1.196054
1.1960433
1.1960356
1.1960285
1.1960237
1.1960196
1.1960171
1.1960151
1.1960144
1.1960143
1.1960149
1.1960161
1.1960179
1.1960202
1.1960229
1.196026
1.1960294
1.1960333
1.1960371
1.1960415
1.1960458
1.1960506
1.1960552
1.1960603
1.1960652
1.1960706
1.1960756
1.1960813
1.1960864
1.1960923
1.1960974
1.1961036
1.1961087
1.196115
1.1961201
1.1961265
1.1961317
1.1961382
1.1961434
1.1961499
1.1961551
1.1961617
1.1961668
1.1961735
1.1961786
1.1961853
1.1961903
1.1961971
1.196202
1.196209
1.1962136
1.1962209
1.1962251
1.196233
1.1962372
1.1962462
1.1962553
1.1962353
1.1992106
1.199182
1.1991103
1.1990404
1.1990049
1.1989992
1.1990156
1.1990293
1.199033
1.1990285
1.1990223
1.1990172
1.1990119
1.1990066
1.1989992
1.1989911
1.1989761
1.1989536
1.198901
1.1987983
1.1986052
1.1982857
1.1979272
1.1975924
1.1973182
1.1970875
1.1969097
1.1967552
1.1966302
1.19653
1.1964447
1.1963765
1.1963187
1.1962704
1.1962312
1.1961965
1.1961691
1.1961443
1.1961251
1.1961074
1.1960939
1.1960816
1.1960723
1.196064
1.196058
1.1960527
1.1960491
1.1960463
1.1960446
1.1960436
1.1960435
1.196044
1.196045
1.1960466
1.1960487
1.1960512
1.1960539
1.1960572
1.1960606
1.1960643
1.1960682
1.1960725
1.1960766
1.1960813
1.1960857
1.1960908
1.1960953
1.1961007
1.1961054
1.1961111
1.1961158
1.1961217
1.1961265
1.1961325
1.1961374
1.1961436
1.1961484
1.1961547
1.1961596
1.196166
1.1961709
1.1961774
1.1961822
1.1961888
1.1961936
1.1962002
1.196205
1.1962118
1.1962163
1.1962234
1.1962276
1.1962353
1.1962394
1.1962482
1.1962571
1.1962372
1.1992044
1.1991763
1.1991099
1.1990422
1.1990074
1.1990004
1.1990153
1.1990275
1.1990308
1.1990259
1.1990198
1.1990144
1.1990096
1.1990051
1.1990002
1.1989949
1.1989885
1.1989813
1.1989688
1.1989494
1.198909
1.1988292
1.1986747
1.1984092
1.1980734
1.1977389
1.1974593
1.1972194
1.1970254
1.1968632
1.1967252
1.1966159
1.1965225
1.1964459
1.1963832
1.1963289
1.1962854
1.1962467
1.1962163
1.1961886
1.1961669
1.1961473
1.196132
1.1961181
1.1961074
1.1960979
1.1960907
1.1960845
1.1960798
1.1960761
1.1960736
1.1960718
1.1960708
1.1960707
1.196071
1.196072
1.1960733
1.1960753
1.1960775
1.1960802
1.196083
1.1960864
1.1960896
1.1960935
1.1960972
1.1961016
1.1961055
1.1961103
1.1961144
1.1961196
1.1961238
1.1961292
1.1961336
1.1961393
1.1961437
1.1961496
1.1961541
1.1961601
1.1961647
1.1961708
1.1961754
1.1961817
1.1961863
1.1961926
1.1961973
1.1962037
1.1962083
1.1962149
1.1962193
1.1962262
1.1962302
1.1962378
1.1962418
1.1962504
1.1962591
1.1962392
1.1991984
1.1991702
1.1991094
1.1990441
1.19901
1.1990022
1.1990156
1.1990267
1.1990297
1.1990245
1.1990184
1.1990126
1.1990079
1.1990034
1.1989992
1.1989947
1.1989904
1.1989856
1.1989801
1.1989734
1.1989629
1.1989461
1.198914
1.1988514
1.1987229
1.1985044
1.1981873
1.1978617
1.1975768
1.1973333
1.1971277
1.1969603
1.1968132
1.1966946
1.1965952
1.196511
1.196443
1.1963835
1.1963363
1.196294
1.1962605
1.1962304
1.1962066
1.1961851
1.1961681
1.1961529
1.1961408
1.1961302
1.1961218
1.1961147
1.1961091
1.1961046
1.1961011
1.1960987
1.196097
1.1960962
1.1960958
1.1960962
1.196097
1.1960984
1.1961
1.1961022
1.1961045
1.1961075
1.1961103
1.1961139
1.196117
1.1961212
1.1961246
1.1961292
1.1961328
1.1961377
1.1961416
1.1961468
1.1961509
1.1961563
1.1961605
1.1961661
1.1961704
1.1961762
1.1961805
1.1961865
1.1961909
1.196197
1.1962014
1.1962076
1.196212
1.1962183
1.1962226
1.1962293
1.1962332
1.1962406
1.1962445
1.1962529
1.1962614
1.1962415
1.1991922
1.1991655
1.1991083
1.1990458
1.1990123
1.1990041
1.199016
1.1990263
1.1990291
1.1990238
1.1990176
1.1990116
1.1990069
1.1990022
1.198998
1.1989938
1.1989901
1.1989864
1.1989825
1.1989782
1.1989733
1.1989672
1.1989581
1.1989437
1.1989166
1.1988654
1.1987593
1.1985704
1.1982823
1.1979634
1.1976749
1.19743
1.1972176
1.1970448
1.1968927
1.1967653
1.1966608
1.1965702
1.1964979
1.1964341
1.1963833
1.1963381
1.1963021
1.1962697
1.1962439
1.1962208
1.1962022
1.1961856
1.1961723
1.1961607
1.1961512
1.1961433
1.1961367
1.1961316
1.1961273
1.1961243
1.1961218
1.1961204
1.1961194
1.1961193
1.1961195
1.1961204
1.1961215
1.1961234
1.1961251
1.1961278
1.1961301
1.1961334
1.1961361
1.19614
1.196143
1.1961473
1.1961506
1.1961553
1.1961589
1.1961638
1.1961676
1.1961728
1.1961767
1.1961822
1.1961862
1.1961918
1.1961959
1.1962017
1.1962059
1.1962119
1.196216
1.1962222
1.1962262
1.1962328
1.1962365
1.1962437
1.1962474
1.1962556
1.1962638
1.196244
1.1991858
1.1991611
1.1991071
1.1990475
1.1990146
1.199006
1.1990165
1.1990261
1.1990286
1.1990234
1.1990173
1.1990112
1.1990063
1.1990015
1.1989972
1.198993
1.1989894
1.198986
1.1989828
1.1989795
1.1989759
1.1989722
1.1989679
1.1989624
1.1989541
1.1989416
1.1989181
1.1988745
1.1987857
1.1986184
1.198357
1.1980435
1.1977553
1.1975094
1.1972953
1.1971157
1.1969615
1.1968277
1.1967193
1.1966239
1.1965478
1.1964805
1.1964267
1.196379
1.1963405
1.1963064
1.1962787
1.1962541
1.1962341
1.1962164
1.1962018
1.1961894
1.1961789
1.1961703
1.1961629
1.1961571
1.196152
1.1961484
1.1961453
1.1961434
1.1961419
1.1961412
1.1961409
1.1961415
1.196142
1.1961436
1.1961449
1.1961473
1.1961491
1.1961522
1.1961544
1.1961581
1.1961607
1.1961648
1.1961678
1.1961723
1.1961755
1.1961803
1.1961838
1.1961889
1.1961925
1.1961978
1.1962016
1.1962071
1.1962109
1.1962166
1.1962205
1.1962265
1.1962303
1.1962366
1.1962402
1.1962471
1.1962507
1.1962587
1.1962666
1.1962468
1.1991794
1.1991567
1.1991058
1.1990492
1.1990169
1.1990079
1.199017
1.1990259
1.1990282
1.1990231
1.1990171
1.199011
1.1990061
1.1990011
1.1989968
1.1989925
1.1989889
1.1989855
1.1989825
1.1989795
1.1989766
1.1989737
1.1989706
1.1989674
1.1989635
1.1989584
1.1989509
1.1989393
1.1989194
1.1988798
1.1988049
1.1986528
1.1984123
1.1981056
1.19782
1.1975728
1.1973592
1.1971754
1.1970204
1.1968823
1.1967709
1.1966719
1.1965927
1.1965226
1.1964662
1.1964164
1.1963759
1.1963401
1.1963108
1.1962851
1.1962636
1.1962452
1.1962295
1.1962163
1.1962049
1.1961956
1.1961874
1.1961811
1.1961754
1.1961712
1.1961676
1.1961652
1.1961631
1.1961622
1.1961613
1.1961616
1.1961617
1.196163
1.1961638
1.1961659
1.1961673
1.1961702
1.1961721
1.1961755
1.1961778
1.1961817
1.1961844
1.1961887
1.1961917
1.1961963
1.1961995
1.1962044
1.1962078
1.196213
1.1962165
1.1962219
1.1962255
1.1962312
1.1962348
1.1962408
1.1962442
1.1962509
1.1962543
1.196262
1.1962696
1.1962498
1.199173
1.1991523
1.1991045
1.1990508
1.1990191
1.1990099
1.1990176
1.1990258
1.1990278
1.1990229
1.199017
1.199011
1.199006
1.199001
1.1989966
1.1989923
1.1989886
1.1989852
1.1989821
1.1989792
1.1989766
1.198974
1.1989716
1.1989691
1.1989664
1.1989634
1.1989598
1.1989549
1.1989485
1.1989374
1.1989197
1.1988839
1.1988169
1.1986778
1.1984507
1.1981541
1.1978704
1.1976228
1.1974109
1.1972247
1.1970702
1.1969292
1.1968157
1.1967142
1.1966324
1.1965603
1.1965017
1.1964502
1.196408
1.196371
1.1963403
1.1963136
1.196291
1.1962718
1.1962552
1.1962413
1.1962291
1.1962193
1.1962105
1.1962036
1.1961974
1.1961928
1.1961886
1.1961859
1.1961833
1.1961821
1.1961807
1.1961808
1.1961804
1.1961815
1.1961818
1.1961838
1.1961848
1.1961874
1.1961891
1.1961923
1.1961943
1.196198
1.1962004
1.1962046
1.1962073
1.1962118
1.1962147
1.1962195
1.1962227
1.1962278
1.196231
1.1962364
1.1962397
1.1962454
1.1962486
1.196255
1.1962583
1.1962657
1.196273
1.1962532
1.1991668
1.1991478
1.1991031
1.1990524
1.1990213
1.1990118
1.1990182
1.1990256
1.1990275
1.1990227
1.1990169
1.1990109
1.199006
1.199001
1.1989966
1.1989923
1.1989885
1.198985
1.1989819
1.198979
1.1989764
1.1989739
1.1989717
1.1989696
1.1989674
1.1989652
1.1989628
1.1989601
1.1989569
1.1989522
1.1989464
1.1989359
1.1989197
1.1988868
1.1988242
1.1986946
1.1984771
1.1981885
1.1979072
1.1976604
1.1974514
1.1972647
1.197111
1.1969688
1.1968539
1.1967507
1.196667
1.1965934
1.1965332
1.1964805
1.1964369
1.1963991
1.1963672
1.1963398
1.1963162
1.1962964
1.1962789
1.1962646
1.1962517
1.1962414
1.1962321
1.1962247
1.1962181
1.1962131
1.1962085
1.1962055
1.1962024
1.1962011
1.1961992
1.1961991
1.1961982
1.1961991
1.1961992
1.1962009
1.1962017
1.1962041
1.1962054
1.1962085
1.1962102
1.1962138
1.196216
1.1962199
1.1962224
1.1962268
1.1962295
1.1962342
1.1962371
1.1962421
1.1962452
1.1962506
1.1962535
1.1962596
1.1962627
1.1962697
1.1962767
1.1962568
1.1991607
1.1991433
1.1991016
1.1990538
1.1990234
1.1990138
1.1990188
1.1990255
1.1990271
1.1990225
1.1990168
1.1990109
1.199006
1.1990011
1.1989967
1.1989923
1.1989885
1.198985
1.1989819
1.1989789
1.1989763
1.1989738
1.1989717
1.1989696
1.1989677
1.1989658
1.1989639
1.1989619
1.1989598
1.1989574
1.1989545
1.1989501
1.1989446
1.1989348
1.1989195
1.1988883
1.1988286
1.198705
1.1984927
1.19821
1.1979314
1.1976872
1.1974815
1.197296
1.1971435
1.1970013
1.1968854
1.1967815
1.1966966
1.1966222
1.1965607
1.1965075
1.1964627
1.1964244
1.1963915
1.1963637
1.1963393
1.196319
1.1963009
1.1962861
1.1962728
1.196262
1.1962523
1.1962446
1.1962376
1.1962324
1.1962273
1.1962242
1.1962206
1.1962191
1.1962167
1.1962165
1.1962153
1.1962161
1.1962158
1.1962174
1.1962178
1.1962201
1.1962212
1.1962241
1.1962256
1.196229
1.196231
1.1962348
1.1962371
1.1962414
1.1962439
1.1962485
1.1962512
1.1962562
1.1962589
1.1962646
1.1962675
1.1962742
1.1962808
1.1962609
1.1991546
1.1991387
1.1990999
1.1990552
1.1990255
1.1990157
1.1990194
1.1990254
1.1990267
1.1990223
1.1990167
1.1990109
1.199006
1.1990011
1.1989967
1.1989924
1.1989886
1.1989851
1.1989819
1.1989789
1.1989763
1.1989738
1.1989716
1.1989696
1.1989677
1.1989659
1.1989643
1.1989627
1.198961
1.1989593
1.1989575
1.1989552
1.1989525
1.1989484
1.1989433
1.1989338
1.1989191
1.1988892
1.1988302
1.1987099
1.1984986
1.1982199
1.1979447
1.1977043
1.1975024
1.1973193
1.197168
1.1970268
1.1969108
1.1968071
1.1967215
1.1966469
1.1965846
1.1965311
1.1964856
1.196447
1.1964134
1.1963853
1.1963604
1.1963397
1.1963213
1.1963061
1.1962924
1.1962813
1.1962712
1.1962634
1.1962559
1.1962506
1.196245
1.1962418
1.1962378
1.1962362
1.1962335
1.1962332
1.1962316
1.1962323
1.1962317
1.1962332
1.1962334
1.1962355
1.1962364
1.1962391
1.1962405
1.1962438
1.1962455
1.1962493
1.1962514
1.1962555
1.1962578
1.1962625
1.1962649
1.1962702
1.1962728
1.1962791
1.1962853
1.1962653
1.1991488
1.1991342
1.1990982
1.1990564
1.1990275
1.1990176
1.1990201
1.1990254
1.1990264
1.1990221
1.1990166
1.1990109
1.199006
1.1990012
1.1989968
1.1989925
1.1989887
1.1989851
1.198982
1.198979
1.1989763
1.1989738
1.1989716
1.1989696
1.1989677
1.198966
1.1989644
1.1989629
1.1989615
1.1989601
1.1989587
1.1989572
1.1989555
1.1989534
1.198951
1.1989472
1.198942
1.1989333
1.1989183
1.1988893
1.1988296
1.1987092
1.1984957
1.1982193
1.1979484
1.197713
1.197515
1.1973351
1.1971855
1.1970462
1.1969307
1.1968279
1.196742
1.1966678
1.196605
1.1965517
1.1965056
1.196467
1.1964331
1.1964048
1.1963796
1.1963587
1.19634
1.1963246
1.1963106
1.1962994
1.1962889
1.1962811
1.196273
1.1962678
1.1962617
1.1962585
1.1962542
1.1962525
1.1962495
1.1962491
1.1962472
1.1962478
1.196247
1.1962484
1.1962483
1.1962504
1.196251
1.1962537
1.1962549
1.1962581
1.1962596
1.1962633
1.1962652
1.1962694
1.1962714
1.1962763
1.1962786
1.1962844
1.1962903
1.1962702
1.199143
1.1991296
1.1990964
1.1990575
1.1990295
1.1990194
1.1990207
1.1990254
1.199026
1.1990218
1.1990165
1.1990109
1.199006
1.1990013
1.1989969
1.1989926
1.1989888
1.1989852
1.1989821
1.1989791
1.1989764
1.1989739
1.1989716
1.1989696
1.1989677
1.198966
1.1989644
1.1989629
1.1989616
1.1989604
1.1989592
1.198958
1.1989567
1.1989555
1.198954
1.1989522
1.1989498
1.1989463
1.1989411
1.1989327
1.1989175
1.1988881
1.1988268
1.1987031
1.1984847
1.1982095
1.1979443
1.1977143
1.1975205
1.1973444
1.1971971
1.1970602
1.1969455
1.1968442
1.1967583
1.1966851
1.1966222
1.1965693
1.1965232
1.1964847
1.1964507
1.1964224
1.1963971
1.1963761
1.1963572
1.1963418
1.1963274
1.1963164
1.1963053
1.1962976
1.1962891
1.196284
1.1962776
1.1962744
1.1962697
1.1962681
1.1962647
1.1962643
1.1962622
1.1962628
1.1962617
1.196263
1.1962628
1.1962648
1.1962652
1.1962678
1.1962688
1.1962719
1.1962733
1.196277
1.1962787
1.1962831
1.196285
1.1962904
1.1962958
1.1962756
1.1991374
1.1991251
1.1990945
1.1990584
1.1990314
1.1990211
1.1990215
1.1990253
1.1990257
1.1990216
1.1990163
1.1990109
1.199006
1.1990013
1.1989969
1.1989927
1.1989889
1.1989853
1.1989822
1.1989792
1.1989765
1.1989739
1.1989717
1.1989697
1.1989678
1.198966
1.1989644
1.198963
1.1989616
1.1989604
1.1989593
1.1989583
1.1989573
1.1989563
1.1989553
1.1989542
1.1989529
1.1989512
1.198949
1.1989457
1.1989406
1.198932
1.1989166
1.198886
1.1988217
1.1986913
1.1984661
1.1981919
1.1979331
1.197709
1.1975198
1.1973482
1.1972029
1.1970693
1.1969555
1.1968563
1.1967711
1.1966991
1.1966366
1.1965844
1.1965386
1.1965003
1.1964665
1.1964382
1.196413
1.1963921
1.1963729
1.1963578
1.196343
1.1963322
1.1963207
1.1963132
1.1963044
1.1962994
1.1962926
1.1962895
1.1962845
1.1962829
1.1962793
1.1962789
1.1962766
1.1962771
1.1962758
1.1962771
1.1962767
1.1962786
1.1962789
1.1962814
1.1962823
1.1962854
1.1962866
1.1962905
1.196292
1.1962969
1.1963018
1.1962814
1.199132
1.1991205
1.1990927
1.199059
1.1990333
1.1990227
1.1990223
1.1990253
1.1990253
1.1990214
1.1990162
1.1990109
1.1990061
1.1990014
1.198997
1.1989928
1.198989
1.1989854
1.1989823
1.1989793
1.1989765
1.198974
1.1989718
1.1989697
1.1989678
1.1989661
1.1989645
1.198963
1.1989617
1.1989605
1.1989594
1.1989584
1.1989574
1.1989566
1.1989558
1.1989549
1.1989541
1.1989532
1.1989521
1.1989505
1.1989485
1.1989452
1.1989402
1.1989314
1.1989154
1.1988827
1.1988137
1.1986739
1.1984402
1.1981676
1.1979153
1.1976982
1.1975134
1.1973471
1.1972036
1.197074
1.1969616
1.1968649
1.1967808
1.1967102
1.1966486
1.1965971
1.1965519
1.1965141
1.1964805
1.1964527
1.1964273
1.1964069
1.1963873
1.1963726
1.1963574
1.1963469
1.1963352
1.1963279
1.1963188
1.1963139
1.1963068
1.1963039
1.1962985
1.1962971
1.1962932
1.1962929
1.1962904
1.1962909
1.1962894
1.1962907
1.1962901
1.1962921
1.1962922
1.1962948
1.1962954
1.1962987
1.1962998
1.1963042
1.1963085
1.1962879
1.1991267
1.199116
1.1990907
1.1990595
1.1990351
1.1990242
1.199023
1.1990253
1.1990249
1.1990212
1.1990161
1.1990109
1.1990061
1.1990014
1.1989971
1.1989929
1.1989891
1.1989855
1.1989824
1.1989794
1.1989766
1.1989741
1.1989719
1.1989698
1.1989679
1.1989661
1.1989645
1.1989631
1.1989617
1.1989605
1.1989594
1.1989584
1.1989575
1.1989567
1.198956
1.1989553
1.1989546
1.1989539
1.1989533
1.1989525
1.1989516
1.1989501
1.1989482
1.1989449
1.1989399
1.1989307
1.1989137
1.1988782
1.1988025
1.1986506
1.1984073
1.1981371
1.1978926
1.1976828
1.1975021
1.1973418
1.1972003
1.1970749
1.1969643
1.1968703
1.1967878
1.1967188
1.1966583
1.1966078
1.1965633
1.1965262
1.1964928
1.1964657
1.1964401
1.1964203
1.1964005
1.1963862
1.1963709
1.1963607
1.1963487
1.1963417
1.1963323
1.1963277
1.1963203
1.1963176
1.196312
1.1963107
1.1963066
1.1963063
1.1963036
1.1963042
1.1963026
1.1963039
1.1963032
1.1963051
1.1963051
1.1963078
1.1963083
1.1963122
1.1963158
1.196295
1.1991215
1.1991115
1.1990886
1.1990598
1.1990368
1.1990257
1.1990238
1.1990252
1.1990246
1.199021
1.199016
1.1990108
1.1990061
1.1990015
1.1989971
1.198993
1.1989892
1.1989857
1.1989825
1.1989795
1.1989767
1.1989742
1.198972
1.1989699
1.198968
1.1989662
1.1989646
1.1989631
1.1989618
1.1989606
1.1989595
1.1989584
1.1989575
1.1989567
1.198956
1.1989554
1.1989548
1.1989543
1.1989538
1.1989533
1.1989527
1.1989521
1.1989513
1.1989499
1.1989481
1.1989449
1.1989397
1.19893
1.1989114
1.198872
1.1987875
1.1986203
1.198368
1.1981019
1.1978651
1.1976637
1.1974871
1.1973328
1.1971937
1.1970725
1.1969643
1.1968729
1.1967925
1.1967251
1.1966661
1.1966167
1.1965728
1.1965368
1.1965036
1.1964773
1.1964517
1.1964326
1.1964128
1.196399
1.1963835
1.1963737
1.1963614
1.1963548
1.1963451
1.1963409
1.1963332
1.1963307
1.1963249
1.1963237
1.1963195
1.1963193
1.1963164
1.196317
1.1963153
1.1963166
1.1963158
1.196318
1.1963177
1.196321
1.1963239
1.1963029
1.1991166
1.1991072
1.1990865
1.19906
1.1990383
1.199027
1.1990246
1.1990251
1.1990243
1.1990207
1.1990158
1.1990108
1.1990061
1.1990015
1.1989972
1.198993
1.1989893
1.1989858
1.1989826
1.1989796
1.1989769
1.1989743
1.1989721
1.19897
1.1989681
1.1989663
1.1989647
1.1989632
1.1989619
1.1989606
1.1989595
1.1989585
1.1989576
1.1989568
1.1989561
1.1989554
1.1989549
1.1989544
1.1989539
1.1989536
1.1989532
1.1989528
1.1989525
1.1989519
1.1989512
1.19895
1.1989481
1.1989449
1.1989394
1.198929
1.1989082
1.1988637
1.1987676
1.1985829
1.1983227
1.1980634
1.1978343
1.1976413
1.197469
1.1973207
1.1971844
1.1970672
1.196962
1.1968732
1.1967952
1.1967296
1.1966718
1.1966241
1.1965808
1.1965461
1.196513
1.1964878
1.1964624
1.1964439
1.196424
1.1964108
1.1963951
1.1963859
1.1963734
1.1963672
1.1963572
1.1963533
1.1963455
1.1963432
1.1963373
1.1963362
1.1963319
1.1963317
1.1963288
1.1963295
1.1963277
1.1963292
1.1963281
1.1963308
1.1963329
1.1963115
1.1991117
1.1991029
1.1990843
1.19906
1.1990396
1.1990284
1.1990253
1.1990252
1.199024
1.1990205
1.1990157
1.1990107
1.1990061
1.1990016
1.1989973
1.1989932
1.1989894
1.1989859
1.1989827
1.1989797
1.198977
1.1989745
1.1989722
1.1989701
1.1989682
1.1989664
1.1989648
1.1989633
1.1989619
1.1989607
1.1989596
1.1989586
1.1989576
1.1989568
1.1989561
1.1989555
1.1989549
1.1989544
1.198954
1.1989537
1.1989534
1.1989531
1.1989529
1.1989526
1.1989524
1.1989519
1.1989513
1.1989502
1.1989483
1.198945
1.198939
1.1989277
1.1989039
1.1988527
1.198742
1.1985376
1.1982727
1.1980216
1.1978007
1.1976159
1.1974485
1.1973056
1.1971728
1.1970595
1.1969577
1.1968715
1.1967956
1.1967325
1.1966759
1.1966301
1.1965874
1.1965542
1.1965215
1.1964973
1.1964719
1.1964544
1.1964344
1.1964219
1.196406
1.1963974
1.1963846
1.196379
1.1963688
1.1963653
1.1963573
1.1963552
1.1963491
1.1963482
1.1963438
1.1963438
1.1963408
1.1963417
1.1963396
1.1963417
1.1963429
1.196321
1.1991071
1.1990989
1.199082
1.1990599
1.1990408
1.1990297
1.1990259
1.1990252
1.1990238
1.1990203
1.1990156
1.1990107
1.1990061
1.1990016
1.1989973
1.1989933
1.1989895
1.198986
1.1989828
1.1989798
1.1989771
1.1989746
1.1989723
1.1989702
1.1989683
1.1989665
1.1989649
1.1989634
1.198962
1.1989608
1.1989596
1.1989586
1.1989577
1.1989569
1.1989562
1.1989555
1.198955
1.1989545
1.1989541
1.1989537
1.1989535
1.1989532
1.1989531
1.1989529
1.1989528
1.1989527
1.1989524
1.1989521
1.1989515
1.1989505
1.1989485
1.1989451
1.1989385
1.1989257
1.1988982
1.1988381
1.1987087
1.1984851
1.1982188
1.1979771
1.1977651
1.1975876
1.1974261
1.197288
1.1971597
1.1970495
1.1969511
1.1968683
1.1967944
1.196734
1.1966786
1.196635
1.196593
1.1965612
1.1965289
1.1965059
1.1964806
1.1964641
1.1964439
1.1964324
1.1964162
1.1964083
1.1963954
1.1963902
1.1963798
1.1963766
1.1963685
1.1963667
1.1963606
1.1963598
1.1963554
1.1963556
1.1963524
1.1963538
1.1963539
1.1963315
1.1991026
1.1990949
1.1990797
1.1990597
1.1990418
1.1990308
1.1990266
1.1990253
1.1990236
1.1990201
1.1990155
1.1990107
1.1990061
1.1990017
1.1989974
1.1989934
1.1989896
1.1989862
1.198983
1.19898
1.1989772
1.1989747
1.1989724
1.1989703
1.1989684
1.1989666
1.198965
1.1989635
1.1989621
1.1989609
1.1989597
1.1989587
1.1989578
1.198957
1.1989562
1.1989556
1.198955
1.1989545
1.1989541
1.1989538
1.1989535
1.1989533
1.1989531
1.198953
1.1989529
1.1989529
1.1989529
1.1989528
1.1989527
1.1989524
1.1989518
1.1989508
1.1989488
1.198945
1.1989378
1.1989229
1.1988903
1.1988188
1.1986665
1.1984261
1.1981623
1.1979298
1.1977282
1.197557
1.1974026
1.1972677
1.1971443
1.197038
1.1969428
1.1968637
1.1967918
1.1967345
1.1966803
1.1966387
1.1965975
1.1965674
1.1965354
1.1965137
1.1964884
1.1964731
1.1964528
1.1964421
1.1964259
1.1964186
1.1964055
1.1964009
1.1963904
1.1963875
1.1963794
1.1963778
1.1963717
1.1963711
1.1963665
1.1963673
1.1963661
1.1963431
1.1990982
1.1990911
1.1990774
1.1990592
1.1990426
1.1990319
1.1990272
1.1990254
1.1990234
1.1990199
1.1990154
1.1990106
1.1990061
1.1990017
1.1989975
1.1989935
1.1989898
1.1989863
1.1989831
1.1989801
1.1989774
1.1989749
1.1989725
1.1989704
1.1989685
1.1989667
1.1989651
1.1989636
1.1989622
1.1989609
1.1989598
1.1989588
1.1989578
1.198957
1.1989563
1.1989556
1.1989551
1.1989546
1.1989542
1.1989538
1.1989535
1.1989533
1.1989532
1.1989531
1.198953
1.198953
1.198953
1.198953
1.1989531
1.1989531
1.198953
1.1989528
1.1989522
1.1989512
1.198949
1.1989449
1.1989366
1.198919
1.1988796
1.1987939
1.1986148
1.1983609
1.1981044
1.1978808
1.1976904
1.1975249
1.1973771
1.1972462
1.1971271
1.1970255
1.1969333
1.1968582
1.1967884
1.1967338
1.196681
1.1966416
1.1966012
1.1965729
1.1965411
1.1965209
1.1964956
1.1964814
1.1964612
1.1964513
1.1964349
1.1964285
1.1964152
1.196411
1.1964006
1.196398
1.1963899
1.1963886
1.1963822
1.1963823
1.1963798
1.196356
1.1990939
1.1990873
1.199075
1.1990586
1.1990432
1.1990328
1.1990277
1.1990255
1.1990232
1.1990197
1.1990152
1.1990106
1.1990061
1.1990018
1.1989976
1.1989936
1.1989899
1.1989864
1.1989832
1.1989803
1.1989775
1.198975
1.1989727
1.1989706
1.1989686
1.1989668
1.1989652
1.1989637
1.1989623
1.198961
1.1989599
1.1989588
1.1989579
1.1989571
1.1989563
1.1989557
1.1989551
1.1989546
1.1989542
1.1989539
1.1989536
1.1989534
1.1989532
1.1989531
1.1989531
1.198953
1.1989531
1.1989531
1.1989532
1.1989533
1.1989534
1.1989534
1.1989534
1.1989532
1.1989527
1.1989515
1.1989492
1.1989446
1.1989348
1.1989136
1.1988654
1.1987593
1.1985538
1.1982919
1.1980458
1.1978327
1.1976516
1.1974925
1.19735
1.1972241
1.197109
1.1970124
1.1969229
1.1968516
1.1967839
1.1967324
1.1966809
1.196644
1.1966041
1.1965777
1.1965462
1.1965275
1.1965023
1.1964893
1.1964688
1.1964601
1.1964435
1.1964377
1.1964245
1.1964207
1.1964104
1.1964081
1.1963998
1.1963991
1.196395
1.1963703
1.1990898
1.1990837
1.1990726
1.1990579
1.1990437
1.1990336
1.1990282
1.1990255
1.199023
1.1990194
1.1990151
1.1990105
1.1990061
1.1990018
1.1989977
1.1989937
1.19899
1.1989866
1.1989834
1.1989804
1.1989777
1.1989751
1.1989728
1.1989707
1.1989687
1.1989669
1.1989653
1.1989638
1.1989624
1.1989611
1.19896
1.1989589
1.198958
1.1989572
1.1989564
1.1989558
1.1989552
1.1989547
1.1989543
1.1989539
1.1989536
1.1989534
1.1989533
1.1989532
1.1989531
1.1989531
1.1989531
1.1989532
1.1989533
1.1989534
1.1989535
1.1989537
1.1989538
1.1989539
1.1989538
1.1989537
1.1989531
1.1989519
1.1989493
1.1989439
1.1989322
1.198906
1.1988461
1.1987143
1.1984837
1.1982218
1.1979869
1.1977853
1.1976112
1.1974599
1.197322
1.1972019
1.1970898
1.1969982
1.1969117
1.1968445
1.1967789
1.1967305
1.1966802
1.1966457
1.1966064
1.196582
1.1965508
1.1965336
1.1965084
1.1964967
1.1964761
1.1964683
1.1964518
1.1964466
1.1964335
1.1964302
1.1964196
1.196418
1.1964119
1.1963862
1.1990856
1.1990802
1.1990702
1.199057
1.1990439
1.1990342
1.1990287
1.1990256
1.1990228
1.1990192
1.1990149
1.1990104
1.1990061
1.1990018
1.1989977
1.1989938
1.1989901
1.1989867
1.1989835
1.1989806
1.1989778
1.1989753
1.198973
1.1989708
1.1989689
1.1989671
1.1989654
1.1989639
1.1989625
1.1989612
1.1989601
1.198959
1.1989581
1.1989572
1.1989565
1.1989558
1.1989552
1.1989547
1.1989543
1.198954
1.1989537
1.1989535
1.1989533
1.1989532
1.1989531
1.1989531
1.1989531
1.1989532
1.1989533
1.1989534
1.1989536
1.1989537
1.1989539
1.1989541
1.1989542
1.1989543
1.1989543
1.1989541
1.1989535
1.1989521
1.1989492
1.1989427
1.1989284
1.1988954
1.1988199
1.1986568
1.1984079
1.1981524
1.1979269
1.1977387
1.1975704
1.1974275
1.1972924
1.1971785
1.19707
1.1969837
1.1969001
1.1968371
1.1967732
1.1967282
1.1966789
1.196647
1.1966083
1.1965859
1.1965548
1.1965394
1.196514
1.1965037
1.1964831
1.1964762
1.1964597
1.1964551
1.1964418
1.1964392
1.196431
1.196404
1.1990814
1.1990769
1.1990678
1.199056
1.199044
1.1990348
1.199029
1.1990256
1.1990226
1.199019
1.1990148
1.1990103
1.199006
1.1990018
1.1989978
1.1989939
1.1989902
1.1989868
1.1989837
1.1989807
1.198978
1.1989754
1.1989731
1.198971
1.198969
1.1989672
1.1989655
1.198964
1.1989626
1.1989613
1.1989602
1.1989591
1.1989582
1.1989573
1.1989566
1.1989559
1.1989553
1.1989548
1.1989544
1.198954
1.1989537
1.1989535
1.1989534
1.1989532
1.1989532
1.1989532
1.1989532
1.1989532
1.1989533
1.1989535
1.1989536
1.1989538
1.1989539
1.1989541
1.1989543
1.1989545
1.1989546
1.1989548
1.1989547
1.1989545
1.1989538
1.1989523
1.1989488
1.1989409
1.198923
1.1988805
1.1987855
1.1985879
1.198327
1.1980845
1.1978674
1.1976926
1.1975296
1.1973942
1.1972627
1.1971552
1.1970502
1.196969
1.1968881
1.1968294
1.1967673
1.1967256
1.1966774
1.1966481
1.1966097
1.1965895
1.1965584
1.1965448
1.1965194
1.1965103
1.1964898
1.1964836
1.196467
1.1964632
1.1964525
1.1964238
1.1990778
1.1990735
1.1990654
1.1990548
1.1990439
1.1990351
1.1990293
1.1990256
1.1990224
1.1990188
1.1990146
1.1990102
1.199006
1.1990018
1.1989978
1.198994
1.1989904
1.198987
1.1989838
1.1989808
1.1989781
1.1989756
1.1989732
1.1989711
1.1989691
1.1989673
1.1989656
1.1989641
1.1989627
1.1989614
1.1989602
1.1989592
1.1989582
1.1989574
1.1989566
1.198956
1.1989554
1.1989549
1.1989544
1.1989541
1.1989538
1.1989536
1.1989534
1.1989533
1.1989532
1.1989532
1.1989532
1.1989533
1.1989534
1.1989535
1.1989536
1.1989538
1.198954
1.1989542
1.1989544
1.1989546
1.1989547
1.1989549
1.1989551
1.1989552
1.1989552
1.1989549
1.1989541
1.1989523
1.198948
1.1989381
1.1989154
1.1988604
1.1987356
1.1985101
1.1982453
1.1980173
1.1978111
1.1976461
1.1974895
1.1973612
1.1972333
1.1971317
1.1970302
1.1969543
1.196876
1.1968216
1.1967612
1.1967229
1.1966753
1.196649
1.1966107
1.1965929
1.1965618
1.1965498
1.1965245
1.1965165
1.1964958
1.1964907
1.1964768
1.1964461
1.1990743
1.1990702
1.199063
1.1990535
1.1990436
1.1990353
1.1990295
1.1990255
1.1990222
1.1990185
1.1990144
1.1990101
1.1990059
1.1990018
1.1989979
1.1989941
1.1989905
1.1989871
1.1989839
1.198981
1.1989782
1.1989757
1.1989734
1.1989712
1.1989693
1.1989674
1.1989657
1.1989642
1.1989628
1.1989615
1.1989603
1.1989593
1.1989583
1.1989575
1.1989567
1.198956
1.1989554
1.1989549
1.1989545
1.1989541
1.1989538
1.1989536
1.1989534
1.1989533
1.1989533
1.1989532
1.1989532
1.1989533
1.1989534
1.1989535
1.1989537
1.1989538
1.198954
1.1989542
1.1989544
1.1989546
1.1989548
1.198955
1.1989552
1.1989554
1.1989555
1.1989556
1.1989555
1.1989552
1.1989543
1.1989521
1.1989468
1.1989343
1.1989041
1.1988321
1.1986709
1.1984255
1.1981656
1.1979507
1.1977572
1.1976004
1.19745
1.1973277
1.197204
1.1971082
1.1970103
1.1969399
1.1968639
1.196814
1.1967547
1.1967203
1.1966731
1.1966497
1.1966116
1.196596
1.1965649
1.1965545
1.196529
1.1965222
1.1965046
1.1964713
1.1990708
1.199067
1.1990606
1.1990521
1.1990431
1.1990353
1.1990295
1.1990254
1.1990219
1.1990182
1.1990142
1.19901
1.1990058
1.1990018
1.1989979
1.1989941
1.1989905
1.1989872
1.198984
1.1989811
1.1989784
1.1989758
1.1989735
1.1989714
1.1989694
1.1989675
1.1989659
1.1989643
1.1989629
1.1989616
1.1989604
1.1989594
1.1989584
1.1989575
1.1989568
1.1989561
1.1989555
1.198955
1.1989545
1.1989542
1.1989539
1.1989536
1.1989535
1.1989533
1.1989533
1.1989533
1.1989533
1.1989533
1.1989534
1.1989535
1.1989537
1.1989538
1.198954
1.1989542
1.1989544
1.1989546
1.1989548
1.198955
1.1989552
1.1989554
1.1989556
1.1989558
1.1989559
1.198956
1.1989559
1.1989555
1.1989544
1.1989516
1.1989449
1.1989286
1.1988879
1.198794
1.1985923
1.1983372
1.1980897
1.1978859
1.1977039
1.1975559
1.1974107
1.1972944
1.1971751
1.1970856
1.1969907
1.1969259
1.1968517
1.1968067
1.1967482
1.1967176
1.1966709
1.1966504
1.1966123
1.1965989
1.1965675
1.1965586
1.1965367
1.1964999
1.1990675
1.1990639
1.1990582
1.1990506
1.1990424
1.1990351
1.1990295
1.1990253
1.1990216
1.1990179
1.1990139
1.1990098
1.1990057
1.1990018
1.1989979
1.1989942
1.1989906
1.1989873
1.1989842
1.1989812
1.1989785
1.198976
1.1989737
1.1989715
1.1989695
1.1989677
1.198966
1.1989644
1.198963
1.1989617
1.1989605
1.1989594
1.1989585
1.1989576
1.1989568
1.1989562
1.1989556
1.198955
1.1989546
1.1989542
1.1989539
1.1989537
1.1989535
1.1989534
1.1989533
1.1989533
1.1989533
1.1989534
1.1989535
1.1989536
1.1989537
1.1989539
1.198954
1.1989542
1.1989544
1.1989546
1.1989548
1.198955
1.1989552
1.1989554
1.1989556
1.1989558
1.198956
1.1989561
1.1989562
1.1989563
1.1989562
1.1989557
1.1989543
1.1989507
1.1989419
1.1989203
1.1988654
1.1987409
1.1985037
1.1982485
1.198015
1.1978259
1.1976514
1.1975126
1.1973722
1.1972624
1.1971464
1.1970636
1.1969711
1.1969124
1.1968398
1.1967995
1.196742
1.1967151
1.1966685
1.196651
1.1966125
1.196601
1.1965739
1.1965328
1.1990642
1.199061
1.1990558
1.199049
1.1990417
1.1990349
1.1990294
1.1990251
1.1990213
1.1990176
1.1990137
1.1990096
1.1990056
1.1990017
1.1989979
1.1989942
1.1989907
1.1989874
1.1989843
1.1989814
1.1989787
1.1989761
1.1989738
1.1989716
1.1989697
1.1989678
1.1989661
1.1989645
1.1989631
1.1989618
1.1989606
1.1989595
1.1989586
1.1989577
1.1989569
1.1989562
1.1989556
1.1989551
1.1989547
1.1989543
1.198954
1.1989537
1.1989536
1.1989534
1.1989534
1.1989533
1.1989533
1.1989534
1.1989535
1.1989536
1.1989537
1.1989539
1.1989541
1.1989543
1.1989544
1.1989546
1.1989548
1.198955
1.1989553
1.1989554
1.1989556
1.1989558
1.198956
1.1989562
1.1989563
1.1989565
1.1989566
1.1989566
1.1989564
1.1989557
1.198954
1.1989494
1.1989377
1.1989081
1.1988334
1.1986674
1.1984098
1.1981649
1.197942
1.1977689
1.1976002
1.1974707
1.1973333
1.1972312
1.1971177
1.1970425
1.1969523
1.1968995
1.1968283
1.1967929
1.1967356
1.1967129
1.1966656
1.1966508
1.1966173
1.1965709
1.199061
1.1990581
1.1990535
1.1990474
1.1990407
1.1990344
1.1990291
1.1990248
1.199021
1.1990173
1.1990134
1.1990095
1.1990055
1.1990017
1.1989979
1.1989943
1.1989908
1.1989875
1.1989844
1.1989815
1.1989788
1.1989763
1.198974
1.1989718
1.1989698
1.198968
1.1989662
1.1989647
1.1989632
1.1989619
1.1989607
1.1989597
1.1989587
1.1989578
1.198957
1.1989563
1.1989557
1.1989552
1.1989547
1.1989543
1.198954
1.1989538
1.1989536
1.1989535
1.1989534
1.1989534
1.1989534
1.1989534
1.1989535
1.1989536
1.1989538
1.1989539
1.1989541
1.1989543
1.1989545
1.1989547
1.1989549
1.1989551
1.1989553
1.1989555
1.1989557
1.1989558
1.198956
1.1989562
1.1989564
1.1989565
1.1989566
1.1989568
1.1989568
1.1989568
1.1989566
1.1989557
1.1989534
1.1989473
1.1989315
1.1988897
1.1987895
1.198579
1.1983125
1.1980857
1.1978717
1.1977135
1.1975505
1.1974299
1.1972946
1.1972014
1.1970905
1.1970222
1.1969341
1.1968874
1.1968169
1.1967869
1.196729
1.1967097
1.1966685
1.1966152
1.1990579
1.1990552
1.1990511
1.1990457
1.1990397
1.1990339
1.1990288
1.1990245
1.1990207
1.199017
1.1990131
1.1990092
1.1990054
1.1990016
1.1989979
1.1989943
1.1989909
1.1989876
1.1989846
1.1989817
1.198979
1.1989765
1.1989741
1.198972
1.19897
1.1989681
1.1989664
1.1989648
1.1989634
1.1989621
1.1989609
1.1989598
1.1989588
1.1989579
1.1989571
1.1989564
1.1989558
1.1989553
1.1989548
1.1989544
1.1989541
1.1989539
1.1989537
1.1989535
1.1989535
1.1989534
1.1989534
1.1989535
1.1989536
1.1989537
1.1989538
1.198954
1.1989541
1.1989543
1.1989545
1.1989547
1.1989549
1.1989551
1.1989553
1.1989555
1.1989557
1.1989559
1.198956
1.1989562
1.1989564
1.1989565
1.1989567
1.1989568
1.1989569
1.198957
1.1989571
1.198957
1.1989567
1.1989556
1.1989525
1.1989442
1.198922
1.1988629
1.1987221
1.1984836
1.1982173
1.1980093
1.1978068
1.19766
1.1975017
1.1973908
1.1972579
1.1971721
1.197064
1.1970032
1.1969163
1.1968765
1.1968056
1.1967802
1.1967294
1.1966674
1.1990549
1.1990525
1.1990488
1.199044
1.1990385
1.1990331
1.1990283
1.1990241
1.1990203
1.1990166
1.1990128
1.199009
1.1990052
1.1990015
1.1989979
1.1989943
1.198991
1.1989877
1.1989847
1.1989818
1.1989791
1.1989766
1.1989743
1.1989721
1.1989701
1.1989683
1.1989665
1.198965
1.1989635
1.1989622
1.198961
1.1989599
1.1989589
1.198958
1.1989572
1.1989565
1.1989559
1.1989553
1.1989549
1.1989545
1.1989542
1.1989539
1.1989537
1.1989536
1.1989535
1.1989535
1.1989535
1.1989535
1.1989536
1.1989537
1.1989538
1.198954
1.1989542
1.1989543
1.1989545
1.1989547
1.1989549
1.1989551
1.1989553
1.1989555
1.1989557
1.1989559
1.1989561
1.1989562
1.1989564
1.1989565
1.1989567
1.1989568
1.1989569
1.1989571
1.1989572
1.1989573
1.1989573
1.1989572
1.1989567
1.1989552
1.198951
1.1989393
1.1989069
1.1988243
1.1986346
1.198385
1.1981283
1.1979356
1.1977443
1.1976094
1.1974551
1.1973518
1.1972222
1.1971446
1.1970383
1.1969857
1.196899
1.196865
1.1968027
1.1967293
1.199052
1.1990497
1.1990464
1.1990421
1.1990372
1.1990323
1.1990277
1.1990236
1.1990198
1.1990162
1.1990125
1.1990087
1.199005
1.1990014
1.1989978
1.1989943
1.198991
1.1989878
1.1989848
1.1989819
1.1989793
1.1989768
1.1989744
1.1989723
1.1989703
1.1989684
1.1989667
1.1989651
1.1989637
1.1989623
1.1989611
1.19896
1.198959
1.1989581
1.1989573
1.1989566
1.198956
1.1989554
1.198955
1.1989546
1.1989542
1.198954
1.1989538
1.1989537
1.1989536
1.1989535
1.1989535
1.1989536
1.1989537
1.1989538
1.1989539
1.198954
1.1989542
1.1989544
1.1989546
1.1989547
1.1989549
1.1989551
1.1989553
1.1989555
1.1989557
1.1989559
1.1989561
1.1989562
1.1989564
1.1989566
1.1989567
1.1989568
1.198957
1.1989571
1.1989572
1.1989573
1.1989574
1.1989575
1.1989574
1.1989573
1.1989566
1.1989546
1.1989486
1.1989318
1.1988842
1.198772
1.1985333
1.1982856
1.1980436
1.1978677
1.1976843
1.1975607
1.1974099
1.197315
1.1971873
1.197119
1.1970137
1.1969679
1.1968922
1.1968037
1.1990491
1.1990471
1.1990441
1.1990403
1.1990359
1.1990313
1.199027
1.199023
1.1990193
1.1990157
1.1990121
1.1990084
1.1990048
1.1990012
1.1989977
1.1989943
1.198991
1.1989879
1.1989849
1.1989821
1.1989794
1.1989769
1.1989746
1.1989724
1.1989704
1.1989686
1.1989668
1.1989652
1.1989638
1.1989624
1.1989612
1.1989601
1.1989591
1.1989582
1.1989574
1.1989567
1.1989561
1.1989555
1.198955
1.1989546
1.1989543
1.1989541
1.1989539
1.1989537
1.1989536
1.1989536
1.1989536
1.1989536
1.1989537
1.1989538
1.1989539
1.1989541
1.1989542
1.1989544
1.1989546
1.1989548
1.198955
1.1989552
1.1989554
1.1989555
1.1989557
1.1989559
1.1989561
1.1989563
1.1989564
1.1989566
1.1989567
1.1989568
1.198957
1.1989571
1.1989572
1.1989573
1.1989574
1.1989575
1.1989576
1.1989576
1.1989576
1.1989573
1.1989564
1.1989535
1.1989448
1.1989203
1.1988513
1.1986937
1.1984273
1.198193
1.1979624
1.1978054
1.1976266
1.1975143
1.1973652
1.1972801
1.1971542
1.1970927
1.1970024
1.1968939
1.1990463
1.1990444
1.1990418
1.1990383
1.1990344
1.1990302
1.1990261
1.1990223
1.1990187
1.1990152
1.1990116
1.1990081
1.1990045
1.199001
1.1989976
1.1989943
1.198991
1.1989879
1.198985
1.1989822
1.1989795
1.1989771
1.1989747
1.1989726
1.1989706
1.1989687
1.198967
1.1989654
1.1989639
1.1989626
1.1989614
1.1989602
1.1989592
1.1989583
1.1989575
1.1989568
1.1989561
1.1989556
1.1989551
1.1989547
1.1989544
1.1989541
1.1989539
1.1989538
1.1989537
1.1989536
1.1989536
1.1989537
1.1989537
1.1989538
1.198954
1.1989541
1.1989543
1.1989544
1.1989546
1.1989548
1.198955
1.1989552
1.1989554
1.1989556
1.1989558
1.1989559
1.1989561
1.1989563
1.1989564
1.1989566
1.1989567
1.1989569
1.198957
1.1989571
1.1989572
1.1989573
1.1989574
1.1989575
1.1989576
1.1989577
1.1989577
1.1989578
1.1989577
1.1989573
1.1989559
1.1989518
1.1989389
1.1989017
1.198804
1.1985943
1.1983197
1.1981075
1.1978849
1.1977459
1.1975709
1.1974699
1.1973231
1.1972434
1.1971378
1.1970042
1.1990435
1.1990418
1.1990395
1.1990364
1.1990328
1.199029
1.1990252
1.1990216
1.199018
1.1990146
1.1990112
1.1990077
1.1990042
1.1990008
1.1989975
1.1989942
1.198991
1.198988
1.198985
1.1989823
1.1989797
1.1989772
1.1989749
1.1989727
1.1989707
1.1989689
1.1989671
1.1989655
1.1989641
1.1989627
1.1989615
1.1989604
1.1989593
1.1989584
1.1989576
1.1989569
1.1989562
1.1989557
1.1989552
1.1989548
1.1989545
1.1989542
1.198954
1.1989538
1.1989537
1.1989537
1.1989537
1.1989537
1.1989538
1.1989539
1.198954
1.1989541
1.1989543
1.1989545
1.1989546
1.1989548
1.198955
1.1989552
1.1989554
1.1989556
1.1989558
1.198956
1.1989561
1.1989563
1.1989564
1.1989566
1.1989567
1.1989569
1.198957
1.1989571
1.1989572
1.1989573
1.1989574
1.1989575
1.1989576
1.1989577
1.1989577
1.1989578
1.1989579
1.1989579
1.1989577
1.1989572
1.1989552
1.198949
1.1989296
1.1988722
1.1987284
1.1984884
1.1982152
1.1980268
1.1978133
1.1976882
1.1975201
1.1974216
1.1973015
1.1971387
1.1990408
1.1990393
1.1990371
1.1990344
1.1990312
1.1990277
1.1990242
1.1990207
1.1990173
1.199014
1.1990106
1.1990073
1.1990039
1.1990006
1.1989973
1.1989941
1.198991
1.198988
1.1989851
1.1989824
1.1989798
1.1989773
1.198975
1.1989729
1.1989709
1.198969
1.1989673
1.1989657
1.1989642
1.1989628
1.1989616
1.1989605
1.1989595
1.1989585
1.1989577
1.198957
1.1989563
1.1989558
1.1989553
1.1989549
1.1989545
1.1989543
1.1989541
1.1989539
1.1989538
1.1989538
1.1989537
1.1989538
1.1989538
1.1989539
1.198954
1.1989542
1.1989543
1.1989545
1.1989547
1.1989549
1.1989551
1.1989552
1.1989554
1.1989556
1.1989558
1.198956
1.1989561
1.1989563
1.1989565
1.1989566
1.1989567
1.1989569
1.198957
1.1989571
1.1989572
1.1989573
1.1989574
1.1989575
1.1989576
1.1989577
1.1989578
1.1989578
1.1989579
1.198958
1.198958
1.198958
1.1989577
1.1989569
1.198954
1.1989442
1.1989133
1.1988284
1.1986266
1.1983837
1.1981189
1.1979484
1.1977504
1.1976267
1.1974934
1.1973007
1.1990382
1.1990368
1.1990349
1.1990324
1.1990295
1.1990263
1.1990231
1.1990198
1.1990165
1.1990133
1.1990101
1.1990068
1.1990036
1.1990003
1.1989971
1.198994
1.1989909
1.198988
1.1989851
1.1989824
1.1989799
1.1989774
1.1989752
1.198973
1.198971
1.1989692
1.1989674
1.1989658
1.1989643
1.198963
1.1989617
1.1989606
1.1989596
1.1989587
1.1989578
1.1989571
1.1989564
1.1989559
1.1989554
1.198955
1.1989546
1.1989544
1.1989541
1.198954
1.1989539
1.1989538
1.1989538
1.1989538
1.1989539
1.198954
1.1989541
1.1989542
1.1989544
1.1989545
1.1989547
1.1989549
1.1989551
1.1989553
1.1989555
1.1989556
1.1989558
1.198956
1.1989562
1.1989563
1.1989565
1.1989566
1.1989568
1.1989569
1.198957
1.1989571
1.1989572
1.1989573
1.1989574
1.1989575
1.1989576
1.1989577
1.1989578
1.1989578
1.1989579
1.198958
1.198958
1.1989581
1.1989581
1.198958
1.1989577
1.1989564
1.1989517
1.1989363
1.1988873
1.1987678
1.198513
1.1982777
1.1980348
1.1978677
1.1977155
1.1974913
1.1990356
1.1990343
1.1990326
1.1990304
1.1990277
1.1990249
1.1990218
1.1990188
1.1990157
1.1990126
1.1990094
1.1990063
1.1990031
1.199
1.1989969
1.1989938
1.1989908
1.198988
1.1989852
1.1989825
1.19898
1.1989776
1.1989753
1.1989732
1.1989712
1.1989693
1.1989676
1.198966
1.1989645
1.1989631
1.1989619
1.1989608
1.1989597
1.1989588
1.1989579
1.1989572
1.1989565
1.198956
1.1989555
1.1989551
1.1989547
1.1989544
1.1989542
1.1989541
1.1989539
1.1989539
1.1989539
1.1989539
1.1989539
1.198954
1.1989541
1.1989543
1.1989544
1.1989546
1.1989548
1.1989549
1.1989551
1.1989553
1.1989555
1.1989557
1.1989558
1.198956
1.1989562
1.1989563
1.1989565
1.1989566
1.1989568
1.1989569
1.198957
1.1989571
1.1989572
1.1989573
1.1989574
1.1989575
1.1989576
1.1989577
1.1989578
1.1989578
1.1989579
1.198958
1.198958
1.1989581
1.1989581
1.1989582
1.1989582
1.1989581
1.1989575
1.1989555
1.1989478
1.1989231
1.198849
1.1986708
1.1984049
1.1981686
1.1979838
1.1977128
1.199033
1.1990319
1.1990303
1.1990283
1.1990259
1.1990233
1.1990205
1.1990176
1.1990147
1.1990117
1.1990087
1.1990057
1.1990027
1.1989996
1.1989966
1.1989936
1.1989907
1.1989879
1.1989852
1.1989825
1.19898
1.1989777
1.1989754
1.1989733
1.1989713
1.1989695
1.1989677
1.1989661
1.1989646
1.1989633
1.198962
1.1989609
1.1989598
1.1989589
1.1989581
1.1989573
1.1989567
1.1989561
1.1989556
1.1989552
1.1989548
1.1989545
1.1989543
1.1989541
1.198954
1.198954
1.1989539
1.198954
1.198954
1.1989541
1.1989542
1.1989543
1.1989545
1.1989546
1.1989548
1.198955
1.1989552
1.1989553
1.1989555
1.1989557
1.1989559
1.198956
1.1989562
1.1989564
1.1989565
1.1989567
1.1989568
1.1989569
1.198957
1.1989572
1.1989573
1.1989574
1.1989574
1.1989575
1.1989576
1.1989577
1.1989578
1.1989578
1.1989579
1.198958
1.198958
1.1989581
1.1989581
1.1989582
1.1989582
1.1989582
1.1989582
1.1989581
1.1989571
1.1989538
1.1989413
1.1988991
1.1987924
1.1985463
1.1983282
1.1979808
1.1990305
1.1990294
1.199028
1.1990262
1.1990241
1.1990217
1.1990191
1.1990165
1.1990137
1.1990109
1.199008
1.1990051
1.1990022
1.1989992
1.1989963
1.1989934
1.1989906
1.1989878
1.1989851
1.1989825
1.1989801
1.1989777
1.1989755
1.1989734
1.1989714
1.1989696
1.1989679
1.1989663
1.1989648
1.1989634
1.1989622
1.198961
1.19896
1.198959
1.1989582
1.1989574
1.1989568
1.1989562
1.1989557
1.1989553
1.1989549
1.1989546
1.1989544
1.1989542
1.1989541
1.198954
1.198954
1.198954
1.1989541
1.1989541
1.1989542
1.1989544
1.1989545
1.1989547
1.1989548
1.198955
1.1989552
1.1989554
1.1989555
1.1989557
1.1989559
1.1989561
1.1989562
1.1989564
1.1989565
1.1989567
1.1989568
1.1989569
1.198957
1.1989572
1.1989573
1.1989574
1.1989575
1.1989575
1.1989576
1.1989577
1.1989578
1.1989578
1.1989579
1.198958
1.198958
1.1989581
1.1989581
1.1989582
1.1989582
1.1989583
1.1989583
1.1989583
1.1989583
1.198958
1.1989565
1.1989507
1.19893
1.1988608
1.198719
1.1983212
1.199028
1.199027
1.1990258
1.1990241
1.1990222
1.19902
1.1990177
1.1990152
1.1990126
1.1990099
1.1990072
1.1990044
1.1990016
1.1989988
1.1989959
1.1989931
1.1989904
1.1989877
1.1989851
1.1989825
1.1989801
1.1989778
1.1989756
1.1989735
1.1989716
1.1989697
1.198968
1.1989664
1.1989649
1.1989636
1.1989623
1.1989612
1.1989601
1.1989592
1.1989583
1.1989576
1.1989569
1.1989563
1.1989558
1.1989554
1.198955
1.1989547
1.1989545
1.1989543
1.1989542
1.1989541
1.1989541
1.1989541
1.1989541
1.1989542
1.1989543
1.1989544
1.1989546
1.1989547
1.1989549
1.1989551
1.1989552
1.1989554
1.1989556
1.1989558
1.1989559
1.1989561
1.1989562
1.1989564
1.1989565
1.1989567
1.1989568
1.1989569
1.1989571
1.1989572
1.1989573
1.1989574
1.1989575
1.1989576
1.1989576
1.1989577
1.1989578
1.1989578
1.1989579
1.198958
1.198958
1.1989581
1.1989581
1.1989582
1.1989582
1.1989583
1.1989583
1.1989583
1.1989584
1.1989584
1.1989583
1.1989579
1.1989553
1.1989455
1.1989124
1.1986748
1.1990255
1.1990247
1.1990235
1.199022
1.1990203
1.1990183
1.1990162
1.1990138
1.1990114
1.1990089
1.1990063
1.1990037
1.199001
1.1989982
1.1989955
1.1989928
1.1989901
1.1989875
1.198985
1.1989825
1.1989801
1.1989778
1.1989757
1.1989736
1.1989717
1.1989698
1.1989681
1.1989665
1.1989651
1.1989637
1.1989624
1.1989613
1.1989602
1.1989593
1.1989584
1.1989577
1.198957
1.1989564
1.1989559
1.1989555
1.1989551
1.1989548
1.1989546
1.1989544
1.1989543
1.1989542
1.1989541
1.1989541
1.1989542
1.1989543
1.1989544
1.1989545
1.1989546
1.1989548
1.1989549
1.1989551
1.1989553
1.1989554
1.1989556
1.1989558
1.198956
1.1989561
1.1989563
1.1989564
1.1989566
1.1989567
1.1989568
1.198957
1.1989571
1.1989572
1.1989573
1.1989574
1.1989575
1.1989576
1.1989576
1.1989577
1.1989578
1.1989578
1.1989579
1.198958
1.198958
1.1989581
1.1989581
1.1989582
1.1989582
1.1989583
1.1989583
1.1989583
1.1989584
1.1989584
1.1989584
1.1989586
1.198958
1.1989572
1.198958
1.1988724
1.1990231
1.1990223
1.1990212
1.1990199
1.1990184
1.1990166
1.1990146
1.1990124
1.1990102
1.1990078
1.1990054
1.1990028
1.1990003
1.1989977
1.1989951
1.1989925
1.1989899
1.1989873
1.1989848
1.1989824
1.1989801
1.1989778
1.1989757
1.1989737
1.1989718
1.1989699
1.1989682
1.1989667
1.1989652
1.1989638
1.1989626
1.1989614
1.1989604
1.1989594
1.1989586
1.1989578
1.1989571
1.1989565
1.198956
1.1989556
1.1989552
1.1989549
1.1989546
1.1989545
1.1989543
1.1989543
1.1989542
1.1989542
1.1989543
1.1989543
1.1989544
1.1989545
1.1989547
1.1989548
1.198955
1.1989551
1.1989553
1.1989555
1.1989556
1.1989558
1.198956
1.1989561
1.1989563
1.1989564
1.1989566
1.1989567
1.1989568
1.198957
1.1989571
1.1989572
1.1989573
1.1989574
1.1989575
1.1989576
1.1989576
1.1989577
1.1989578
1.1989578
1.1989579
1.198958
1.198958
1.1989581
1.1989581
1.1989582
1.1989582
1.1989583
1.1989583
1.1989583
1.1989584
1.1989584
1.1989584
1.1989586
1.1989586
1.1989582
1.1989649
1.1989306
1.1990207
1.19902
1.199019
1.1990178
1.1990164
1.1990148
1.1990129
1.199011
1.1990089
1.1990067
1.1990043
1.199002
1.1989995
1.198997
1.1989945
1.198992
1.1989895
1.1989871
1.1989847
1.1989823
1.19898
1.1989778
1.1989757
1.1989737
1.1989718
1.19897
1.1989684
1.1989668
1.1989653
1.198964
1.1989627
1.1989616
1.1989605
1.1989595
1.1989587
1.1989579
1.1989572
1.1989566
1.1989561
1.1989557
1.1989553
1.198955
1.1989547
1.1989546
1.1989544
1.1989543
1.1989543
1.1989543
1.1989543
1.1989544
1.1989545
1.1989546
1.1989547
1.1989549
1.198955
1.1989552
1.1989553
1.1989555
1.1989557
1.1989558
1.198956
1.1989562
1.1989563
1.1989565
1.1989566
1.1989567
1.1989569
1.198957
1.1989571
1.1989572
1.1989573
1.1989574
1.1989575
1.1989576
1.1989576
1.1989577
1.1989578
1.1989578
1.1989579
1.198958
1.198958
1.1989581
1.1989581
1.1989582
1.1989582
1.1989582
1.1989583
1.1989583
1.1989583
1.1989584
1.1989584
1.1989586
1.1989587
1.1989581
1.1989656
1.1989413
1.1990183
1.1990176
1.1990168
1.1990157
1.1990144
1.1990129
1.1990113
1.1990094
1.1990075
1.1990054
1.1990033
1.199001
1.1989987
1.1989964
1.198994
1.1989916
1.1989892
1.1989868
1.1989844
1.1989822
1.1989799
1.1989778
1.1989757
1.1989738
1.1989719
1.1989701
1.1989684
1.1989669
1.1989654
1.1989641
1.1989628
1.1989617
1.1989606
1.1989597
1.1989588
1.198958
1.1989574
1.1989567
1.1989562
1.1989558
1.1989554
1.1989551
1.1989548
1.1989546
1.1989545
1.1989544
1.1989544
1.1989544
1.1989544
1.1989545
1.1989545
1.1989546
1.1989548
1.1989549
1.1989551
1.1989552
1.1989554
1.1989555
1.1989557
1.1989559
1.198956
1.1989562
1.1989563
1.1989565
1.1989566
1.1989568
1.1989569
1.198957
1.1989571
1.1989572
1.1989573
1.1989574
1.1989575
1.1989576
1.1989576
1.1989577
1.1989578
1.1989578
1.1989579
1.198958
1.198958
1.1989581
1.1989581
1.1989582
1.1989582
1.1989582
1.1989583
1.1989583
1.1989583
1.1989584
1.1989584
1.1989585
1.1989587
1.1989581
1.1989654
1.1989432
1.1990159
1.1990153
1.1990145
1.1990135
1.1990124
1.199011
1.1990095
1.1990079
1.1990061
1.1990041
1.1990021
1.199
1.1989978
1.1989956
1.1989933
1.198991
1.1989887
1.1989864
1.1989842
1.198982
1.1989798
1.1989777
1.1989757
1.1989738
1.1989719
1.1989702
1.1989685
1.198967
1.1989655
1.1989642
1.1989629
1.1989618
1.1989607
1.1989598
1.1989589
1.1989582
1.1989575
1.1989569
1.1989563
1.1989559
1.1989555
1.1989552
1.1989549
1.1989547
1.1989546
1.1989545
1.1989545
1.1989544
1.1989545
1.1989545
1.1989546
1.1989547
1.1989548
1.198955
1.1989551
1.1989553
1.1989554
1.1989556
1.1989557
1.1989559
1.1989561
1.1989562
1.1989564
1.1989565
1.1989566
1.1989568
1.1989569
1.198957
1.1989571
1.1989572
1.1989573
1.1989574
1.1989575
1.1989576
1.1989576
1.1989577
1.1989578
1.1989578
1.1989579
1.198958
1.198958
1.1989581
1.1989581
1.1989581
1.1989582
1.1989582
1.1989583
1.1989583
1.1989583
1.1989584
1.1989584
1.1989585
1.1989587
1.1989581
1.1989651
1.1989439
1.1990136
1.199013
1.1990123
1.1990114
1.1990103
1.1990091
1.1990077
1.1990062
1.1990046
1.1990028
1.1990009
1.1989989
1.1989969
1.1989948
1.1989926
1.1989904
1.1989883
1.1989861
1.1989839
1.1989817
1.1989796
1.1989776
1.1989756
1.1989737
1.1989719
1.1989702
1.1989686
1.1989671
1.1989656
1.1989643
1.1989631
1.1989619
1.1989609
1.1989599
1.198959
1.1989583
1.1989576
1.198957
1.1989564
1.198956
1.1989556
1.1989553
1.198955
1.1989548
1.1989547
1.1989546
1.1989545
1.1989545
1.1989545
1.1989546
1.1989547
1.1989548
1.1989549
1.198955
1.1989552
1.1989553
1.1989555
1.1989556
1.1989558
1.1989559
1.1989561
1.1989562
1.1989564
1.1989565
1.1989567
1.1989568
1.1989569
1.198957
1.1989571
1.1989572
1.1989573
1.1989574
1.1989575
1.1989576
1.1989576
1.1989577
1.1989578
1.1989578
1.1989579
1.1989579
1.198958
1.198958
1.1989581
1.1989581
1.1989582
1.1989582
1.1989582
1.1989583
1.1989583
1.1989584
1.1989584
1.1989585
1.1989587
1.1989581
1.1989648
1.1989444
1.1990112
1.1990107
1.1990101
1.1990093
1.1990083
1.1990072
1.1990059
1.1990046
1.199003
1.1990014
1.1989997
1.1989978
1.1989959
1.1989939
1.1989919
1.1989898
1.1989877
1.1989856
1.1989835
1.1989815
1.1989794
1.1989774
1.1989755
1.1989737
1.1989719
1.1989702
1.1989686
1.1989671
1.1989657
1.1989644
1.1989632
1.198962
1.198961
1.19896
1.1989592
1.1989584
1.1989577
1.1989571
1.1989566
1.1989561
1.1989557
1.1989554
1.1989551
1.1989549
1.1989548
1.1989547
1.1989546
1.1989546
1.1989546
1.1989547
1.1989547
1.1989548
1.1989549
1.1989551
1.1989552
1.1989554
1.1989555
1.1989557
1.1989558
1.198956
1.1989561
1.1989563
1.1989564
1.1989565
1.1989567
1.1989568
1.1989569
1.198957
1.1989571
1.1989572
1.1989573
1.1989574
1.1989575
1.1989576
1.1989576
1.1989577
1.1989578
1.1989578
1.1989579
1.1989579
1.198958
1.198958
1.1989581
1.1989581
1.1989581
1.1989582
1.1989582
1.1989583
1.1989583
1.1989584
1.1989584
1.1989585
1.1989587
1.1989581
1.1989645
1.198945
1.1990089
1.1990084
1.1990078
1.1990071
1.1990062
1.1990052
1.1990041
1.1990028
1.1990014
1.1989999
1.1989983
1.1989966
1.1989948
1.198993
1.198991
1.1989891
1.1989871
1.1989851
1.1989831
1.1989811
1.1989792
1.1989773
1.1989754
1.1989736
1.1989719
1.1989702
1.1989686
1.1989672
1.1989658
1.1989645
1.1989632
1.1989621
1.1989611
1.1989601
1.1989593
1.1989585
1.1989578
1.1989572
1.1989567
1.1989562
1.1989558
1.1989555
1.1989552
1.198955
1.1989549
1.1989548
1.1989547
1.1989547
1.1989547
1.1989547
1.1989548
1.1989549
1.198955
1.1989551
1.1989553
1.1989554
1.1989556
1.1989557
1.1989559
1.198956
1.1989561
1.1989563
1.1989564
1.1989566
1.1989567
1.1989568
1.1989569
1.198957
1.1989571
1.1989572
1.1989573
1.1989574
1.1989575
1.1989576
1.1989576
1.1989577
1.1989578
1.1989578
1.1989579
1.1989579
1.198958
1.198958
1.1989581
1.1989581
1.1989581
1.1989582
1.1989582
1.1989583
1.1989583
1.1989583
1.1989584
1.1989585
1.1989587
1.1989581
1.1989641
1.1989455
1.1990066
1.1990062
1.1990056
1.199005
1.1990042
1.1990033
1.1990022
1.1990011
1.1989998
1.1989984
1.1989969
1.1989954
1.1989937
1.1989919
1.1989902
1.1989883
1.1989864
1.1989845
1.1989826
1.1989807
1.1989789
1.198977
1.1989752
1.1989735
1.1989718
1.1989702
1.1989686
1.1989672
1.1989658
1.1989645
1.1989633
1.1989622
1.1989612
1.1989602
1.1989594
1.1989586
1.1989579
1.1989573
1.1989568
1.1989563
1.1989559
1.1989556
1.1989553
1.1989551
1.198955
1.1989549
1.1989548
1.1989548
1.1989548
1.1989548
1.1989549
1.198955
1.1989551
1.1989552
1.1989553
1.1989555
1.1989556
1.1989557
1.1989559
1.198956
1.1989562
1.1989563
1.1989565
1.1989566
1.1989567
1.1989568
1.1989569
1.198957
1.1989571
1.1989572
1.1989573
1.1989574
1.1989575
1.1989576
1.1989576
1.1989577
1.1989577
1.1989578
1.1989579
1.1989579
1.198958
1.198958
1.198958
1.1989581
1.1989581
1.1989582
1.1989582
1.1989582
1.1989583
1.1989583
1.1989583
1.1989584
1.1989587
1.1989581
1.1989638
1.1989461
1.1990043
1.1990039
1.1990034
1.1990028
1.1990021
1.1990013
1.1990003
1.1989993
1.1989981
1.1989969
1.1989955
1.198994
1.1989925
1.1989909
1.1989892
1.1989875
1.1989857
1.1989839
1.1989821
1.1989803
1.1989785
1.1989767
1.198975
1.1989733
1.1989717
1.1989701
1.1989686
1.1989672
1.1989658
1.1989645
1.1989634
1.1989623
1.1989612
1.1989603
1.1989595
1.1989587
1.198958
1.1989574
1.1989569
1.1989564
1.198956
1.1989557
1.1989554
1.1989552
1.1989551
1.198955
1.1989549
1.1989549
1.1989549
1.1989549
1.198955
1.198955
1.1989551
1.1989552
1.1989554
1.1989555
1.1989556
1.1989558
1.1989559
1.1989561
1.1989562
1.1989563
1.1989565
1.1989566
1.1989567
1.1989568
1.1989569
1.1989571
1.1989571
1.1989572
1.1989573
1.1989574
1.1989575
1.1989576
1.1989576
1.1989577
1.1989577
1.1989578
1.1989578
1.1989579
1.1989579
1.198958
1.198958
1.1989581
1.1989581
1.1989581
1.1989582
1.1989582
1.1989582
1.1989583
1.1989583
1.1989584
1.1989586
1.1989581
1.1989635
1.1989467
1.199002
1.1990016
1.1990012
1.1990006
1.199
1.1989992
1.1989984
1.1989974
1.1989964
1.1989952
1.198994
1.1989926
1.1989912
1.1989897
1.1989882
1.1989865
1.1989849
1.1989832
1.1989815
1.1989798
1.1989781
1.1989764
1.1989747
1.1989731
1.1989715
1.19897
1.1989685
1.1989671
1.1989658
1.1989646
1.1989634
1.1989623
1.1989613
1.1989604
1.1989596
1.1989588
1.1989581
1.1989575
1.198957
1.1989565
1.1989561
1.1989558
1.1989555
1.1989553
1.1989552
1.1989551
1.198955
1.1989549
1.1989549
1.198955
1.198955
1.1989551
1.1989552
1.1989553
1.1989554
1.1989556
1.1989557
1.1989558
1.198956
1.1989561
1.1989562
1.1989564
1.1989565
1.1989566
1.1989567
1.1989568
1.198957
1.1989571
1.1989571
1.1989572
1.1989573
1.1989574
1.1989575
1.1989575
1.1989576
1.1989577
1.1989577
1.1989578
1.1989578
1.1989579
1.1989579
1.198958
1.198958
1.198958
1.1989581
1.1989581
1.1989581
1.1989582
1.1989582
1.1989583
1.1989583
1.1989584
1.1989586
1.1989581
1.1989631
1.1989472
1.1989997
1.1989994
1.198999
1.1989985
1.1989979
1.1989972
1.1989964
1.1989956
1.1989946
1.1989936
1.1989924
1.1989912
1.1989899
1.1989885
1.1989871
1.1989856
1.198984
1.1989824
1.1989808
1.1989792
1.1989776
1.1989759
1.1989744
1.1989728
1.1989713
1.1989698
1.1989684
1.198967
1.1989658
1.1989645
1.1989634
1.1989623
1.1989614
1.1989605
1.1989596
1.1989589
1.1989582
1.1989576
1.1989571
1.1989566
1.1989562
1.1989559
1.1989556
1.1989554
1.1989553
1.1989551
1.1989551
1.198955
1.198955
1.1989551
1.1989551
1.1989552
1.1989553
1.1989554
1.1989555
1.1989556
1.1989557
1.1989559
1.198956
1.1989561
1.1989563
1.1989564
1.1989565
1.1989566
1.1989567
1.1989569
1.198957
1.1989571
1.1989571
1.1989572
1.1989573
1.1989574
1.1989575
1.1989575
1.1989576
1.1989576
1.1989577
1.1989578
1.1989578
1.1989579
1.1989579
1.1989579
1.198958
1.198958
1.198958
1.1989581
1.1989581
1.1989582
1.1989582
1.1989582
1.1989583
1.1989583
1.1989586
1.1989581
1.1989628
1.1989478
1.1989974
1.1989971
1.1989968
1.1989963
1.1989958
1.1989952
1.1989945
1.1989937
1.1989928
1.1989919
1.1989908
1.1989897
1.1989885
1.1989872
1.1989859
1.1989845
1.1989831
1.1989816
1.1989801
1.1989785
1.198977
1.1989755
1.198974
1.1989725
1.198971
1.1989696
1.1989682
1.1989669
1.1989657
1.1989645
1.1989634
1.1989624
1.1989614
1.1989605
1.1989597
1.198959
1.1989583
1.1989577
1.1989572
1.1989567
1.1989563
1.198956
1.1989557
1.1989555
1.1989554
1.1989552
1.1989552
1.1989551
1.1989551
1.1989551
1.1989552
1.1989552
1.1989553
1.1989554
1.1989555
1.1989557
1.1989558
1.1989559
1.198956
1.1989562
1.1989563
1.1989564
1.1989565
1.1989566
1.1989568
1.1989569
1.198957
1.1989571
1.1989571
1.1989572
1.1989573
1.1989574
1.1989574
1.1989575
1.1989576
1.1989576
1.1989577
1.1989577
1.1989578
1.1989578
1.1989579
1.1989579
1.1989579
1.198958
1.198958
1.198958
1.1989581
1.1989581
1.1989581
1.1989582
1.1989582
1.1989583
1.1989585
1.1989581
1.1989624
1.1989484
1.1989952
1.1989949
1.1989945
1.1989941
1.1989936
1.1989931
1.1989925
1.1989918
1.198991
1.1989901
1.1989892
1.1989882
1.1989871
1.1989859
1.1989847
1.1989834
1.198982
1.1989807
1.1989793
1.1989778
1.1989764
1.1989749
1.1989735
1.1989721
1.1989707
1.1989693
1.198968
1.1989668
1.1989656
1.1989644
1.1989633
1.1989623
1.1989614
1.1989605
1.1989597
1.198959
1.1989584
1.1989578
1.1989573
1.1989568
1.1989564
1.1989561
1.1989558
1.1989556
1.1989555
1.1989553
1.1989553
1.1989552
1.1989552
1.1989552
1.1989553
1.1989553
1.1989554
1.1989555
1.1989556
1.1989557
1.1989558
1.1989559
1.1989561
1.1989562
1.1989563
1.1989564
1.1989565
1.1989567
1.1989568
1.1989569
1.198957
1.1989571
1.1989571
1.1989572
1.1989573
1.1989574
1.1989574
1.1989575
1.1989576
1.1989576
1.1989577
1.1989577
1.1989577
1.1989578
1.1989578
1.1989579
1.1989579
1.1989579
1.198958
1.198958
1.198958
1.1989581
1.1989581
1.1989581
1.1989582
1.1989582
1.1989585
1.198958
1.1989621
1.198949
1.1989929
1.1989926
1.1989923
1.1989919
1.1989915
1.198991
1.1989904
1.1989898
1.1989891
1.1989883
1.1989875
1.1989865
1.1989856
1.1989845
1.1989834
1.1989822
1.198981
1.1989797
1.1989784
1.198977
1.1989757
1.1989743
1.198973
1.1989716
1.1989703
1.198969
1.1989678
1.1989666
1.1989654
1.1989643
1.1989633
1.1989623
1.1989614
1.1989605
1.1989598
1.198959
1.1989584
1.1989578
1.1989573
1.1989569
1.1989565
1.1989562
1.1989559
1.1989557
1.1989556
1.1989554
1.1989553
1.1989553
1.1989553
1.1989553
1.1989553
1.1989554
1.1989555
1.1989556
1.1989557
1.1989558
1.1989559
1.198956
1.1989561
1.1989562
1.1989563
1.1989565
1.1989566
1.1989567
1.1989568
1.1989569
1.198957
1.198957
1.1989571
1.1989572
1.1989573
1.1989573
1.1989574
1.1989575
1.1989575
1.1989576
1.1989576
1.1989577
1.1989577
1.1989578
1.1989578
1.1989578
1.1989579
1.1989579
1.1989579
1.198958
1.198958
1.198958
1.198958
1.1989581
1.1989581
1.1989582
1.1989584
1.198958
1.1989617
1.1989495
1.1989906
1.1989903
1.1989901
1.1989897
1.1989893
1.1989889
1.1989884
1.1989878
1.1989872
1.1989865
1.1989857
1.1989849
1.198984
1.198983
1.198982
1.1989809
1.1989798
1.1989786
1.1989774
1.1989762
1.1989749
1.1989737
1.1989724
1.1989711
1.1989699
1.1989687
1.1989675
1.1989663
1.1989652
1.1989641
1.1989631
1.1989622
1.1989613
1.1989605
1.1989598
1.1989591
1.1989584
1.1989579
1.1989574
1.198957
1.1989566
1.1989563
1.198956
1.1989558
1.1989556
1.1989555
1.1989554
1.1989554
1.1989554
1.1989554
1.1989554
1.1989555
1.1989555
1.1989556
1.1989557
1.1989558
1.1989559
1.198956
1.1989561
1.1989563
1.1989564
1.1989565
1.1989566
1.1989567
1.1989568
1.1989569
1.198957
1.198957
1.1989571
1.1989572
1.1989573
1.1989573
1.1989574
1.1989574
1.1989575
1.1989575
1.1989576
1.1989576
1.1989577
1.1989577
1.1989578
1.1989578
1.1989578
1.1989579
1.1989579
1.1989579
1.1989579
1.198958
1.198958
1.198958
1.1989581
1.1989581
1.1989584
1.198958
1.1989614
1.1989501
1.1989883
1.1989881
1.1989878
1.1989875
1.1989872
1.1989868
1.1989863
1.1989858
1.1989852
1.1989846
1.1989839
1.1989832
1.1989824
1.1989815
1.1989806
1.1989796
1.1989786
1.1989775
1.1989764
1.1989752
1.1989741
1.1989729
1.1989717
1.1989705
1.1989694
1.1989682
1.1989671
1.198966
1.198965
1.1989639
1.198963
1.1989621
1.1989612
1.1989605
1.1989597
1.1989591
1.1989585
1.1989579
1.1989575
1.198957
1.1989567
1.1989564
1.1989561
1.1989559
1.1989557
1.1989556
1.1989555
1.1989555
1.1989555
1.1989555
1.1989555
1.1989555
1.1989556
1.1989557
1.1989558
1.1989559
1.198956
1.1989561
1.1989562
1.1989563
1.1989564
1.1989565
1.1989566
1.1989567
1.1989568
1.1989569
1.1989569
1.198957
1.1989571
1.1989572
1.1989572
1.1989573
1.1989574
1.1989574
1.1989575
1.1989575
1.1989576
1.1989576
1.1989576
1.1989577
1.1989577
1.1989577
1.1989578
1.1989578
1.1989578
1.1989579
1.1989579
1.1989579
1.1989579
1.198958
1.198958
1.1989581
1.1989583
1.1989579
1.198961
1.1989506
1.198986
1.1989858
1.1989855
1.1989853
1.198985
1.1989846
1.1989842
1.1989838
1.1989833
1.1989827
1.1989821
1.1989814
1.1989807
1.1989799
1.1989791
1.1989782
1.1989772
1.1989763
1.1989753
1.1989742
1.1989732
1.1989721
1.198971
1.1989699
1.1989688
1.1989677
1.1989667
1.1989656
1.1989646
1.1989637
1.1989628
1.1989619
1.1989611
1.1989604
1.1989597
1.198959
1.1989585
1.1989579
1.1989575
1.1989571
1.1989567
1.1989564
1.1989562
1.198956
1.1989558
1.1989557
1.1989556
1.1989556
1.1989555
1.1989555
1.1989556
1.1989556
1.1989557
1.1989557
1.1989558
1.1989559
1.198956
1.1989561
1.1989562
1.1989563
1.1989564
1.1989565
1.1989566
1.1989567
1.1989568
1.1989569
1.1989569
1.198957
1.1989571
1.1989571
1.1989572
1.1989573
1.1989573
1.1989574
1.1989574
1.1989575
1.1989575
1.1989575
1.1989576
1.1989576
1.1989577
1.1989577
1.1989577
1.1989577
1.1989578
1.1989578
1.1989578
1.1989579
1.1989579
1.1989579
1.1989579
1.198958
1.1989582
1.1989579
1.1989606
1.1989512
1.1989836
1.1989835
1.1989833
1.198983
1.1989828
1.1989824
1.1989821
1.1989817
1.1989812
1.1989807
1.1989802
1.1989796
1.1989789
1.1989782
1.1989775
1.1989767
1.1989759
1.198975
1.1989741
1.1989731
1.1989721
1.1989712
1.1989702
1.1989691
1.1989681
1.1989671
1.1989662
1.1989652
1.1989643
1.1989634
1.1989625
1.1989617
1.198961
1.1989603
1.1989596
1.198959
1.1989584
1.1989579
1.1989575
1.1989571
1.1989568
1.1989565
1.1989563
1.1989561
1.1989559
1.1989558
1.1989557
1.1989556
1.1989556
1.1989556
1.1989556
1.1989557
1.1989557
1.1989558
1.1989559
1.198956
1.198956
1.1989561
1.1989562
1.1989563
1.1989564
1.1989565
1.1989566
1.1989567
1.1989568
1.1989568
1.1989569
1.198957
1.198957
1.1989571
1.1989572
1.1989572
1.1989573
1.1989573
1.1989574
1.1989574
1.1989575
1.1989575
1.1989575
1.1989576
1.1989576
1.1989576
1.1989576
1.1989577
1.1989577
1.1989577
1.1989577
1.1989578
1.1989578
1.1989578
1.1989579
1.1989579
1.1989581
1.1989578
1.1989603
1.1989517
1.1989813
1.1989811
1.198981
1.1989807
1.1989805
1.1989802
1.1989799
1.1989796
1.1989792
1.1989787
1.1989782
1.1989777
1.1989771
1.1989765
1.1989759
1.1989751
1.1989744
1.1989736
1.1989728
1.1989719
1.1989711
1.1989702
1.1989693
1.1989683
1.1989674
1.1989665
1.1989656
1.1989647
1.1989639
1.198963
1.1989622
1.1989615
1.1989608
1.1989601
1.1989595
1.1989589
1.1989584
1.1989579
1.1989575
1.1989571
1.1989568
1.1989565
1.1989563
1.1989561
1.198956
1.1989559
1.1989558
1.1989557
1.1989557
1.1989557
1.1989557
1.1989558
1.1989558
1.1989559
1.1989559
1.198956
1.1989561
1.1989562
1.1989563
1.1989563
1.1989564
1.1989565
1.1989566
1.1989567
1.1989567
1.1989568
1.1989569
1.198957
1.198957
1.1989571
1.1989571
1.1989572
1.1989572
1.1989573
1.1989573
1.1989574
1.1989574
1.1989574
1.1989575
1.1989575
1.1989575
1.1989575
1.1989576
1.1989576
1.1989576
1.1989576
1.1989577
1.1989577
1.1989577
1.1989577
1.1989578
1.1989578
1.198958
1.1989577
1.1989599
1.1989522
1.1989789
1.1989788
1.1989786
1.1989784
1.1989782
1.198978
1.1989777
1.1989774
1.198977
1.1989767
1.1989762
1.1989758
1.1989753
1.1989747
1.1989741
1.1989735
1.1989729
1.1989722
1.1989714
1.1989707
1.1989699
1.1989691
1.1989683
1.1989674
1.1989666
1.1989658
1.198965
1.1989642
1.1989634
1.1989626
1.1989619
1.1989612
1.1989605
1.1989599
1.1989593
1.1989588
1.1989583
1.1989579
1.1989575
1.1989571
1.1989568
1.1989566
1.1989564
1.1989562
1.198956
1.1989559
1.1989559
1.1989558
1.1989558
1.1989558
1.1989558
1.1989558
1.1989559
1.1989559
1.198956
1.198956
1.1989561
1.1989562
1.1989563
1.1989564
1.1989564
1.1989565
1.1989566
1.1989567
1.1989567
1.1989568
1.1989569
1.1989569
1.198957
1.198957
1.1989571
1.1989571
1.1989572
1.1989572
1.1989573
1.1989573
1.1989573
1.1989574
1.1989574
1.1989574
1.1989574
1.1989575
1.1989575
1.1989575
1.1989575
1.1989576
1.1989576
1.1989576
1.1989576
1.1989577
1.1989577
1.1989577
1.1989579
1.1989576
1.1989596
1.1989527
1.1989765
1.1989764
1.1989762
1.1989761
1.1989759
1.1989757
1.1989754
1.1989752
1.1989749
1.1989746
1.1989742
1.1989738
1.1989734
1.1989729
1.1989724
1.1989718
1.1989713
1.1989706
1.19897
1.1989693
1.1989686
1.1989679
1.1989672
1.1989665
1.1989657
1.198965
1.1989643
1.1989635
1.1989628
1.1989621
1.1989615
1.1989608
1.1989602
1.1989597
1.1989591
1.1989586
1.1989582
1.1989578
1.1989574
1.1989571
1.1989568
1.1989566
1.1989564
1.1989562
1.1989561
1.198956
1.1989559
1.1989559
1.1989559
1.1989558
1.1989559
1.1989559
1.1989559
1.198956
1.198956
1.1989561
1.1989562
1.1989562
1.1989563
1.1989564
1.1989564
1.1989565
1.1989566
1.1989566
1.1989567
1.1989568
1.1989568
1.1989569
1.1989569
1.198957
1.198957
1.1989571
1.1989571
1.1989571
1.1989572
1.1989572
1.1989572
1.1989573
1.1989573
1.1989573
1.1989574
1.1989574
1.1989574
1.1989574
1.1989574
1.1989575
1.1989575
1.1989575
1.1989575
1.1989575
1.1989576
1.1989576
1.1989578
1.1989575
1.1989592
1.1989532
1.198974
1.1989739
1.1989738
1.1989737
1.1989735
1.1989733
1.1989731
1.1989729
1.1989727
1.1989724
1.1989721
1.1989717
1.1989714
1.198971
1.1989705
1.1989701
1.1989696
1.198969
1.1989685
1.1989679
1.1989673
1.1989667
1.1989661
1.1989654
1.1989648
1.1989641
1.1989635
1.1989628
1.1989622
1.1989616
1.198961
1.1989604
1.1989599
1.1989594
1.1989589
1.1989585
1.1989581
1.1989577
1.1989574
1.1989571
1.1989568
1.1989566
1.1989564
1.1989563
1.1989562
1.1989561
1.198956
1.198956
1.1989559
1.1989559
1.1989559
1.198956
1.198956
1.198956
1.1989561
1.1989561
1.1989562
1.1989562
1.1989563
1.1989564
1.1989564
1.1989565
1.1989566
1.1989566
1.1989567
1.1989567
1.1989568
1.1989568
1.1989569
1.1989569
1.198957
1.198957
1.198957
1.1989571
1.1989571
1.1989571
1.1989572
1.1989572
1.1989572
1.1989572
1.1989573
1.1989573
1.1989573
1.1989573
1.1989573
1.1989574
1.1989574
1.1989574
1.1989574
1.1989574
1.1989575
1.1989575
1.1989576
1.1989574
1.1989589
1.1989536
1.1989715
1.1989715
1.1989714
1.1989712
1.1989711
1.198971
1.1989708
1.1989706
1.1989704
1.1989701
1.1989699
1.1989696
1.1989693
1.198969
1.1989686
1.1989682
1.1989678
1.1989673
1.1989669
1.1989664
1.1989659
1.1989654
1.1989648
1.1989643
1.1989637
1.1989631
1.1989626
1.198962
1.1989615
1.198961
1.1989604
1.19896
1.1989595
1.198959
1.1989586
1.1989582
1.1989579
1.1989576
1.1989573
1.198957
1.1989568
1.1989566
1.1989565
1.1989563
1.1989562
1.1989561
1.1989561
1.198956
1.198956
1.198956
1.198956
1.198956
1.198956
1.1989561
1.1989561
1.1989562
1.1989562
1.1989563
1.1989563
1.1989564
1.1989564
1.1989565
1.1989565
1.1989566
1.1989566
1.1989567
1.1989567
1.1989568
1.1989568
1.1989569
1.1989569
1.1989569
1.198957
1.198957
1.198957
1.198957
1.1989571
1.1989571
1.1989571
1.1989571
1.1989571
1.1989572
1.1989572
1.1989572
1.1989572
1.1989572
1.1989573
1.1989573
1.1989573
1.1989573
1.1989573
1.1989574
1.1989575
1.1989573
1.1989585
1.1989541
1.198969
1.1989689
1.1989688
1.1989687
1.1989686
1.1989685
1.1989684
1.1989682
1.198968
1.1989678
1.1989676
1.1989674
1.1989671
1.1989669
1.1989666
1.1989663
1.1989659
1.1989656
1.1989652
1.1989648
1.1989644
1.1989639
1.1989635
1.198963
1.1989626
1.1989621
1.1989616
1.1989612
1.1989607
1.1989603
1.1989598
1.1989594
1.198959
1.1989587
1.1989583
1.198958
1.1989577
1.1989574
1.1989572
1.1989569
1.1989568
1.1989566
1.1989565
1.1989563
1.1989562
1.1989562
1.1989561
1.1989561
1.1989561
1.1989561
1.1989561
1.1989561
1.1989561
1.1989561
1.1989562
1.1989562
1.1989562
1.1989563
1.1989563
1.1989564
1.1989564
1.1989565
1.1989565
1.1989566
1.1989566
1.1989566
1.1989567
1.1989567
1.1989567
1.1989568
1.1989568
1.1989568
1.1989569
1.1989569
1.1989569
1.1989569
1.198957
1.198957
1.198957
1.198957
1.198957
1.198957
1.1989571
1.1989571
1.1989571
1.1989571
1.1989571
1.1989571
1.1989571
1.1989572
1.1989572
1.1989572
1.1989573
1.1989572
1.1989581
1.1989545
1.1989663
1.1989663
1.1989662
1.1989661
1.1989661
1.198966
1.1989659
1.1989657
1.1989656
1.1989655
1.1989653
1.1989651
1.1989649
1.1989647
1.1989645
1.1989642
1.198964
1.1989637
1.1989634
1.1989631
1.1989627
1.1989624
1.198962
1.1989617
1.1989613
1.198961
1.1989606
1.1989602
1.1989599
1.1989595
1.1989592
1.1989588
1.1989585
1.1989582
1.1989579
1.1989577
1.1989574
1.1989572
1.198957
1.1989568
1.1989567
1.1989566
1.1989564
1.1989563
1.1989563
1.1989562
1.1989562
1.1989561
1.1989561
1.1989561
1.1989561
1.1989561
1.1989561
1.1989562
1.1989562
1.1989562
1.1989563
1.1989563
1.1989563
1.1989564
1.1989564
1.1989564
1.1989565
1.1989565
1.1989566
1.1989566
1.1989566
1.1989566
1.1989567
1.1989567
1.1989567
1.1989567
1.1989568
1.1989568
1.1989568
1.1989568
1.1989568
1.1989569
1.1989569
1.1989569
1.1989569
1.1989569
1.1989569
1.1989569
1.198957
1.198957
1.198957
1.198957
1.198957
1.198957
1.198957
1.198957
1.1989571
1.198957
1.1989578
1.198955
1.1989636
1.1989636
1.1989635
1.1989635
1.1989634
1.1989633
1.1989633
1.1989632
1.1989631
1.198963
1.1989629
1.1989627
1.1989626
1.1989624
1.1989623
1.1989621
1.1989619
1.1989617
1.1989615
1.1989613
1.198961
1.1989608
1.1989605
1.1989603
1.19896
1.1989597
1.1989595
1.1989592
1.1989589
1.1989587
1.1989584
1.1989582
1.1989579
1.1989577
1.1989575
1.1989573
1.1989572
1.198957
1.1989568
1.1989567
1.1989566
1.1989565
1.1989564
1.1989563
1.1989563
1.1989562
1.1989562
1.1989562
1.1989562
1.1989562
1.1989562
1.1989562
1.1989562
1.1989562
1.1989562
1.1989563
1.1989563
1.1989563
1.1989563
1.1989564
1.1989564
1.1989564
1.1989564
1.1989565
1.1989565
1.1989565
1.1989565
1.1989566
1.1989566
1.1989566
1.1989566
1.1989566
1.1989567
1.1989567
1.1989567
1.1989567
1.1989567
1.1989567
1.1989567
1.1989567
1.1989568
1.1989568
1.1989568
1.1989568
1.1989568
1.1989568
1.1989568
1.1989568
1.1989568
1.1989568
1.1989569
1.1989569
1.1989569
1.1989569
1.1989574
1.1989554
1.1989608
1.1989608
1.1989607
1.1989607
1.1989607
1.1989606
1.1989606
1.1989605
1.1989605
1.1989604
1.1989603
1.1989602
1.1989602
1.1989601
1.19896
1.1989599
1.1989597
1.1989596
1.1989595
1.1989594
1.1989592
1.1989591
1.1989589
1.1989587
1.1989586
1.1989584
1.1989583
1.1989581
1.1989579
1.1989578
1.1989576
1.1989575
1.1989573
1.1989572
1.1989571
1.1989569
1.1989568
1.1989567
1.1989566
1.1989566
1.1989565
1.1989564
1.1989564
1.1989563
1.1989563
1.1989563
1.1989563
1.1989562
1.1989562
1.1989562
1.1989562
1.1989562
1.1989562
1.1989563
1.1989563
1.1989563
1.1989563
1.1989563
1.1989563
1.1989564
1.1989564
1.1989564
1.1989564
1.1989564
1.1989564
1.1989565
1.1989565
1.1989565
1.1989565
1.1989565
1.1989565
1.1989565
1.1989565
1.1989565
1.1989566
1.1989566
1.1989566
1.1989566
1.1989566
1.1989566
1.1989566
1.1989566
1.1989566
1.1989566
1.1989566
1.1989566
1.1989566
1.1989567
1.1989567
1.1989567
1.1989567
1.1989567
1.1989567
1.1989567
1.198957
1.1989558
1.1989578
1.1989578
1.1989578
1.1989578
1.1989578
1.1989578
1.1989577
1.1989577
1.1989577
1.1989577
1.1989577
1.1989576
1.1989576
1.1989576
1.1989575
1.1989575
1.1989575
1.1989574
1.1989574
1.1989573
1.1989573
1.1989572
1.1989572
1.1989571
1.1989571
1.198957
1.198957
1.1989569
1.1989568
1.1989568
1.1989567
1.1989567
1.1989566
1.1989566
1.1989566
1.1989565
1.1989565
1.1989564
1.1989564
1.1989564
1.1989564
1.1989563
1.1989563
1.1989563
1.1989563
1.1989563
1.1989563
1.1989563
1.1989563
1.1989563
1.1989563
1.1989563
1.1989563
1.1989563
1.1989563
1.1989563
1.1989563
1.1989563
1.1989563
1.1989563
1.1989563
1.1989563
1.1989563
1.1989564
1.1989564
1.1989564
1.1989564
1.1989564
1.1989564
1.1989564
1.1989564
1.1989564
1.1989564
1.1989564
1.1989564
1.1989564
1.1989564
1.1989564
1.1989564
1.1989564
1.1989564
1.1989565
1.1989565
1.1989565
1.1989565
1.1989565
1.1989565
1.1989565
1.1989565
1.1989565
1.1989565
1.1989565
1.1989565
1.1989565
1.1989566
1.1989562
)
;

boundaryField
{
    inlet
    {
        type            calculated;
        value           nonuniform List<scalar> 
80
(
1.1989662
1.1989662
1.1989662
1.1989662
1.1989662
1.1989662
1.1989662
1.1989662
1.1989662
1.1989662
1.1989662
1.1989662
1.1989662
1.1989662
1.1989662
1.1989662
1.1989662
1.1989662
1.1989662
1.1989662
1.1989662
1.1989662
1.1989662
1.1989662
1.1989662
1.1989662
1.1989662
1.1989662
1.1989662
1.1989661
1.1989661
1.1989661
1.1989661
1.1989661
1.1989661
1.1989661
1.1989661
1.1989661
1.1989661
1.1989661
1.198966
1.198966
1.198966
1.198966
1.1989659
1.1989659
1.1989659
1.1989659
1.1989658
1.1989658
1.1989657
1.1989657
1.1989656
1.1989655
1.1989655
1.1989654
1.1989653
1.1989652
1.1989651
1.1989649
1.1989648
1.1989646
1.1989644
1.1989642
1.198964
1.1989638
1.1989635
1.1989632
1.1989629
1.1989626
1.1989622
1.1989617
1.1989613
1.1989608
1.1989602
1.1989596
1.198959
1.1989583
1.1989575
1.1989567
)
;
    }
    outlet
    {
        type            calculated;
        value           nonuniform List<scalar> 
80
(
1.1962487
1.1962493
1.1962501
1.196251
1.1962521
1.1962534
1.1962549
1.1962566
1.1962584
1.1962604
1.1962627
1.1962652
1.196268
1.196271
1.1962744
1.196278
1.1962821
1.1962865
1.1962914
1.1962967
1.1963026
1.196309
1.1963161
1.1963239
1.1963325
1.196342
1.1963525
1.1963641
1.196377
1.1963912
1.1964071
1.1964248
1.1964446
1.1964668
1.1964919
1.1965205
1.1965534
1.1965913
1.1966356
1.1966876
1.1967494
1.1968237
1.1969138
1.1970239
1.1971582
1.19732
1.1975104
1.1977315
1.1979991
1.1983392
1.1986924
1.1988895
1.1989472
1.1989574
1.1989588
1.1989589
1.1989589
1.1989589
1.1989588
1.1989588
1.1989588
1.1989587
1.1989587
1.1989586
1.1989586
1.1989585
1.1989584
1.1989583
1.1989582
1.1989582
1.198958
1.1989579
1.1989578
1.1989577
1.1989575
1.1989573
1.1989572
1.198957
1.1989567
1.1989565
)
;
    }
    top
    {
        type            calculated;
        value           nonuniform List<scalar> 
110
(
1.1989563
1.1989562
1.1989561
1.198956
1.1989559
1.1989559
1.1989559
1.1989558
1.1989558
1.1989558
1.1989558
1.1989558
1.1989558
1.1989558
1.1989558
1.1989559
1.1989559
1.1989559
1.1989559
1.1989559
1.1989559
1.1989559
1.1989559
1.1989559
1.1989559
1.1989559
1.1989559
1.1989559
1.198956
1.198956
1.198956
1.198956
1.198956
1.198956
1.1989561
1.1989561
1.1989561
1.1989561
1.1989561
1.1989562
1.1989562
1.1989562
1.1989562
1.1989563
1.1989563
1.1989563
1.1989563
1.1989563
1.1989564
1.1989564
1.1989564
1.1989564
1.1989564
1.1989564
1.1989564
1.1989564
1.1989565
1.1989565
1.1989565
1.1989565
1.1989565
1.1989565
1.1989565
1.1989565
1.1989565
1.1989565
1.1989565
1.1989565
1.1989565
1.1989565
1.1989565
1.1989565
1.1989565
1.1989565
1.1989565
1.1989565
1.1989565
1.1989565
1.1989565
1.1989565
1.1989565
1.1989565
1.1989565
1.1989565
1.1989565
1.1989565
1.1989565
1.1989565
1.1989565
1.1989565
1.1989565
1.1989565
1.1989565
1.1989565
1.1989565
1.1989565
1.1989565
1.1989565
1.1989565
1.1989565
1.1989565
1.1989565
1.1989565
1.1989565
1.1989565
1.1989565
1.1989565
1.1989565
1.1989566
1.1989565
)
;
    }
    upstreamWall
    {
        type            symmetryPlane;
    }
    plate
    {
        type            calculated;
        value           nonuniform List<scalar> 
96
(
1.1985493
1.1970573
1.1959052
1.1953844
1.1953769
1.1955324
1.1957955
1.1959657
1.1960444
1.1960317
1.196005
1.1959656
1.1959351
1.195904
1.1958776
1.1958533
1.1958347
1.1958197
1.1958076
1.1957965
1.195789
1.1957821
1.1957789
1.1957766
1.1957752
1.1957751
1.1957756
1.1957771
1.1957798
1.1957829
1.1957868
1.1957906
1.1957956
1.1958006
1.1958065
1.195812
1.1958184
1.1958247
1.1958317
1.1958384
1.1958457
1.195853
1.1958606
1.195868
1.1958758
1.1958836
1.1958915
1.1958995
1.1959076
1.1959156
1.1959237
1.1959319
1.19594
1.1959482
1.1959563
1.1959645
1.1959725
1.1959806
1.1959885
1.1959965
1.1960043
1.1960122
1.1960198
1.1960277
1.1960351
1.196043
1.1960502
1.1960581
1.1960651
1.1960729
1.1960797
1.1960875
1.1960941
1.1961019
1.1961084
1.196116
1.1961224
1.19613
1.1961362
1.1961438
1.1961498
1.1961574
1.1961633
1.1961708
1.1961765
1.196184
1.1961896
1.1961972
1.1962024
1.1962103
1.1962149
1.1962234
1.196228
1.1962375
1.196248
1.1962274
)
;
    }
    frontAndBack
    {
        type            empty;
    }
}


// ************************************************************************* //
