/*--------------------------------*- C++ -*----------------------------------*\
| =========                 |                                                 |
| \\      /  F ield         | OpenFOAM: The Open Source CFD Toolbox           |
|  \\    /   O peration     | Version:  2512                                  |
|   \\  /    A nd           | Website:  www.openfoam.com                      |
|    \\/     M anipulation  |                                                 |
\*---------------------------------------------------------------------------*/
FoamFile
{
    version     2.0;
    format      ascii;
    arch        "LSB;label=32;scalar=64";
    class       volScalarField;
    location    "0.149987";
    object      T;
}
// * * * * * * * * * * * * * * * * * * * * * * * * * * * * * * * * * * * * * //

dimensions      [0 0 0 1 0 0 0];

internalField   nonuniform List<scalar> 
8800
(
294.44009
294.4405
294.44112
294.44213
294.44301
294.4444
294.44547
294.44715
294.44844
294.45074
294.45208
294.45779
294.44932
294.48829
294.44009
294.4405
294.44112
294.44213
294.44301
294.4444
294.44547
294.44715
294.44844
294.45067
294.45221
294.45553
294.46221
294.44945
294.44009
294.4405
294.44112
294.44213
294.44301
294.4444
294.44547
294.44715
294.44845
294.45058
294.45232
294.45487
294.46122
294.46207
294.44009
294.4405
294.44112
294.44213
294.44301
294.4444
294.44547
294.44715
294.44845
294.45049
294.45242
294.45471
294.45922
294.46381
294.44009
294.4405
294.44112
294.44213
294.44301
294.4444
294.44547
294.44714
294.44845
294.45043
294.45245
294.45468
294.45838
294.46347
294.44009
294.4405
294.44112
294.44213
294.44301
294.4444
294.44547
294.44714
294.44845
294.45042
294.45239
294.45477
294.45809
294.46285
294.44009
294.4405
294.44112
294.44213
294.44301
294.4444
294.44547
294.44714
294.44845
294.45043
294.45231
294.45482
294.45792
294.46234
294.44009
294.4405
294.44112
294.44213
294.44301
294.4444
294.44547
294.44713
294.44844
294.45045
294.45225
294.45484
294.45775
294.46189
294.44009
294.4405
294.44112
294.44213
294.44301
294.4444
294.44547
294.44713
294.44844
294.45045
294.45223
294.45482
294.45756
294.46144
294.44009
294.4405
294.44112
294.44213
294.44301
294.4444
294.44547
294.44713
294.44844
294.45045
294.45222
294.4548
294.45737
294.46099
294.44009
294.4405
294.44112
294.44213
294.44301
294.4444
294.44546
294.44713
294.44843
294.45044
294.4522
294.45477
294.45717
294.46054
294.44009
294.4405
294.44112
294.44213
294.44301
294.44439
294.44546
294.44713
294.44843
294.45043
294.45217
294.45474
294.45696
294.4601
294.44009
294.4405
294.44112
294.44213
294.44301
294.44439
294.44546
294.44712
294.44842
294.45042
294.45214
294.45469
294.45674
294.45964
294.44009
294.4405
294.44112
294.44213
294.44301
294.44439
294.44546
294.44712
294.44842
294.45041
294.45209
294.45464
294.45652
294.45919
294.44009
294.4405
294.44112
294.44213
294.44301
294.44439
294.44546
294.44712
294.44841
294.4504
294.45204
294.45457
294.45629
294.45874
294.44009
294.4405
294.44112
294.44213
294.44301
294.44439
294.44546
294.44711
294.4484
294.45039
294.45199
294.45448
294.45604
294.45829
294.44009
294.4405
294.44112
294.44213
294.44301
294.44439
294.44545
294.44711
294.44839
294.45038
294.45193
294.45439
294.45579
294.45784
294.44009
294.4405
294.44112
294.44213
294.44301
294.44439
294.44545
294.44711
294.44837
294.45037
294.45186
294.45427
294.45553
294.45739
294.44009
294.4405
294.44112
294.44213
294.44301
294.44439
294.44545
294.4471
294.44836
294.45034
294.45179
294.45411
294.4553
294.45695
294.44009
294.4405
294.44112
294.44213
294.44301
294.44439
294.44544
294.44709
294.44834
294.45032
294.45172
294.45391
294.45508
294.45651
294.44009
294.4405
294.44112
294.44213
294.44301
294.44438
294.44544
294.44708
294.44832
294.45028
294.45163
294.4537
294.45484
294.45607
294.44009
294.4405
294.44112
294.44212
294.443
294.44438
294.44543
294.44707
294.4483
294.45023
294.45154
294.45348
294.4546
294.45564
294.44009
294.4405
294.44112
294.44212
294.443
294.44437
294.44543
294.44706
294.44828
294.45014
294.4515
294.45326
294.45435
294.45522
294.44009
294.4405
294.44112
294.4421
294.443
294.44436
294.44543
294.44703
294.44828
294.45003
294.45146
294.45304
294.45409
294.45481
294.44009
294.4405
294.44113
294.44206
294.44305
294.44429
294.44549
294.44694
294.44833
294.44991
294.4514
294.45281
294.45382
294.4544
294.44009
294.4405
294.44116
294.442
294.44313
294.4442
294.44558
294.44682
294.44838
294.44979
294.45132
294.45257
294.45354
294.45399
294.44009
294.4405
294.44118
294.44197
294.44317
294.44415
294.44563
294.44674
294.4484
294.44966
294.45123
294.45232
294.45324
294.45358
294.44009
294.4405
294.44119
294.44196
294.44318
294.44414
294.44563
294.44672
294.4484
294.44954
294.45111
294.45207
294.45293
294.45318
294.44009
294.4405
294.4412
294.44197
294.44318
294.44413
294.44563
294.44669
294.44839
294.44943
294.45098
294.45182
294.45263
294.45279
294.44009
294.4405
294.4412
294.44197
294.44318
294.44413
294.44562
294.44667
294.44835
294.44935
294.45085
294.45157
294.45233
294.45242
294.44009
294.4405
294.4412
294.44197
294.44318
294.44412
294.44561
294.44664
294.4483
294.44925
294.4507
294.45132
294.45202
294.45205
294.44009
294.4405
294.4412
294.44196
294.44318
294.44412
294.44559
294.44661
294.44824
294.44915
294.45052
294.45108
294.4517
294.45169
294.44009
294.4405
294.4412
294.44196
294.44317
294.44411
294.44558
294.44658
294.44817
294.44903
294.45034
294.45082
294.45138
294.45133
294.44009
294.4405
294.4412
294.44196
294.44317
294.44409
294.44556
294.44654
294.44804
294.44896
294.45009
294.45061
294.45103
294.45099
294.44009
294.4405
294.44119
294.44195
294.44316
294.44408
294.44551
294.44651
294.44791
294.44888
294.44987
294.45037
294.4507
294.45065
294.44009
294.4405
294.44118
294.44195
294.44314
294.44407
294.44543
294.44652
294.4478
294.44878
294.44965
294.45013
294.45038
294.45033
294.44009
294.44049
294.44115
294.44199
294.44306
294.44414
294.44535
294.44653
294.44768
294.44867
294.44942
294.44988
294.45007
294.45002
294.44009
294.44049
294.44111
294.44207
294.44296
294.44419
294.44527
294.44651
294.44756
294.44854
294.4492
294.44963
294.44976
294.4497
294.44009
294.44049
294.4411
294.44209
294.44293
294.44422
294.44519
294.44647
294.44743
294.44839
294.44896
294.44936
294.44945
294.4494
294.44009
294.44049
294.4411
294.4421
294.44293
294.44424
294.44512
294.44643
294.4473
294.44824
294.44873
294.4491
294.44915
294.4491
294.44009
294.44049
294.4411
294.44209
294.44292
294.44423
294.44509
294.44638
294.44718
294.44808
294.4485
294.44884
294.44885
294.44881
294.44009
294.44049
294.4411
294.44209
294.4429
294.4442
294.44504
294.4463
294.44706
294.4479
294.44828
294.44857
294.44857
294.44853
294.44009
294.44049
294.44109
294.44208
294.44289
294.44414
294.44502
294.44619
294.44696
294.4477
294.44806
294.4483
294.44829
294.44824
294.44009
294.44049
294.44109
294.44207
294.44287
294.44407
294.44501
294.44608
294.44684
294.44751
294.44784
294.44803
294.44801
294.44799
294.44009
294.44049
294.44109
294.44202
294.4429
294.444
294.44498
294.44597
294.44672
294.4473
294.44762
294.44776
294.44774
294.44772
294.44009
294.44048
294.4411
294.44195
294.44293
294.44394
294.44495
294.44585
294.44659
294.4471
294.44739
294.4475
294.44748
294.44745
294.44009
294.44048
294.44115
294.44189
294.44294
294.44387
294.4449
294.44573
294.44645
294.44689
294.44716
294.44724
294.44721
294.44718
294.44009
294.44048
294.44116
294.44187
294.44294
294.44381
294.44484
294.44561
294.44629
294.44668
294.44693
294.44698
294.44696
294.44693
294.44009
294.44048
294.44116
294.44186
294.44294
294.44375
294.44478
294.44548
294.44614
294.44647
294.4467
294.44673
294.4467
294.44667
294.44009
294.44048
294.44115
294.44184
294.44293
294.44369
294.4447
294.44535
294.44598
294.44626
294.44647
294.44648
294.44646
294.44642
294.44009
294.44047
294.44115
294.44183
294.4429
294.44364
294.44462
294.44522
294.4458
294.44605
294.44623
294.44623
294.44621
294.44618
294.44009
294.44047
294.44114
294.44181
294.44284
294.4436
294.44451
294.4451
294.44562
294.44585
294.446
294.44599
294.44599
294.44594
294.44009
294.44047
294.44113
294.44179
294.44278
294.44356
294.4444
294.44497
294.44543
294.44564
294.44576
294.44575
294.44574
294.4457
294.44009
294.44046
294.44109
294.44179
294.44271
294.44351
294.44429
294.44484
294.44524
294.44544
294.44553
294.44552
294.4455
294.44547
294.44009
294.44046
294.44105
294.4418
294.44265
294.44345
294.44417
294.4447
294.44505
294.44523
294.4453
294.44529
294.44527
294.44524
294.44009
294.44045
294.44101
294.44179
294.44259
294.44339
294.44404
294.44455
294.44486
294.44502
294.44507
294.44506
294.44504
294.44501
294.44009
294.44045
294.44098
294.44178
294.44253
294.44332
294.44392
294.44439
294.44466
294.44481
294.44484
294.44483
294.44482
294.44478
294.44008
294.44044
294.44096
294.44176
294.44247
294.44324
294.44379
294.44424
294.44446
294.4446
294.44462
294.44461
294.44459
294.44456
294.44008
294.44043
294.44095
294.44174
294.4424
294.44315
294.44365
294.44407
294.44427
294.44439
294.4444
294.44439
294.44437
294.44434
294.44008
294.44043
294.44093
294.44171
294.44233
294.44306
294.44352
294.4439
294.44407
294.44418
294.44418
294.44417
294.44415
294.44413
294.44008
294.44042
294.44091
294.44166
294.44227
294.44295
294.44338
294.44373
294.44388
294.44397
294.44397
294.44395
294.44394
294.44391
294.44008
294.44041
294.44089
294.4416
294.44221
294.44283
294.44324
294.44355
294.44368
294.44375
294.44375
294.44374
294.44372
294.4437
294.44008
294.4404
294.44087
294.44154
294.44215
294.44271
294.4431
294.44337
294.44349
294.44355
294.44354
294.44353
294.44351
294.44349
294.44008
294.44039
294.44086
294.44148
294.44207
294.44259
294.44295
294.44318
294.44329
294.44334
294.44333
294.44332
294.4433
294.44328
294.44007
294.44037
294.44084
294.44142
294.44199
294.44246
294.4428
294.443
294.4431
294.44313
294.44312
294.44311
294.4431
294.44308
294.44007
294.44036
294.44082
294.44135
294.44191
294.44233
294.44265
294.44282
294.4429
294.44293
294.44292
294.44291
294.44289
294.44288
294.44007
294.44035
294.4408
294.44128
294.44182
294.4422
294.44249
294.44263
294.44271
294.44272
294.44272
294.44271
294.44269
294.44267
294.44007
294.44033
294.44076
294.44121
294.44172
294.44206
294.44232
294.44244
294.44251
294.44252
294.44252
294.44251
294.44249
294.44248
294.44006
294.44031
294.44073
294.44114
294.44161
294.44192
294.44216
294.44226
294.44232
294.44232
294.44232
294.44231
294.44229
294.44228
294.44006
294.44029
294.44068
294.44107
294.4415
294.44177
294.44199
294.44207
294.44212
294.44212
294.44212
294.44211
294.4421
294.44208
294.44005
294.44027
294.44063
294.441
294.44138
294.44163
294.44181
294.44189
294.44193
294.44193
294.44192
294.44191
294.4419
294.44189
294.44005
294.44025
294.44057
294.44092
294.44125
294.44148
294.44163
294.4417
294.44173
294.44173
294.44173
294.44172
294.44171
294.4417
294.44005
294.44023
294.44052
294.44083
294.44112
294.44133
294.44146
294.44151
294.44154
294.44154
294.44153
294.44152
294.44151
294.4415
294.44004
294.4402
294.44046
294.44074
294.44099
294.44117
294.44127
294.44132
294.44134
294.44134
294.44133
294.44133
294.44132
294.44131
294.44004
294.44018
294.44039
294.44064
294.44085
294.441
294.44109
294.44113
294.44114
294.44114
294.44114
294.44113
294.44112
294.44112
294.44003
294.44015
294.44033
294.44054
294.44071
294.44084
294.4409
294.44094
294.44095
294.44094
294.44094
294.44094
294.44093
294.44092
294.44002
294.44012
294.44026
294.44043
294.44056
294.44066
294.44071
294.44074
294.44075
294.44074
294.44074
294.44074
294.44073
294.44073
294.44002
294.44009
294.44019
294.44032
294.44041
294.44048
294.44052
294.44054
294.44054
294.44054
294.44054
294.44053
294.44053
294.44053
294.44001
294.44005
294.44012
294.44019
294.44025
294.4403
294.44032
294.44033
294.44033
294.44033
294.44033
294.44033
294.44032
294.44032
294.44
294.44002
294.44004
294.44007
294.44009
294.4401
294.44011
294.44011
294.44011
294.44011
294.44011
294.44011
294.44011
294.44011
294.64014
294.99066
295.24335
295.34343
295.33094
295.29303
295.23566
295.19941
295.18093
295.18217
295.18612
295.19359
295.19927
295.20526
295.21015
295.21465
295.21791
295.22047
295.22236
295.22408
295.22502
295.22589
295.22596
295.22585
295.22557
295.22502
295.22437
295.22352
295.22242
295.22126
295.21994
295.21868
295.21715
295.21566
295.21398
295.21242
295.21067
295.20896
295.20711
295.20536
295.20347
295.20163
295.19972
295.19786
295.19593
295.19402
295.19209
295.19015
295.18821
295.18626
295.18433
295.18237
295.18045
295.1785
295.17659
295.17464
295.17275
295.17083
295.16896
295.16706
295.16522
295.16332
295.16152
295.15964
295.15788
295.15599
295.15428
295.15239
295.15071
295.14883
295.1472
295.14531
295.14372
295.14184
295.14028
295.13842
295.13689
295.13503
295.13353
295.13169
295.13022
295.12839
295.12695
295.12513
295.12372
295.12189
295.12054
295.11869
295.11742
295.1155
295.11438
295.11231
295.11135
295.10875
295.10854
295.10644
294.36882
294.37581
294.44974
294.61754
294.81658
294.99372
295.09932
295.14918
295.16674
295.17811
295.18037
295.18456
295.18822
295.19361
295.19785
295.20205
295.2053
295.20829
295.2109
295.2132
295.21477
295.21625
295.21688
295.21741
295.21769
295.21768
295.21752
295.2171
295.21642
295.21564
295.21471
295.21377
295.21254
295.21133
295.20993
295.20863
295.20709
295.20559
295.20395
295.20238
295.20067
295.19898
295.19723
295.19551
295.19371
295.19193
295.19011
295.18829
295.18644
295.1846
295.18275
295.18088
295.17904
295.17716
295.17532
295.17345
295.17162
295.16976
295.16794
295.1661
295.16431
295.16246
295.16071
295.15887
295.15715
295.1553
295.15362
295.15176
295.15012
295.14826
295.14666
295.14481
295.14324
295.14138
295.13985
295.138
295.13649
295.13466
295.13318
295.13135
295.1299
295.12808
295.12666
295.12485
295.12346
295.12165
295.12031
295.11847
295.1172
295.1153
295.11418
295.11213
295.11118
295.10858
295.10842
295.10629
294.45469
294.42931
294.38352
294.38687
294.42019
294.49737
294.64939
294.8216
294.96453
295.05337
295.09707
295.12491
295.14091
295.15428
295.16357
295.1719
295.17835
295.18419
295.18932
295.19359
295.19699
295.20004
295.20205
295.20396
295.20538
295.20641
295.20716
295.2075
295.20759
295.2075
295.20719
295.20679
295.20604
295.20529
295.20433
295.2034
295.2022
295.20102
295.19968
295.19839
295.19692
295.19548
295.19394
295.19242
295.1908
295.18919
295.18754
295.18586
295.18416
295.18244
295.18072
295.17896
295.17723
295.17546
295.17371
295.17193
295.17018
295.1684
295.16666
295.16488
295.16316
295.16137
295.15968
295.15789
295.15622
295.15442
295.15279
295.15097
295.14937
295.14756
295.14599
295.14417
295.14263
295.14081
295.1393
295.13748
295.136
295.13419
295.13274
295.13093
295.1295
295.1277
295.1263
295.12451
295.12313
295.12134
295.12001
295.11819
295.11694
295.11505
295.11394
295.1119
295.11096
295.10837
295.10825
295.1061
294.46279
294.45526
294.44165
294.42477
294.41351
294.41577
294.43461
294.47126
294.5589
294.68922
294.83333
294.95182
295.01917
295.0626
295.09087
295.1132
295.12909
295.14207
295.1528
295.16138
295.16858
295.17471
295.17933
295.18368
295.18703
295.18983
295.19208
295.19372
295.19505
295.19601
295.19664
295.19708
295.19707
295.19703
295.19669
295.19632
295.19561
295.1949
295.19399
295.19309
295.19196
295.19085
295.18961
295.18837
295.187
295.18564
295.1842
295.18272
295.18121
295.17967
295.17811
295.1765
295.17491
295.17327
295.17165
295.16998
295.16835
295.16667
295.16503
295.16334
295.1617
295.16
295.15837
295.15666
295.15505
295.15332
295.15174
295.14998
295.14843
295.14666
295.14514
295.14337
295.14187
295.14009
295.13862
295.13684
295.13539
295.13361
295.13218
295.1304
295.129
295.12723
295.12585
295.12408
295.12273
295.12095
295.11964
295.11784
295.1166
295.11473
295.11364
295.11161
295.11069
295.10811
295.10804
295.10586
294.46316
294.45896
294.45139
294.44246
294.43533
294.43143
294.43196
294.43271
294.44317
294.45957
294.50945
294.60035
294.72891
294.85198
294.93823
294.99738
295.03742
295.06819
295.09167
295.10955
295.12446
295.13643
295.14585
295.15424
295.16076
295.16642
295.17106
295.17473
295.17794
295.18046
295.1825
295.18415
295.18524
295.18621
295.18671
295.18714
295.18711
295.18705
295.18672
295.18635
295.18568
295.18502
295.18418
295.1833
295.18226
295.18121
295.18005
295.17884
295.17756
295.17626
295.1749
295.17349
295.17208
295.17061
295.16914
295.16762
295.16612
295.16457
295.16305
295.16147
295.15994
295.15833
295.1568
295.15517
295.15365
295.15199
295.15048
295.14879
295.14731
295.1456
295.14413
295.14241
295.14096
295.13923
295.1378
295.13606
295.13465
295.13291
295.13152
295.12977
295.1284
295.12666
295.12531
295.12357
295.12224
295.12049
295.1192
295.11743
295.11621
295.11436
295.11328
295.11128
295.11037
295.10781
295.10778
295.10559
294.46271
294.45944
294.45324
294.44624
294.44163
294.43972
294.43968
294.43928
294.43954
294.43979
294.44521
294.4544
294.48736
294.5489
294.65264
294.76723
294.86342
294.93331
294.98439
295.02265
295.05347
295.07673
295.09536
295.11103
295.12307
295.13355
295.14203
295.14896
295.15498
295.15979
295.16389
295.16729
295.16993
295.1723
295.17396
295.17549
295.17639
295.17723
295.17763
295.17797
295.17792
295.17784
295.17751
295.17711
295.17649
295.17584
295.17503
295.17415
295.17318
295.17216
295.17106
295.16989
295.1687
295.16744
295.16616
295.16482
295.16349
295.16209
295.16071
295.15927
295.15786
295.15638
295.15496
295.15343
295.152
295.15043
295.14901
295.1474
295.14599
295.14435
295.14295
295.14129
295.13991
295.13823
295.13685
295.13516
295.1338
295.1321
295.13075
295.12905
295.12772
295.12601
295.12469
295.12298
295.12168
295.11996
295.1187
295.11695
295.11575
295.11393
295.11286
295.11089
295.10999
295.10746
295.10748
295.10527
294.4622
294.45927
294.45362
294.44752
294.44345
294.44257
294.44287
294.44286
294.44258
294.44164
294.44161
294.44197
294.44554
294.45234
294.47452
294.51728
294.59957
294.70083
294.79822
294.87465
294.93419
294.97847
295.01502
295.04435
295.06662
295.08568
295.10068
295.11305
295.12357
295.13198
295.13923
295.14523
295.15015
295.15446
295.15776
295.16078
295.16295
295.16499
295.16637
295.16766
295.16841
295.16909
295.1694
295.16961
295.16954
295.16939
295.16903
295.16856
295.16797
295.1673
295.16651
295.16564
295.16473
295.16371
295.16267
295.16154
295.16042
295.1592
295.15799
295.15672
295.15545
295.15411
295.15282
295.15141
295.1501
295.14864
295.14732
295.1458
295.14448
295.14292
295.1416
295.14001
295.1387
295.13708
295.13577
295.13413
295.13283
295.13118
295.12988
295.12822
295.12693
295.12526
295.12398
295.12231
295.12104
295.11935
295.11812
295.1164
295.11523
295.11344
295.11239
295.11045
295.10957
295.10707
295.10713
295.10491
294.46174
294.45898
294.4536
294.44807
294.44414
294.44377
294.44415
294.44447
294.44423
294.44353
294.44278
294.44201
294.44214
294.44256
294.44539
294.45068
294.46653
294.49807
294.56057
294.64884
294.74274
294.82256
294.88702
294.93843
294.9787
295.0129
295.03898
295.06075
295.07885
295.09325
295.10558
295.11562
295.12404
295.13122
295.13692
295.14207
295.14603
295.14969
295.15241
295.15494
295.15674
295.15843
295.15957
295.16057
295.16117
295.16167
295.16186
295.16192
295.1618
295.16155
295.16116
295.16065
295.16007
295.15936
295.1586
295.15773
295.15685
295.15585
295.15485
295.15376
295.15268
295.1515
295.15036
295.1491
295.14792
295.14658
295.14538
295.14397
295.14275
295.14129
295.14006
295.13856
295.13732
295.13578
295.13453
295.13297
295.13172
295.13013
295.12889
295.12728
295.12604
295.12442
295.12318
295.12155
295.12032
295.11867
295.11747
295.11579
295.11464
295.11289
295.11186
295.10995
295.10909
295.10662
295.10674
295.1045
294.46126
294.45873
294.45349
294.44833
294.44446
294.44432
294.4447
294.44526
294.44507
294.44456
294.44378
294.4429
294.44237
294.44197
294.44217
294.44267
294.44501
294.44936
294.46117
294.48536
294.53189
294.60957
294.69701
294.77868
294.84555
294.90177
294.94502
294.9826
295.01297
295.03727
295.05791
295.0744
295.08834
295.09999
295.10941
295.11775
295.12433
295.1303
295.13489
295.13914
295.14238
295.14537
295.14759
295.14962
295.1511
295.15241
295.1533
295.15403
295.15449
295.15478
295.15486
295.15481
295.15463
295.15429
295.15386
295.15331
295.15272
295.15198
295.15123
295.15037
295.14949
295.14851
295.14755
295.14646
295.14544
295.14424
295.14317
295.14189
295.14079
295.13944
295.13832
295.13691
295.13576
295.13431
295.13314
295.13165
295.13048
295.12895
295.12777
295.12622
295.12504
295.12347
295.12228
295.1207
295.11952
295.1179
295.11675
295.1151
295.11399
295.11227
295.11127
295.10939
295.10856
295.10613
295.1063
295.10405
294.46073
294.45875
294.45332
294.44846
294.44465
294.44457
294.44492
294.44563
294.44549
294.44512
294.44437
294.4436
294.44293
294.44234
294.44195
294.44178
294.44201
294.44258
294.44455
294.44827
294.45728
294.47603
294.51324
294.57781
294.65974
294.74143
294.8097
294.86826
294.91561
294.95518
294.98879
295.0154
295.03811
295.05673
295.07196
295.08513
295.09567
295.10507
295.11243
295.11914
295.12441
295.12919
295.1329
295.13629
295.13891
295.14127
295.14306
295.14462
295.14581
295.14677
295.14746
295.14795
295.14826
295.14837
295.14836
295.14819
295.14794
295.14752
295.14706
295.14647
295.14584
295.14509
295.14435
295.14344
295.14261
295.14158
295.14067
295.13953
295.13857
295.13735
295.13634
295.13505
295.13401
295.13265
295.13158
295.13017
295.12908
295.12763
295.12652
295.12504
295.12392
295.12241
295.12128
295.11974
295.11862
295.11705
295.11594
295.11433
295.11326
295.11158
295.11061
295.10877
295.10796
295.10558
295.1058
295.10354
294.46015
294.45885
294.45316
294.44852
294.44482
294.44469
294.44502
294.44576
294.44566
294.4454
294.4447
294.44404
294.44336
294.44279
294.44222
294.44183
294.44155
294.44154
294.44178
294.4424
294.44406
294.44734
294.45446
294.46916
294.50008
294.55319
294.63062
294.7102
294.77985
294.83939
294.88965
294.93055
294.9665
294.99546
295.01971
295.04027
295.05684
295.07136
295.08286
295.09316
295.10134
295.1087
295.11451
295.11979
295.12398
295.12773
295.13071
295.13336
295.13546
295.13728
295.13871
295.13988
295.1408
295.14146
295.14196
295.14224
295.14241
295.14237
295.14227
295.142
295.14166
295.14118
295.14068
295.14001
295.13939
295.13856
295.13783
295.13687
295.13606
295.13499
295.13412
295.13295
295.13203
295.13079
295.12982
295.12851
295.12751
295.12615
295.12513
295.12371
295.12267
295.12122
295.12016
295.11868
295.11761
295.1161
295.11503
295.11348
295.11245
295.11082
295.10988
295.10809
295.10731
295.10497
295.10525
295.10298
294.45963
294.45859
294.45313
294.44863
294.44504
294.44479
294.4451
294.4458
294.44571
294.44551
294.44485
294.44428
294.44363
294.44311
294.44253
294.44207
294.44165
294.44137
294.44122
294.44126
294.44152
294.44218
294.44367
294.44649
294.45253
294.4645
294.49003
294.53596
294.60632
294.68435
294.75494
294.81489
294.86688
294.90919
294.94643
294.97759
295.00317
295.02533
295.04302
295.05863
295.07107
295.08216
295.09099
295.09894
295.1053
295.111
295.1156
295.11971
295.12302
295.12594
295.12833
295.13034
295.13202
295.13337
295.13449
295.13532
295.13601
295.13642
295.13674
295.13685
295.13686
295.13671
295.13651
295.1361
295.13573
295.13513
295.13462
295.13385
295.13323
295.13232
295.13162
295.1306
295.12981
295.1287
295.12785
295.12665
295.12576
295.12449
295.12356
295.12224
295.12127
295.11991
295.11891
295.1175
295.11649
295.11504
295.11403
295.11253
295.11154
295.10997
295.10906
295.10732
295.10658
295.1043
295.10464
295.10237
294.45918
294.4582
294.45309
294.44872
294.44528
294.4449
294.44517
294.4458
294.44571
294.44554
294.44491
294.44439
294.44377
294.4433
294.44275
294.4423
294.44184
294.44148
294.44118
294.44097
294.4409
294.44098
294.44127
294.44193
294.44334
294.44582
294.45103
294.46124
294.48263
294.52334
294.58721
294.66394
294.73454
294.79479
294.84727
294.89128
294.92909
294.96188
294.98847
295.01186
295.03054
295.04707
295.06027
295.07202
295.08148
295.0899
295.09675
295.10284
295.10781
295.11221
295.11586
295.11898
295.12164
295.12384
295.12573
295.12724
295.12855
295.12952
295.13035
295.13091
295.13135
295.13157
295.13173
295.13165
295.13157
295.13124
295.13098
295.13044
295.13004
295.12932
295.1288
295.12795
295.12733
295.12636
295.12565
295.12458
295.12381
295.12265
295.12182
295.12059
295.11972
295.11844
295.11753
295.11619
295.11526
295.11387
295.11292
295.11149
295.11055
295.10903
295.10817
295.10648
295.10577
295.10355
295.10397
295.10168
294.45874
294.45779
294.45303
294.4488
294.44551
294.44501
294.44524
294.4458
294.44571
294.44553
294.44492
294.44442
294.44384
294.44339
294.44287
294.44244
294.442
294.44163
294.44128
294.44099
294.44077
294.44062
294.44063
294.44073
294.44104
294.44171
294.443
294.44536
294.44979
294.45913
294.47714
294.51417
294.57297
294.64813
294.71813
294.77874
294.83115
294.87625
294.9143
294.94822
294.97556
294.9999
295.01938
295.03662
295.05051
295.0628
295.07279
295.08164
295.08889
295.0953
295.10064
295.10525
295.10918
295.11251
295.11538
295.11775
295.11984
295.12148
295.12294
295.12405
295.12501
295.12568
295.12625
295.12655
295.12682
295.12681
295.12684
295.12658
295.12642
295.12594
295.12563
295.12498
295.12453
295.12373
295.12318
295.12226
295.12162
295.12059
295.11988
295.11876
295.118
295.11681
295.11599
295.11474
295.11388
295.11257
295.11169
295.11033
295.10945
295.10799
295.10717
295.10556
295.10488
295.10273
295.10322
295.10093
294.4583
294.45738
294.45296
294.44887
294.44574
294.44512
294.44531
294.44579
294.4457
294.44552
294.44493
294.44444
294.44387
294.44343
294.44294
294.44253
294.4421
294.44175
294.44139
294.44108
294.4408
294.44058
294.44042
294.44034
294.44036
294.44049
294.44082
294.44154
294.44266
294.445
294.44895
294.45741
294.47357
294.50749
294.56306
294.63576
294.70536
294.76612
294.81814
294.86387
294.90185
294.9365
294.96442
294.98942
295.00955
295.02734
295.04179
295.05451
295.06494
295.07411
295.08175
295.08838
295.09401
295.09883
295.103
295.10649
295.10957
295.11207
295.11431
295.11609
295.11767
295.11888
295.11996
295.12071
295.12141
295.12176
295.12215
295.12219
295.12233
295.12211
295.12205
295.12162
295.12139
295.12079
295.12042
295.11966
295.11918
295.11829
295.11772
295.11673
295.11608
295.115
295.11428
295.11313
295.11236
295.11114
295.11033
295.10904
295.10823
295.10685
295.10608
295.10453
295.10391
295.10183
295.10239
295.10011
294.45786
294.45696
294.45288
294.44893
294.44596
294.44522
294.44538
294.44578
294.44569
294.4455
294.44493
294.44444
294.44389
294.44345
294.44296
294.44257
294.44216
294.44182
294.44147
294.44116
294.44087
294.44062
294.44041
294.44024
294.44012
294.44008
294.44012
294.44029
294.44063
294.44136
294.44243
294.44465
294.44832
294.45615
294.47127
294.50292
294.55618
294.62697
294.69603
294.75663
294.80799
294.85388
294.89168
294.92668
294.95499
294.98041
295.00105
295.01923
295.03411
295.04713
295.05794
295.06732
295.07525
295.08207
295.08795
295.09292
295.09729
295.10091
295.10415
295.10678
295.10913
295.11101
295.11271
295.11399
295.11519
295.11599
295.1168
295.11719
295.1177
295.11777
295.11802
295.11784
295.11786
295.11747
295.11732
295.11675
295.11645
295.11573
295.11531
295.11446
295.11394
295.11299
295.11239
295.11134
295.11068
295.10955
295.10883
295.10763
295.10689
295.10558
295.10487
295.10341
295.10283
295.10084
295.10148
295.0992
294.45742
294.45655
294.45279
294.44899
294.44617
294.44533
294.44545
294.44577
294.44568
294.44548
294.44492
294.44444
294.44389
294.44346
294.44298
294.44259
294.44218
294.44185
294.44151
294.44122
294.44093
294.44068
294.44045
294.44025
294.44007
294.43995
294.43985
294.43986
294.43991
294.44011
294.44045
294.44119
294.44222
294.44437
294.44789
294.45533
294.46981
294.50001
294.55206
294.62144
294.68987
294.74989
294.80046
294.84611
294.88365
294.91869
294.94725
294.97287
294.99383
295.01223
295.02743
295.04061
295.0517
295.06123
295.06941
295.07634
295.08242
295.0875
295.09202
295.09576
295.0991
295.10182
295.10428
295.10623
295.10804
295.10936
295.11068
295.1115
295.11243
295.11285
295.11346
295.11356
295.11389
295.11374
295.11384
295.11348
295.1134
295.11286
295.11262
295.11193
295.11157
295.11076
295.11028
295.10936
295.10881
295.10779
295.10717
295.10606
295.1054
295.10419
295.10355
295.10217
295.10164
295.09974
295.10047
295.09821
294.45698
294.45613
294.45269
294.44903
294.44638
294.44543
294.44552
294.44577
294.44567
294.44546
294.44492
294.44443
294.4439
294.44347
294.44299
294.4426
294.4422
294.44187
294.44153
294.44125
294.44096
294.44072
294.44049
294.44029
294.44009
294.43993
294.43979
294.43969
294.43964
294.43965
294.43973
294.43995
294.4403
294.44104
294.44206
294.44416
294.44761
294.45478
294.46914
294.49859
294.55041
294.61888
294.6865
294.7456
294.79529
294.84038
294.87765
294.91245
294.94106
294.96667
294.98781
295.00625
295.02167
295.03492
295.04622
295.05581
295.06417
295.07117
295.07738
295.08255
295.08716
295.09098
295.09441
295.0972
295.09975
295.10173
295.10365
295.10498
295.10641
295.10724
295.10828
295.10871
295.10941
295.10953
295.10993
295.10981
295.10998
295.10964
295.10962
295.10911
295.10892
295.10827
295.10795
295.10716
295.10674
295.10584
295.10533
295.10433
295.10377
295.10265
295.10208
295.1008
295.10034
295.09854
295.09936
295.09712
294.45655
294.45572
294.45258
294.44907
294.44658
294.44554
294.44559
294.44576
294.44566
294.44544
294.44491
294.44443
294.44391
294.44347
294.443
294.44261
294.44221
294.44188
294.44155
294.44127
294.44099
294.44075
294.44052
294.44031
294.44012
294.43995
294.43979
294.43966
294.43955
294.43947
294.43945
294.43948
294.43957
294.43981
294.44016
294.4409
294.44197
294.44397
294.44752
294.45453
294.4691
294.49861
294.55102
294.61895
294.68555
294.74346
294.79221
294.83653
294.87339
294.90777
294.93626
294.96167
294.9829
295.00124
295.0168
295.03001
295.04143
295.05103
295.05947
295.06652
295.07279
295.07801
295.08268
295.08655
295.09005
295.09286
295.09552
295.09748
295.09952
295.10084
295.10238
295.10321
295.10432
295.10477
295.10554
295.10567
295.10615
295.10603
295.10627
295.10595
295.10598
295.10549
295.10535
295.10472
295.10444
295.10368
295.1033
295.10242
295.10196
295.10096
295.10047
295.09929
295.09891
295.09721
295.09814
295.09592
294.45612
294.45531
294.45245
294.44911
294.44677
294.44564
294.44566
294.44575
294.44566
294.44542
294.4449
294.44443
294.44391
294.44347
294.44301
294.44262
294.44223
294.44189
294.44156
294.44128
294.441
294.44076
294.44054
294.44033
294.44014
294.43997
294.43981
294.43966
294.43954
294.43943
294.43935
294.43929
294.43929
294.43933
294.43944
294.43968
294.44008
294.44077
294.44191
294.44388
294.44751
294.45467
294.46968
294.50005
294.55369
294.62136
294.68658
294.7432
294.79093
294.83433
294.87065
294.90443
294.93276
294.9578
294.97902
294.99713
295.01271
295.02581
295.03725
295.04681
295.05526
295.06232
295.06861
295.07385
295.07857
295.08242
295.08602
295.08879
295.09156
295.0935
295.09563
295.09694
295.09854
295.09937
295.10056
295.101
295.10185
295.10197
295.10252
295.1024
295.10269
295.10239
295.10246
295.10199
295.1019
295.10128
295.10105
295.1003
295.09996
295.09908
295.09869
295.09763
295.09733
295.09575
295.09679
295.0946
294.4557
294.45491
294.4523
294.44915
294.44693
294.44577
294.44572
294.44575
294.44565
294.4454
294.4449
294.44442
294.44392
294.44348
294.44302
294.44263
294.44224
294.4419
294.44158
294.44129
294.44102
294.44077
294.44055
294.44035
294.44016
294.43998
294.43982
294.43968
294.43955
294.43943
294.43933
294.43924
294.43918
294.43915
294.43916
294.43921
294.43933
294.43958
294.44
294.4407
294.44186
294.44389
294.44763
294.45512
294.4709
294.50294
294.55828
294.62572
294.68942
294.74458
294.79122
294.83351
294.86936
294.90234
294.93045
294.95495
294.97602
294.99383
295.00931
295.02225
295.03361
295.04311
295.05151
295.05854
295.06482
295.07001
295.0748
295.07859
295.08228
295.08499
295.08785
295.08975
295.09195
295.09323
295.09491
295.09571
295.09698
295.09739
295.09831
295.09842
295.09903
295.09892
295.09925
295.09895
295.09907
295.09861
295.09855
295.09795
295.09775
295.09701
295.09673
295.0958
295.0956
295.09413
295.0953
295.09315
294.45528
294.45454
294.45213
294.44919
294.44706
294.44591
294.44576
294.44576
294.44565
294.44538
294.4449
294.44442
294.44392
294.44348
294.44304
294.44264
294.44225
294.44192
294.44159
294.4413
294.44103
294.44079
294.44056
294.44036
294.44017
294.44
294.43984
294.43969
294.43956
294.43944
294.43933
294.43923
294.43915
294.43909
294.43904
294.43903
294.43905
294.43911
294.43925
294.43952
294.43993
294.44067
294.44184
294.44398
294.44788
294.45591
294.47288
294.50725
294.56472
294.63179
294.69389
294.74737
294.79292
294.83393
294.86935
294.90134
294.9291
294.95299
294.97379
294.99124
295.00651
295.01926
295.03047
295.03985
295.04818
295.0551
295.06142
295.06649
295.07135
295.07504
295.07881
295.08145
295.08436
295.08621
295.08848
295.08971
295.09147
295.09222
295.09357
295.09394
295.09492
295.09502
295.09566
295.09556
295.09593
295.09563
295.09579
295.09534
295.09531
295.09471
295.09457
295.09377
295.09369
295.09235
295.09366
295.09156
294.45488
294.45418
294.45195
294.44923
294.44718
294.44605
294.44583
294.44577
294.44568
294.44536
294.44489
294.44441
294.44393
294.44349
294.44305
294.44265
294.44226
294.44193
294.4416
294.44131
294.44104
294.4408
294.44057
294.44037
294.44018
294.44001
294.43985
294.4397
294.43957
294.43945
294.43934
294.43924
294.43915
294.43908
294.43901
294.43897
294.43893
294.43894
294.43896
294.43904
294.43918
294.43947
294.43989
294.44066
294.44187
294.44414
294.44832
294.45708
294.4757
294.51308
294.57292
294.6394
294.69962
294.75131
294.79585
294.83539
294.8703
294.90126
294.92857
294.9518
294.9722
294.98928
295.00424
295.01676
295.02778
295.03698
295.04527
295.05201
295.05835
295.06327
295.06818
295.07175
295.07556
295.07811
295.08109
295.08286
295.0852
295.08636
295.0882
295.08889
295.09029
295.09065
295.09166
295.09175
295.09243
295.09231
295.09272
295.09243
295.09261
295.09215
295.09218
295.09153
295.09159
295.09038
295.09185
295.08981
294.45448
294.45382
294.45177
294.44927
294.44729
294.44619
294.44588
294.44581
294.44567
294.44535
294.44488
294.44441
294.44393
294.4435
294.44306
294.44266
294.44228
294.44194
294.44162
294.44133
294.44106
294.44081
294.44059
294.44038
294.44019
294.44002
294.43986
294.43971
294.43958
294.43946
294.43935
294.43925
294.43916
294.43908
294.43901
294.43895
294.4389
294.43887
294.43886
294.43887
294.4389
294.43899
294.43914
294.43944
294.43987
294.44067
294.44196
294.44437
294.44897
294.4587
294.4795
294.52064
294.58272
294.64821
294.70651
294.75614
294.79969
294.83774
294.87208
294.902
294.92871
294.9513
294.97118
294.98785
295.00246
295.01467
295.02555
295.03446
295.04271
295.04923
295.05557
295.06032
295.06524
295.06868
295.07254
295.07498
295.07803
295.07968
295.0821
295.08317
295.08507
295.08571
295.08715
295.08748
295.08853
295.0886
295.08931
295.08919
295.08961
295.08932
295.08954
295.08904
295.08927
295.0882
295.08985
295.08788
294.45408
294.45346
294.45157
294.44928
294.44739
294.44632
294.44593
294.44584
294.44566
294.44533
294.44488
294.44441
294.44394
294.4435
294.44307
294.44267
294.44229
294.44195
294.44163
294.44134
294.44107
294.44082
294.4406
294.44039
294.4402
294.44003
294.43987
294.43972
294.43959
294.43947
294.43936
294.43926
294.43917
294.43909
294.43902
294.43895
294.4389
294.43886
294.43882
294.4388
294.4388
294.43882
294.43886
294.43897
294.43912
294.43942
294.43989
294.44071
294.4421
294.4447
294.44986
294.46086
294.48453
294.52996
294.59399
294.65783
294.71425
294.76181
294.8043
294.84089
294.87452
294.90344
294.92943
294.95136
294.97065
294.98686
295.00115
295.01296
295.02369
295.03228
295.04046
295.04672
295.05303
295.0576
295.06254
295.06583
295.06973
295.07202
295.07514
295.07667
295.07915
295.08014
295.08208
295.08267
295.08415
295.08443
295.08551
295.08557
295.08629
295.08616
295.08662
295.08627
295.08671
295.08578
295.08764
295.08576
294.45369
294.4531
294.45137
294.44927
294.44748
294.44642
294.44599
294.44585
294.44565
294.44532
294.44487
294.44441
294.44394
294.44351
294.44308
294.44268
294.4423
294.44197
294.44164
294.44135
294.44108
294.44084
294.44061
294.4404
294.44021
294.44004
294.43988
294.43973
294.4396
294.43948
294.43936
294.43926
294.43917
294.43909
294.43902
294.43896
294.4389
294.43886
294.43882
294.43879
294.43877
294.43876
294.43877
294.43879
294.43884
294.43895
294.43912
294.43942
294.43992
294.44077
294.4423
294.44514
294.45104
294.46368
294.49096
294.54124
294.60645
294.66825
294.72266
294.76822
294.80949
294.84475
294.8775
294.90548
294.93061
294.95189
294.97065
294.98625
295.00026
295.01158
295.02215
295.03036
295.03845
295.04446
295.05074
295.0551
295.06005
295.06314
295.0671
295.06923
295.0724
295.07382
295.07633
295.07724
295.07922
295.07975
295.08125
295.08151
295.08259
295.08263
295.08339
295.0832
295.08388
295.0831
295.08519
295.08342
294.4533
294.45274
294.45117
294.44924
294.44755
294.44651
294.44604
294.44585
294.44563
294.44529
294.44485
294.4444
294.44394
294.44351
294.44308
294.44269
294.44232
294.44198
294.44166
294.44136
294.44109
294.44085
294.44062
294.44041
294.44022
294.44005
294.43988
294.43974
294.4396
294.43948
294.43937
294.43927
294.43918
294.4391
294.43903
294.43896
294.43891
294.43886
294.43882
294.43879
294.43876
294.43874
294.43874
294.43874
294.43875
294.43878
294.43885
294.43895
294.43914
294.43944
294.43997
294.44088
294.44255
294.44577
294.4526
294.46743
294.49928
294.55431
294.61984
294.67935
294.73157
294.77532
294.81513
294.84921
294.88086
294.90805
294.93234
294.95281
294.97106
294.98598
294.99967
295.01046
295.02084
295.0287
295.0367
295.04241
295.04867
295.05276
295.05775
295.06063
295.06463
295.0666
295.0698
295.0711
295.07366
295.07447
295.07648
295.07696
295.07845
295.07868
295.07979
295.07977
295.08075
295.08013
295.08248
295.08083
294.45291
294.45238
294.45096
294.44919
294.44761
294.44659
294.44609
294.44586
294.44561
294.44527
294.44484
294.44439
294.44394
294.44351
294.44309
294.4427
294.44232
294.44198
294.44167
294.44137
294.4411
294.44086
294.44063
294.44042
294.44023
294.44005
294.43989
294.43975
294.43961
294.43949
294.43938
294.43928
294.43918
294.4391
294.43903
294.43897
294.43891
294.43886
294.43882
294.43879
294.43876
294.43874
294.43873
294.43872
294.43873
294.43873
294.43875
294.43879
294.43886
294.43897
294.43916
294.43948
294.44003
294.44102
294.44288
294.44661
294.45469
294.47231
294.50981
294.56897
294.63387
294.69112
294.7408
294.78299
294.82106
294.85432
294.88477
294.91099
294.9345
294.95403
294.97178
294.98595
294.99932
295.00961
295.01979
295.02726
295.03516
295.04052
295.04679
295.05059
295.05561
295.05827
295.06229
295.06409
295.06734
295.0685
295.07109
295.07183
295.07382
295.07426
295.07577
295.07594
295.07727
295.07681
295.07946
295.07797
294.45254
294.45204
294.45074
294.44913
294.44766
294.44666
294.44614
294.44586
294.4456
294.44525
294.44482
294.44438
294.44393
294.44351
294.44309
294.4427
294.44233
294.44199
294.44168
294.44139
294.44111
294.44087
294.44064
294.44043
294.44024
294.44006
294.4399
294.43975
294.43962
294.4395
294.43938
294.43928
294.43919
294.43911
294.43904
294.43897
294.43892
294.43887
294.43883
294.43879
294.43877
294.43875
294.43873
294.43872
294.43872
294.43872
294.43873
294.43874
294.43877
294.43881
294.43888
294.439
294.43919
294.43953
294.44012
294.44121
294.44331
294.44772
294.45746
294.47857
294.52266
294.58513
294.64825
294.70332
294.75021
294.791
294.82744
294.85971
294.88909
294.91417
294.93693
294.95546
294.9727
294.98619
294.99922
295.00896
295.01896
295.02596
295.0338
295.0388
295.04505
295.04859
295.05359
295.05603
295.0601
295.06171
295.06499
295.06604
295.06861
295.06929
295.07128
295.07165
295.07339
295.07311
295.0761
295.0748
294.45218
294.4517
294.45053
294.44907
294.4477
294.44673
294.44618
294.44587
294.44559
294.44523
294.44481
294.44437
294.44393
294.44351
294.4431
294.44271
294.44234
294.44201
294.44169
294.4414
294.44113
294.44088
294.44065
294.44044
294.44025
294.44007
294.43991
294.43976
294.43963
294.4395
294.43939
294.43929
294.4392
294.43911
294.43904
294.43898
294.43892
294.43887
294.43883
294.4388
294.43877
294.43875
294.43873
294.43872
294.43872
294.43872
294.43872
294.43873
294.43875
294.43876
294.4388
294.43884
294.43891
294.43903
294.43923
294.43958
294.44023
294.44143
294.44391
294.44918
294.46109
294.48721
294.53778
294.60222
294.66278
294.71526
294.75989
294.79909
294.83422
294.86526
294.89364
294.91747
294.93956
294.95715
294.97387
294.9866
294.9993
295.00844
295.01829
295.02482
295.0326
295.03723
295.04344
295.04668
295.05173
295.05391
295.05802
295.05946
295.06272
295.06367
295.06624
295.06683
295.06906
295.06898
295.07236
295.07128
294.45183
294.45137
294.45032
294.44899
294.44772
294.44678
294.44622
294.44588
294.44557
294.44522
294.4448
294.44436
294.44393
294.44351
294.44311
294.44272
294.44235
294.44202
294.4417
294.44141
294.44114
294.44089
294.44066
294.44045
294.44026
294.44008
294.43992
294.43977
294.43963
294.43951
294.4394
294.43929
294.4392
294.43912
294.43905
294.43898
294.43892
294.43888
294.43883
294.4388
294.43877
294.43875
294.43874
294.43873
294.43872
294.43872
294.43872
294.43873
294.43874
294.43875
294.43877
294.43879
294.43883
294.43887
294.43895
294.43906
294.43928
294.43965
294.44036
294.44175
294.4447
294.45119
294.46596
294.49841
294.55514
294.61956
294.67739
294.72702
294.76992
294.80721
294.84119
294.87081
294.89845
294.92105
294.9424
294.95898
294.97518
294.98711
294.99954
295.00805
295.01776
295.02381
295.0315
295.03576
295.04199
295.04489
295.04998
295.05191
295.05601
295.05731
295.06055
295.0614
295.06419
295.06433
295.06817
295.06736
294.45154
294.45104
294.4501
294.44889
294.44772
294.44682
294.44625
294.44588
294.44556
294.4452
294.44478
294.44435
294.44393
294.44351
294.44311
294.44273
294.44236
294.44203
294.44171
294.44142
294.44115
294.4409
294.44067
294.44047
294.44027
294.44009
294.43993
294.43978
294.43964
294.43952
294.4394
294.4393
294.43921
294.43913
294.43905
294.43899
294.43893
294.43888
294.43884
294.4388
294.43878
294.43876
294.43874
294.43873
294.43872
294.43872
294.43872
294.43873
294.43874
294.43875
294.43877
294.43878
294.43881
294.43883
294.43887
294.43891
294.43899
294.43911
294.43933
294.43973
294.44053
294.44218
294.44576
294.45393
294.47253
294.51265
294.57388
294.63675
294.69225
294.73858
294.78005
294.81526
294.84856
294.87664
294.9034
294.92469
294.94531
294.96085
294.97662
294.98773
294.99989
295.00778
295.01733
295.02288
295.03057
295.03437
295.04064
295.04321
295.04829
295.05002
295.05409
295.05525
295.05872
295.0591
295.06347
295.063
294.45127
294.45069
294.44987
294.44878
294.4477
294.44685
294.44627
294.44588
294.44554
294.44517
294.44477
294.44434
294.44392
294.44351
294.44311
294.44273
294.44237
294.44204
294.44173
294.44144
294.44117
294.44092
294.44069
294.44048
294.44028
294.4401
294.43994
294.43979
294.43965
294.43953
294.43941
294.43931
294.43922
294.43913
294.43906
294.43899
294.43894
294.43889
294.43884
294.43881
294.43878
294.43876
294.43874
294.43873
294.43872
294.43872
294.43873
294.43873
294.43874
294.43875
294.43877
294.43878
294.4388
294.43882
294.43885
294.43887
294.43891
294.43895
294.43903
294.43915
294.43938
294.43983
294.44076
294.44276
294.44721
294.45769
294.48108
294.52968
294.59386
294.65354
294.70696
294.75002
294.79017
294.82354
294.85595
294.88245
294.90833
294.92835
294.94832
294.96281
294.97813
294.98842
295.00032
295.00756
295.01704
295.02202
295.02971
295.03309
295.03934
295.04162
295.04669
295.04823
295.05251
295.05318
295.05818
295.05811
294.45091
294.4504
294.44965
294.44867
294.44768
294.44687
294.44629
294.44588
294.44553
294.44516
294.44475
294.44433
294.44392
294.44351
294.44312
294.44274
294.44239
294.44205
294.44174
294.44145
294.44118
294.44093
294.4407
294.44049
294.4403
294.44012
294.43995
294.4398
294.43966
294.43954
294.43942
294.43932
294.43922
294.43914
294.43907
294.439
294.43894
294.43889
294.43885
294.43882
294.43879
294.43877
294.43875
294.43874
294.43873
294.43873
294.43873
294.43874
294.43875
294.43876
294.43877
294.43879
294.43881
294.43882
294.43884
294.43886
294.43889
294.43892
294.43895
294.439
294.43907
294.4392
294.43945
294.43996
294.44107
294.44355
294.44919
294.46274
294.49344
294.54889
294.61403
294.67015
294.72088
294.76153
294.80009
294.83172
294.86323
294.8883
294.91331
294.93203
294.95135
294.96476
294.97967
294.98912
295.00087
295.00737
295.01681
295.02123
295.0289
295.03188
295.03814
295.04014
295.04541
295.04642
295.05218
295.05264
294.45056
294.45012
294.44943
294.44855
294.44764
294.44687
294.4463
294.44588
294.44551
294.44514
294.44474
294.44433
294.44392
294.44352
294.44313
294.44276
294.4424
294.44207
294.44176
294.44147
294.4412
294.44095
294.44072
294.44051
294.44031
294.44013
294.43997
294.43982
294.43968
294.43955
294.43943
294.43933
294.43923
294.43915
294.43908
294.43901
294.43895
294.4389
294.43886
294.43882
294.43879
294.43877
294.43875
294.43874
294.43873
294.43873
294.43874
294.43874
294.43875
294.43876
294.43878
294.43879
294.43881
294.43883
294.43885
294.43887
294.43889
294.43891
294.43893
294.43896
294.43899
294.43903
294.43911
294.43924
294.43953
294.44014
294.44148
294.4446
294.45205
294.46978
294.50942
294.56979
294.63371
294.68659
294.73422
294.77284
294.80988
294.84003
294.87051
294.89412
294.91825
294.93562
294.95435
294.96668
294.98131
294.98981
295.00145
295.00723
295.01662
295.0205
295.02818
295.03077
295.03723
295.03866
295.04532
295.04645
294.45023
294.44984
294.44921
294.44842
294.44759
294.44686
294.4463
294.44587
294.4455
294.44512
294.44472
294.44432
294.44391
294.44352
294.44313
294.44277
294.44242
294.44209
294.44178
294.44149
294.44122
294.44097
294.44074
294.44053
294.44033
294.44015
294.43998
294.43983
294.43969
294.43956
294.43945
294.43934
294.43925
294.43916
294.43909
294.43902
294.43896
294.43891
294.43887
294.43883
294.4388
294.43878
294.43876
294.43875
294.43874
294.43874
294.43874
294.43875
294.43875
294.43877
294.43878
294.43879
294.43881
294.43883
294.43885
294.43887
294.43889
294.43891
294.43893
294.43895
294.43897
294.439
294.43903
294.43907
294.43915
294.4393
294.43962
294.44036
294.44205
294.44609
294.45612
294.47922
294.52881
294.59155
294.65244
294.70258
294.7474
294.78385
294.81961
294.84828
294.87766
294.89974
294.92312
294.93912
294.95741
294.96852
294.98293
294.9905
295.00202
295.00709
295.0165
295.01984
295.02774
295.02968
295.03742
295.03939
294.44991
294.44955
294.44899
294.44828
294.44753
294.44684
294.44629
294.44586
294.44548
294.4451
294.44471
294.44431
294.44391
294.44352
294.44314
294.44278
294.44243
294.4421
294.44179
294.4415
294.44124
294.44099
294.44076
294.44054
294.44035
294.44017
294.44
294.43985
294.43971
294.43958
294.43946
294.43936
294.43926
294.43917
294.4391
294.43903
294.43897
294.43892
294.43888
294.43884
294.43881
294.43879
294.43877
294.43876
294.43875
294.43875
294.43875
294.43875
294.43876
294.43877
294.43878
294.4388
294.43882
294.43883
294.43885
294.43887
294.43889
294.43891
294.43893
294.43895
294.43897
294.43899
294.43901
294.43903
294.43906
294.43911
294.43919
294.43936
294.43975
294.44065
294.44286
294.4482
294.46173
294.49235
294.55066
294.61342
294.67087
294.71741
294.76037
294.79456
294.82913
294.85621
294.88479
294.9052
294.928
294.94246
294.96037
294.97031
294.9845
294.99116
295.00267
295.00698
295.01665
295.01923
295.02825
295.0313
294.4496
294.44927
294.44877
294.44813
294.44744
294.44681
294.44627
294.44584
294.44545
294.44507
294.44469
294.44429
294.4439
294.44352
294.44314
294.44278
294.44244
294.44211
294.44181
294.44152
294.44125
294.441
294.44077
294.44056
294.44036
294.44018
294.44001
294.43986
294.43972
294.43959
294.43947
294.43937
294.43927
294.43918
294.43911
294.43904
294.43898
294.43893
294.43888
294.43885
294.43882
294.43879
294.43877
294.43876
294.43875
294.43875
294.43875
294.43876
294.43877
294.43878
294.43879
294.4388
294.43882
294.43884
294.43886
294.43888
294.4389
294.43892
294.43894
294.43896
294.43897
294.43899
294.43901
294.43903
294.43905
294.43907
294.43909
294.43914
294.43923
294.43943
294.43991
294.44106
294.44397
294.45127
294.46966
294.51047
294.5738
294.63403
294.68887
294.73148
294.77301
294.80492
294.83876
294.86391
294.89188
294.91042
294.93266
294.94568
294.96324
294.97199
294.98612
294.99174
295.00357
295.00697
295.01754
295.02194
294.44929
294.44899
294.44854
294.44797
294.44735
294.44675
294.44624
294.4458
294.44542
294.44504
294.44466
294.44427
294.44389
294.44351
294.44314
294.44278
294.44244
294.44212
294.44182
294.44153
294.44127
294.44102
294.44079
294.44058
294.44038
294.4402
294.44003
294.43987
294.43973
294.4396
294.43948
294.43938
294.43928
294.43919
294.43912
294.43905
294.43899
294.43894
294.43889
294.43885
294.43882
294.4388
294.43878
294.43877
294.43876
294.43876
294.43876
294.43876
294.43877
294.43878
294.43879
294.43881
294.43882
294.43884
294.43886
294.43888
294.4389
294.43892
294.43894
294.43896
294.43898
294.43899
294.43901
294.43903
294.43905
294.43906
294.43908
294.4391
294.43912
294.43917
294.43927
294.43952
294.44012
294.44164
294.44557
294.45586
294.4805
294.53225
294.59776
294.65355
294.7062
294.74515
294.78529
294.81499
294.84831
294.8713
294.89862
294.91545
294.93718
294.9487
294.96609
294.9735
294.98794
294.99245
295.00492
295.01102
294.44899
294.44872
294.44832
294.4478
294.44724
294.44669
294.44619
294.44577
294.44538
294.44501
294.44463
294.44425
294.44387
294.4435
294.44314
294.44279
294.44245
294.44213
294.44183
294.44155
294.44128
294.44103
294.4408
294.44059
294.44039
294.44021
294.44004
294.43989
294.43974
294.43961
294.4395
294.43939
294.43929
294.4392
294.43913
294.43906
294.439
294.43894
294.4389
294.43886
294.43883
294.43881
294.43879
294.43877
294.43877
294.43876
294.43876
294.43877
294.43877
294.43879
294.4388
294.43881
294.43883
294.43885
294.43887
294.43888
294.4389
294.43892
294.43894
294.43896
294.43898
294.439
294.43902
294.43903
294.43905
294.43906
294.43908
294.43909
294.43911
294.43912
294.43915
294.4392
294.43932
294.43963
294.44041
294.44249
294.44795
294.46249
294.49712
294.55574
294.62121
294.6724
294.72222
294.75837
294.79733
294.82465
294.85738
294.87853
294.90517
294.92019
294.94162
294.95144
294.96908
294.9751
294.98991
294.9982
294.4487
294.44845
294.44809
294.44763
294.44712
294.44661
294.44614
294.44572
294.44534
294.44497
294.4446
294.44423
294.44386
294.44349
294.44313
294.44279
294.44246
294.44214
294.44184
294.44156
294.44129
294.44105
294.44082
294.44061
294.44041
294.44022
294.44006
294.4399
294.43976
294.43963
294.43951
294.4394
294.4393
294.43921
294.43914
294.43907
294.439
294.43895
294.43891
294.43887
294.43884
294.43881
294.43879
294.43878
294.43877
294.43877
294.43877
294.43877
294.43878
294.43879
294.4388
294.43882
294.43883
294.43885
294.43887
294.43889
294.43891
294.43893
294.43895
294.43896
294.43898
294.439
294.43902
294.43903
294.43905
294.43907
294.43908
294.43909
294.43911
294.43912
294.43913
294.43915
294.43918
294.43924
294.43939
294.43978
294.44083
294.44373
294.45171
294.47202
294.51865
294.58001
294.64315
294.69056
294.73763
294.77084
294.80883
294.8343
294.86621
294.88534
294.91156
294.92455
294.94607
294.95419
294.97184
294.98296
294.44842
294.44819
294.44787
294.44746
294.44699
294.44652
294.44608
294.44567
294.4453
294.44493
294.44457
294.4442
294.44384
294.44348
294.44313
294.44279
294.44246
294.44215
294.44185
294.44157
294.44131
294.44106
294.44084
294.44062
294.44042
294.44024
294.44007
294.43992
294.43977
294.43964
294.43952
294.43941
294.43931
294.43923
294.43915
294.43908
294.43901
294.43896
294.43892
294.43888
294.43885
294.43882
294.4388
294.43879
294.43878
294.43877
294.43877
294.43878
294.43878
294.43879
294.43881
294.43882
294.43884
294.43885
294.43887
294.43889
294.43891
294.43893
294.43895
294.43897
294.43899
294.439
294.43902
294.43904
294.43905
294.43907
294.43908
294.4391
294.43911
294.43912
294.43913
294.43914
294.43916
294.43917
294.4392
294.43927
294.43946
294.43999
294.44147
294.44563
294.45734
294.48492
294.54358
294.60449
294.66401
294.70729
294.75243
294.78287
294.81999
294.8434
294.87486
294.8917
294.91781
294.92886
294.94977
294.96466
294.44815
294.44794
294.44765
294.44728
294.44686
294.44643
294.44601
294.44562
294.44525
294.44489
294.44453
294.44417
294.44382
294.44347
294.44312
294.44279
294.44247
294.44216
294.44187
294.44159
294.44133
294.44108
294.44085
294.44064
294.44044
294.44026
294.44009
294.43993
294.43979
294.43966
294.43954
294.43943
294.43933
294.43924
294.43916
294.43909
294.43903
294.43897
294.43893
294.43889
294.43885
294.43883
294.43881
294.43879
294.43879
294.43878
294.43878
294.43878
294.43879
294.4388
294.43881
294.43883
294.43884
294.43886
294.43888
294.4389
294.43892
294.43893
294.43895
294.43897
294.43899
294.43901
294.43902
294.43904
294.43906
294.43907
294.43909
294.4391
294.43911
294.43912
294.43913
294.43914
294.43915
294.43916
294.43918
294.43919
294.43923
294.43932
294.43957
294.44029
294.44246
294.4485
294.46546
294.50419
294.56966
294.62728
294.68402
294.72266
294.76667
294.79432
294.83105
294.85202
294.88321
294.89811
294.92261
294.94245
294.44788
294.44769
294.44743
294.44709
294.44672
294.44632
294.44592
294.44555
294.44519
294.44484
294.44449
294.44414
294.4438
294.44345
294.44312
294.44279
294.44247
294.44217
294.44188
294.4416
294.44134
294.4411
294.44087
294.44066
294.44046
294.44028
294.44011
294.43995
294.43981
294.43967
294.43955
294.43944
294.43934
294.43925
294.43917
294.4391
294.43904
294.43898
294.43894
294.4389
294.43887
294.43884
294.43882
294.4388
294.43879
294.43879
294.43879
294.43879
294.4388
294.43881
294.43882
294.43883
294.43885
294.43887
294.43888
294.4389
294.43892
294.43894
294.43896
294.43898
294.43899
294.43901
294.43903
294.43904
294.43906
294.43908
294.43909
294.4391
294.43911
294.43913
294.43914
294.43915
294.43916
294.43917
294.43917
294.43918
294.43919
294.43921
294.43925
294.43937
294.43972
294.44076
294.44393
294.4531
294.47712
294.52866
294.59614
294.64836
294.7031
294.73733
294.78043
294.80532
294.84162
294.86101
294.88923
294.91533
294.44761
294.44744
294.44721
294.44691
294.44657
294.4462
294.44583
294.44548
294.44513
294.44479
294.44445
294.44411
294.44377
294.44344
294.44311
294.44279
294.44247
294.44217
294.44189
294.44162
294.44136
294.44112
294.44089
294.44068
294.44048
294.44029
294.44013
294.43997
294.43982
294.43969
294.43957
294.43946
294.43936
294.43927
294.43919
294.43911
294.43905
294.439
294.43895
294.43891
294.43888
294.43885
294.43883
294.43881
294.4388
294.4388
294.4388
294.4388
294.43881
294.43882
294.43883
294.43884
294.43886
294.43887
294.43889
294.43891
294.43893
294.43894
294.43896
294.43898
294.439
294.43902
294.43903
294.43905
294.43906
294.43908
294.43909
294.43911
294.43912
294.43913
294.43914
294.43915
294.43916
294.43917
294.43918
294.43918
294.43919
294.4392
294.43921
294.43923
294.43928
294.43944
294.43994
294.44149
294.44627
294.46038
294.49573
294.55471
294.62188
294.66822
294.72078
294.75157
294.79313
294.81714
294.84889
294.88224
294.44735
294.4472
294.44699
294.44672
294.44641
294.44608
294.44573
294.44539
294.44506
294.44473
294.4444
294.44407
294.44374
294.44342
294.44309
294.44278
294.44247
294.44218
294.4419
294.44163
294.44137
294.44113
294.44091
294.44069
294.4405
294.44031
294.44014
294.43999
294.43984
294.43971
294.43959
294.43947
294.43937
294.43928
294.4392
294.43913
294.43906
294.43901
294.43896
294.43892
294.43889
294.43886
294.43884
294.43882
294.43881
294.43881
294.43881
294.43881
294.43881
294.43882
294.43883
294.43885
294.43886
294.43888
294.4389
294.43891
294.43893
294.43895
294.43897
294.43899
294.439
294.43902
294.43904
294.43905
294.43907
294.43908
294.4391
294.43911
294.43912
294.43913
294.43914
294.43915
294.43916
294.43917
294.43918
294.43919
294.4392
294.4392
294.43921
294.43922
294.43923
294.43925
294.43932
294.43954
294.44028
294.4427
294.45029
294.47118
294.52076
294.58048
294.64562
294.68756
294.73645
294.76667
294.80161
294.84239
294.4471
294.44695
294.44676
294.44652
294.44624
294.44594
294.44562
294.4453
294.44498
294.44466
294.44435
294.44403
294.44371
294.44339
294.44308
294.44277
294.44247
294.44218
294.4419
294.44164
294.44138
294.44114
294.44092
294.44071
294.44051
294.44033
294.44016
294.44
294.43986
294.43972
294.4396
294.43949
294.43939
294.4393
294.43921
294.43914
294.43908
294.43902
294.43897
294.43893
294.4389
294.43887
294.43885
294.43883
294.43882
294.43882
294.43882
294.43882
294.43882
294.43883
294.43884
294.43885
294.43887
294.43889
294.4389
294.43892
294.43894
294.43896
294.43897
294.43899
294.43901
294.43903
294.43904
294.43906
294.43907
294.43909
294.4391
294.43911
294.43913
294.43914
294.43915
294.43916
294.43917
294.43918
294.43918
294.43919
294.4392
294.43921
294.43921
294.43922
294.43922
294.43923
294.43924
294.43927
294.43937
294.4397
294.44087
294.44468
294.45672
294.4861
294.54873
294.60658
294.66649
294.70736
294.74693
294.79552
294.44684
294.44672
294.44654
294.44633
294.44607
294.4458
294.4455
294.4452
294.4449
294.44459
294.44429
294.44398
294.44367
294.44336
294.44306
294.44276
294.44246
294.44218
294.44191
294.44164
294.44139
294.44116
294.44093
294.44072
294.44053
294.44035
294.44018
294.44002
294.43987
294.43974
294.43962
294.4395
294.4394
294.43931
294.43923
294.43915
294.43909
294.43903
294.43898
294.43894
294.43891
294.43888
294.43886
294.43884
294.43883
294.43882
294.43882
294.43883
294.43883
294.43884
294.43885
294.43886
294.43888
294.43889
294.43891
294.43893
294.43894
294.43896
294.43898
294.439
294.43901
294.43903
294.43905
294.43906
294.43908
294.43909
294.43911
294.43912
294.43913
294.43914
294.43915
294.43916
294.43917
294.43918
294.43919
294.43919
294.4392
294.43921
294.43922
294.43922
294.43923
294.43923
294.43924
294.43924
294.43926
294.4393
294.43945
294.43996
294.44187
294.44794
294.46618
294.50997
294.57549
294.63336
294.68087
294.74108
294.4466
294.44648
294.44633
294.44613
294.4459
294.44565
294.44538
294.44509
294.44481
294.44452
294.44422
294.44392
294.44363
294.44333
294.44303
294.44274
294.44245
294.44218
294.44191
294.44165
294.4414
294.44117
294.44095
294.44074
294.44055
294.44036
294.44019
294.44004
294.43989
294.43976
294.43963
294.43952
294.43942
294.43933
294.43924
294.43917
294.4391
294.43905
294.439
294.43896
294.43892
294.43889
294.43887
294.43885
294.43884
294.43883
294.43883
294.43884
294.43884
294.43885
294.43886
294.43887
294.43888
294.4389
294.43892
294.43893
294.43895
294.43897
294.43899
294.439
294.43902
294.43904
294.43905
294.43907
294.43908
294.4391
294.43911
294.43912
294.43914
294.43915
294.43916
294.43917
294.43918
294.43918
294.43919
294.4392
294.43921
294.43921
294.43922
294.43922
294.43923
294.43924
294.43924
294.43924
294.43925
294.43926
294.43927
294.43933
294.43957
294.4404
294.4435
294.4539
294.48026
294.54052
294.59613
294.67525
294.44635
294.44625
294.44611
294.44593
294.44573
294.44549
294.44524
294.44498
294.44471
294.44443
294.44415
294.44387
294.44358
294.44329
294.44301
294.44272
294.44244
294.44217
294.44191
294.44166
294.44141
294.44118
294.44096
294.44076
294.44056
294.44038
294.44021
294.44005
294.43991
294.43977
294.43965
294.43954
294.43944
294.43934
294.43926
294.43918
294.43912
294.43906
294.43901
294.43897
294.43893
294.4389
294.43888
294.43887
294.43885
294.43885
294.43884
294.43885
294.43885
294.43886
294.43887
294.43888
294.43889
294.43891
294.43892
294.43894
294.43896
294.43898
294.43899
294.43901
294.43903
294.43904
294.43906
294.43907
294.43909
294.4391
294.43912
294.43913
294.43914
294.43915
294.43916
294.43917
294.43918
294.43919
294.4392
294.4392
294.43921
294.43922
294.43922
294.43923
294.43923
294.43924
294.43924
294.43925
294.43925
294.43926
294.43926
294.43927
294.4393
294.43938
294.43978
294.44121
294.44647
294.46324
294.50005
294.59162
294.44611
294.44602
294.44589
294.44573
294.44555
294.44533
294.4451
294.44486
294.44461
294.44434
294.44408
294.4438
294.44353
294.44325
294.44297
294.4427
294.44243
294.44216
294.44191
294.44166
294.44142
294.44119
294.44098
294.44077
294.44058
294.4404
294.44023
294.44007
294.43993
294.43979
294.43967
294.43956
294.43945
294.43936
294.43928
294.4392
294.43913
294.43908
294.43903
294.43898
294.43895
294.43892
294.4389
294.43888
294.43887
294.43886
294.43886
294.43886
294.43886
294.43887
294.43888
294.43889
294.4389
294.43892
294.43893
294.43895
294.43897
294.43898
294.439
294.43902
294.43903
294.43905
294.43907
294.43908
294.4391
294.43911
294.43912
294.43913
294.43915
294.43916
294.43917
294.43918
294.43918
294.43919
294.4392
294.43921
294.43922
294.43922
294.43923
294.43923
294.43924
294.43924
294.43925
294.43925
294.43926
294.43926
294.43926
294.43927
294.43928
294.43928
294.43934
294.43946
294.44026
294.44244
294.45249
294.50483
294.44588
294.44579
294.44568
294.44553
294.44536
294.44517
294.44496
294.44473
294.4445
294.44425
294.44399
294.44374
294.44347
294.4432
294.44294
294.44267
294.44241
294.44215
294.4419
294.44166
294.44143
294.4412
294.44099
294.44079
294.4406
294.44042
294.44025
294.44009
294.43995
294.43981
294.43969
294.43957
294.43947
294.43938
294.43929
294.43922
294.43915
294.43909
294.43904
294.439
294.43896
294.43893
294.43891
294.43889
294.43888
294.43887
294.43887
294.43887
294.43887
294.43888
294.43889
294.4389
294.43891
294.43893
294.43894
294.43896
294.43898
294.43899
294.43901
294.43903
294.43904
294.43906
294.43907
294.43909
294.4391
294.43912
294.43913
294.43914
294.43915
294.43916
294.43917
294.43918
294.43919
294.4392
294.43921
294.43921
294.43922
294.43923
294.43923
294.43924
294.43924
294.43925
294.43925
294.43926
294.43926
294.43926
294.43927
294.43927
294.43928
294.43928
294.43931
294.43929
294.4396
294.43958
294.44123
294.45641
294.44565
294.44557
294.44546
294.44533
294.44518
294.445
294.44481
294.4446
294.44438
294.44415
294.44391
294.44366
294.44341
294.44315
294.4429
294.44264
294.44239
294.44214
294.4419
294.44166
294.44143
294.44121
294.441
294.4408
294.44061
294.44043
294.44027
294.44011
294.43996
294.43983
294.43971
294.43959
294.43949
294.4394
294.43931
294.43924
294.43917
294.43911
294.43906
294.43902
294.43898
294.43895
294.43892
294.43891
294.43889
294.43889
294.43888
294.43888
294.43888
294.43889
294.4389
294.43891
294.43892
294.43894
294.43895
294.43897
294.43898
294.439
294.43902
294.43903
294.43905
294.43907
294.43908
294.4391
294.43911
294.43912
294.43914
294.43915
294.43916
294.43917
294.43918
294.43919
294.4392
294.4392
294.43921
294.43922
294.43923
294.43923
294.43924
294.43924
294.43925
294.43925
294.43926
294.43926
294.43927
294.43927
294.43927
294.43928
294.43928
294.43929
294.43931
294.43929
294.43945
294.43933
294.43947
294.44224
294.44542
294.44534
294.44525
294.44513
294.44499
294.44483
294.44466
294.44446
294.44426
294.44404
294.44382
294.44358
294.44334
294.4431
294.44285
294.44261
294.44236
294.44212
294.44189
294.44165
294.44143
294.44121
294.44101
294.44081
294.44062
294.44045
294.44028
294.44013
294.43998
294.43985
294.43973
294.43961
294.43951
294.43942
294.43933
294.43926
294.43919
294.43913
294.43908
294.43903
294.439
294.43897
294.43894
294.43892
294.43891
294.4389
294.4389
294.4389
294.4389
294.4389
294.43891
294.43892
294.43894
294.43895
294.43896
294.43898
294.439
294.43901
294.43903
294.43904
294.43906
294.43908
294.43909
294.4391
294.43912
294.43913
294.43914
294.43916
294.43917
294.43918
294.43919
294.4392
294.4392
294.43921
294.43922
294.43923
294.43923
294.43924
294.43925
294.43925
294.43926
294.43926
294.43926
294.43927
294.43927
294.43928
294.43928
294.43928
294.43929
294.43929
294.43931
294.4393
294.43942
294.43937
294.43924
294.43972
294.44519
294.44512
294.44504
294.44493
294.4448
294.44466
294.4445
294.44432
294.44413
294.44393
294.44372
294.4435
294.44327
294.44304
294.44281
294.44257
294.44233
294.4421
294.44187
294.44165
294.44143
294.44122
294.44102
294.44082
294.44064
294.44046
294.4403
294.44015
294.44
294.43987
294.43975
294.43963
294.43953
294.43944
294.43935
294.43927
294.43921
294.43915
294.4391
294.43905
294.43901
294.43898
294.43896
294.43894
294.43892
294.43892
294.43891
294.43891
294.43891
294.43892
294.43893
294.43894
294.43895
294.43896
294.43898
294.43899
294.43901
294.43902
294.43904
294.43906
294.43907
294.43909
294.4391
294.43911
294.43913
294.43914
294.43915
294.43916
294.43918
294.43918
294.43919
294.4392
294.43921
294.43922
294.43923
294.43923
294.43924
294.43925
294.43925
294.43926
294.43926
294.43927
294.43927
294.43927
294.43928
294.43928
294.43929
294.43929
294.4393
294.4393
294.43932
294.43931
294.43942
294.43938
294.43922
294.4394
294.44497
294.4449
294.44483
294.44473
294.44462
294.44448
294.44434
294.44417
294.444
294.44381
294.44361
294.44341
294.44319
294.44297
294.44275
294.44253
294.4423
294.44208
294.44185
294.44164
294.44142
294.44122
294.44102
294.44083
294.44065
294.44048
294.44032
294.44016
294.44002
294.43989
294.43977
294.43965
294.43955
294.43946
294.43937
294.4393
294.43923
294.43917
294.43911
294.43907
294.43903
294.439
294.43898
294.43896
294.43894
294.43893
294.43893
294.43893
294.43893
294.43893
294.43894
294.43895
294.43896
294.43898
294.43899
294.439
294.43902
294.43904
294.43905
294.43907
294.43908
294.4391
294.43911
294.43912
294.43914
294.43915
294.43916
294.43917
294.43918
294.43919
294.4392
294.43921
294.43922
294.43923
294.43924
294.43924
294.43925
294.43925
294.43926
294.43926
294.43927
294.43927
294.43928
294.43928
294.43929
294.43929
294.43929
294.4393
294.4393
294.4393
294.43932
294.43931
294.43942
294.43938
294.43923
294.43936
294.44474
294.44469
294.44462
294.44453
294.44443
294.44431
294.44417
294.44402
294.44386
294.44369
294.4435
294.44331
294.44311
294.4429
294.44269
294.44248
294.44226
294.44205
294.44183
294.44162
294.44142
294.44122
294.44102
294.44084
294.44066
294.44049
294.44033
294.44018
294.44004
294.43991
294.43979
294.43967
294.43957
294.43948
294.43939
294.43932
294.43925
294.43919
294.43913
294.43909
294.43905
294.43902
294.43899
294.43898
294.43896
294.43895
294.43894
294.43894
294.43895
294.43895
294.43896
294.43897
294.43898
294.43899
294.439
294.43902
294.43903
294.43905
294.43906
294.43908
294.43909
294.43911
294.43912
294.43914
294.43915
294.43916
294.43917
294.43918
294.43919
294.4392
294.43921
294.43922
294.43923
294.43924
294.43924
294.43925
294.43926
294.43926
294.43927
294.43927
294.43928
294.43928
294.43929
294.43929
294.43929
294.4393
294.4393
294.4393
294.43931
294.43931
294.43933
294.43932
294.43942
294.43938
294.43924
294.43937
294.44452
294.44447
294.44441
294.44433
294.44423
294.44413
294.444
294.44387
294.44372
294.44356
294.44339
294.44321
294.44302
294.44283
294.44263
294.44242
294.44222
294.44201
294.44181
294.4416
294.44141
294.44121
294.44102
294.44084
294.44067
294.4405
294.44034
294.4402
294.44006
294.43993
294.43981
294.43969
294.43959
294.4395
294.43941
294.43934
294.43927
294.43921
294.43916
294.43911
294.43907
294.43904
294.43901
294.439
294.43898
294.43897
294.43896
294.43896
294.43896
294.43897
294.43897
294.43898
294.43899
294.43901
294.43902
294.43903
294.43905
294.43906
294.43908
294.43909
294.43911
294.43912
294.43913
294.43915
294.43916
294.43917
294.43918
294.43919
294.43921
294.43921
294.43922
294.43923
294.43924
294.43925
294.43925
294.43926
294.43927
294.43927
294.43928
294.43928
294.43929
294.43929
294.4393
294.4393
294.4393
294.43931
294.43931
294.43931
294.43932
294.43932
294.43934
294.43933
294.43943
294.43939
294.43925
294.43937
294.44431
294.44426
294.4442
294.44413
294.44404
294.44395
294.44383
294.44371
294.44357
294.44343
294.44327
294.4431
294.44293
294.44274
294.44256
294.44236
294.44217
294.44197
294.44178
294.44158
294.44139
294.4412
294.44102
294.44084
294.44067
294.44051
294.44036
294.44021
294.44007
294.43995
294.43983
294.43972
294.43961
294.43952
294.43944
294.43936
294.43929
294.43923
294.43918
294.43913
294.43909
294.43906
294.43904
294.43902
294.439
294.43899
294.43898
294.43898
294.43898
294.43899
294.43899
294.439
294.43901
294.43902
294.43904
294.43905
294.43906
294.43908
294.43909
294.43911
294.43912
294.43913
294.43915
294.43916
294.43917
294.43918
294.4392
294.43921
294.43922
294.43923
294.43923
294.43924
294.43925
294.43926
294.43926
294.43927
294.43928
294.43928
294.43929
294.43929
294.4393
294.4393
294.4393
294.43931
294.43931
294.43931
294.43932
294.43932
294.43933
294.43933
294.43935
294.43934
294.43943
294.43939
294.43926
294.43938
294.44409
294.44405
294.444
294.44393
294.44385
294.44376
294.44366
294.44355
294.44343
294.44329
294.44314
294.44299
294.44283
294.44266
294.44248
294.4423
294.44211
294.44193
294.44174
294.44156
294.44137
294.44119
294.44101
294.44084
294.44068
294.44052
294.44037
294.44023
294.44009
294.43996
294.43984
294.43974
294.43963
294.43954
294.43946
294.43938
294.43931
294.43925
294.4392
294.43916
294.43912
294.43909
294.43906
294.43904
294.43902
294.43901
294.439
294.439
294.439
294.43901
294.43901
294.43902
294.43903
294.43904
294.43905
294.43907
294.43908
294.43909
294.43911
294.43912
294.43914
294.43915
294.43916
294.43918
294.43919
294.4392
294.43921
294.43922
294.43923
294.43924
294.43925
294.43925
294.43926
294.43927
294.43928
294.43928
294.43929
294.43929
294.4393
294.4393
294.43931
294.43931
294.43932
294.43932
294.43932
294.43932
294.43933
294.43933
294.43934
294.43934
294.43936
294.43935
294.43944
294.4394
294.43927
294.43939
294.44388
294.44384
294.44379
294.44373
294.44366
294.44358
294.44349
294.44339
294.44327
294.44315
294.44302
294.44287
294.44272
294.44256
294.4424
294.44223
294.44206
294.44188
294.4417
294.44153
294.44135
294.44118
294.44101
294.44084
294.44068
294.44053
294.44038
294.44024
294.44011
294.43998
294.43986
294.43976
294.43966
294.43956
294.43948
294.43941
294.43934
294.43928
294.43923
294.43918
294.43914
294.43911
294.43908
294.43906
294.43905
294.43903
294.43903
294.43902
294.43902
294.43903
294.43903
294.43904
294.43905
294.43906
294.43907
294.43909
294.4391
294.43911
294.43913
294.43914
294.43915
294.43917
294.43918
294.43919
294.4392
294.43921
294.43922
294.43923
294.43924
294.43925
294.43926
294.43927
294.43928
294.43928
294.43929
294.43929
294.4393
294.4393
294.43931
294.43931
294.43932
294.43932
294.43933
294.43933
294.43933
294.43934
294.43934
294.43934
294.43935
294.43935
294.43937
294.43936
294.43944
294.43941
294.43928
294.4394
294.44367
294.44364
294.44359
294.44354
294.44347
294.4434
294.44332
294.44322
294.44312
294.44301
294.44288
294.44275
294.44261
294.44247
294.44231
294.44215
294.44199
294.44183
294.44166
294.44149
294.44132
294.44116
294.44099
294.44083
294.44068
294.44053
294.44039
294.44025
294.44012
294.44
294.43988
294.43978
294.43968
294.43959
294.43951
294.43943
294.43936
294.4393
294.43925
294.43921
294.43917
294.43914
294.43911
294.43909
294.43907
294.43906
294.43905
294.43905
294.43905
294.43905
294.43906
294.43906
294.43907
294.43908
294.43909
294.43911
294.43912
294.43913
294.43914
294.43916
294.43917
294.43918
294.4392
294.43921
294.43922
294.43923
294.43924
294.43925
294.43926
294.43927
294.43928
294.43928
294.43929
294.4393
294.4393
294.43931
294.43931
294.43932
294.43932
294.43933
294.43933
294.43934
294.43934
294.43934
294.43935
294.43935
294.43935
294.43935
294.43936
294.43936
294.43938
294.43937
294.43945
294.43942
294.4393
294.43941
294.44347
294.44343
294.44339
294.44334
294.44329
294.44322
294.44314
294.44306
294.44297
294.44286
294.44275
294.44263
294.4425
294.44237
294.44222
294.44208
294.44192
294.44177
294.44161
294.44145
294.44129
294.44113
294.44098
294.44082
294.44068
294.44053
294.44039
294.44026
294.44013
294.44001
294.4399
294.4398
294.4397
294.43961
294.43953
294.43946
294.43939
294.43933
294.43928
294.43923
294.4392
294.43916
294.43914
294.43911
294.4391
294.43909
294.43908
294.43907
294.43907
294.43908
294.43908
294.43909
294.4391
294.43911
294.43912
294.43913
294.43914
294.43915
294.43917
294.43918
294.43919
294.4392
294.43922
294.43923
294.43924
294.43925
294.43926
294.43927
294.43928
294.43928
294.43929
294.4393
294.43931
294.43931
294.43932
294.43932
294.43933
294.43933
294.43934
294.43934
294.43935
294.43935
294.43935
294.43936
294.43936
294.43936
294.43937
294.43937
294.43937
294.43938
294.43939
294.43939
294.43946
294.43943
294.43931
294.43942
294.44326
294.44323
294.44319
294.44315
294.4431
294.44304
294.44297
294.44289
294.44281
294.44271
294.44261
294.4425
294.44238
294.44226
294.44213
294.44199
294.44185
294.4417
294.44156
294.44141
294.44126
294.44111
294.44096
294.44081
294.44067
294.44053
294.4404
294.44027
294.44014
294.44003
294.43992
294.43982
294.43972
294.43963
294.43955
294.43948
294.43942
294.43936
294.43931
294.43926
294.43922
294.43919
294.43917
294.43914
294.43913
294.43911
294.43911
294.4391
294.4391
294.4391
294.43911
294.43911
294.43912
294.43913
294.43914
294.43915
294.43916
294.43918
294.43919
294.4392
294.43921
294.43922
294.43924
294.43925
294.43926
294.43927
294.43928
294.43929
294.4393
294.4393
294.43931
294.43932
294.43932
294.43933
294.43934
294.43934
294.43935
294.43935
294.43936
294.43936
294.43936
294.43937
294.43937
294.43937
294.43938
294.43938
294.43938
294.43938
294.43939
294.43939
294.43941
294.4394
294.43947
294.43944
294.43933
294.43943
294.44306
294.44303
294.443
294.44296
294.44291
294.44285
294.44279
294.44272
294.44265
294.44256
294.44247
294.44237
294.44226
294.44215
294.44203
294.4419
294.44177
294.44163
294.4415
294.44136
294.44122
294.44107
294.44093
294.44079
294.44066
294.44052
294.4404
294.44027
294.44015
294.44004
294.43994
294.43984
294.43974
294.43966
294.43958
294.43951
294.43944
294.43939
294.43934
294.43929
294.43925
294.43922
294.4392
294.43917
294.43916
294.43914
294.43914
294.43913
294.43913
294.43913
294.43914
294.43914
294.43915
294.43916
294.43917
294.43918
294.43919
294.4392
294.43921
294.43922
294.43924
294.43925
294.43926
294.43927
294.43928
294.43929
294.4393
294.43931
294.43932
294.43932
294.43933
294.43934
294.43934
294.43935
294.43935
294.43936
294.43936
294.43937
294.43937
294.43938
294.43938
294.43938
294.43939
294.43939
294.43939
294.43939
294.4394
294.4394
294.4394
294.43941
294.43942
294.43942
294.43948
294.43945
294.43935
294.43945
294.44286
294.44283
294.4428
294.44276
294.44272
294.44267
294.44262
294.44256
294.44249
294.44241
294.44233
294.44224
294.44214
294.44203
294.44192
294.44181
294.44169
294.44156
294.44143
294.4413
294.44117
294.44104
294.4409
294.44077
294.44064
294.44052
294.44039
294.44027
294.44016
294.44005
294.43995
294.43985
294.43976
294.43968
294.43961
294.43954
294.43947
294.43942
294.43937
294.43932
294.43929
294.43925
294.43923
294.43921
294.43919
294.43918
294.43917
294.43916
294.43916
294.43916
294.43917
294.43917
294.43918
294.43919
294.4392
294.43921
294.43922
294.43923
294.43924
294.43925
294.43926
294.43927
294.43928
294.43929
294.4393
294.43931
294.43932
294.43933
294.43934
294.43934
294.43935
294.43936
294.43936
294.43937
294.43937
294.43938
294.43938
294.43939
294.43939
294.4394
294.4394
294.4394
294.43941
294.43941
294.43941
294.43941
294.43942
294.43942
294.43942
294.43942
294.43944
294.43943
294.43949
294.43946
294.43937
294.43946
294.44266
294.44263
294.44261
294.44257
294.44254
294.44249
294.44244
294.44239
294.44232
294.44226
294.44218
294.4421
294.44201
294.44191
294.44181
294.44171
294.4416
294.44148
294.44136
294.44124
294.44112
294.441
294.44087
294.44075
294.44063
294.44051
294.44039
294.44028
294.44017
294.44006
294.43996
294.43987
294.43979
294.4397
294.43963
294.43956
294.4395
294.43945
294.4394
294.43936
294.43932
294.43929
294.43926
294.43924
294.43922
294.43921
294.4392
294.4392
294.4392
294.4392
294.4392
294.4392
294.43921
294.43922
294.43923
294.43924
294.43925
294.43926
294.43927
294.43928
294.43929
294.4393
294.43931
294.43932
294.43933
294.43934
294.43935
294.43935
294.43936
294.43937
294.43938
294.43938
294.43939
294.43939
294.4394
294.4394
294.43941
294.43941
294.43941
294.43942
294.43942
294.43942
294.43943
294.43943
294.43943
294.43943
294.43944
294.43944
294.43944
294.43944
294.43946
294.43945
294.43951
294.43948
294.4394
294.43948
294.44246
294.44244
294.44241
294.44239
294.44235
294.44231
294.44227
294.44222
294.44216
294.4421
294.44203
294.44196
294.44188
294.44179
294.4417
294.44161
294.44151
294.4414
294.44129
294.44118
294.44107
294.44095
294.44083
294.44072
294.4406
294.44049
294.44038
294.44027
294.44017
294.44007
294.43998
294.43989
294.43981
294.43973
294.43966
294.43959
294.43953
294.43948
294.43943
294.43939
294.43936
294.43932
294.4393
294.43928
294.43926
294.43925
294.43924
294.43924
294.43923
294.43923
294.43924
294.43924
294.43925
294.43925
294.43926
294.43927
294.43928
294.43929
294.4393
294.43931
294.43932
294.43933
294.43934
294.43935
294.43936
294.43937
294.43937
294.43938
294.43939
294.43939
294.4394
294.43941
294.43941
294.43942
294.43942
294.43943
294.43943
294.43943
294.43944
294.43944
294.43944
294.43945
294.43945
294.43945
294.43945
294.43946
294.43946
294.43946
294.43946
294.43947
294.43948
294.43948
294.43953
294.4395
294.43942
294.4395
294.44226
294.44225
294.44222
294.4422
294.44217
294.44213
294.44209
294.44205
294.442
294.44194
294.44188
294.44182
294.44175
294.44167
294.44159
294.4415
294.44141
294.44131
294.44121
294.44111
294.44101
294.4409
294.44079
294.44069
294.44058
294.44047
294.44037
294.44027
294.44017
294.44008
294.43999
294.4399
294.43983
294.43975
294.43968
294.43962
294.43956
294.43951
294.43947
294.43943
294.43939
294.43936
294.43934
294.43932
294.4393
294.43929
294.43928
294.43928
294.43927
294.43927
294.43927
294.43928
294.43928
294.43929
294.4393
294.43931
294.43932
294.43933
294.43933
294.43934
294.43935
294.43936
294.43937
294.43938
294.43939
294.4394
294.4394
294.43941
294.43942
294.43942
294.43943
294.43943
294.43944
294.43944
294.43945
294.43945
294.43946
294.43946
294.43946
294.43947
294.43947
294.43947
294.43947
294.43948
294.43948
294.43948
294.43948
294.43948
294.43949
294.43949
294.4395
294.4395
294.43954
294.43952
294.43945
294.43952
294.44207
294.44205
294.44203
294.44201
294.44198
294.44195
294.44192
294.44188
294.44183
294.44178
294.44173
294.44167
294.44161
294.44154
294.44147
294.44139
294.44131
294.44122
294.44113
294.44104
294.44094
294.44085
294.44075
294.44065
294.44055
294.44045
294.44036
294.44026
294.44017
294.44008
294.44
294.43992
294.43984
294.43977
294.43971
294.43965
294.4396
294.43955
294.4395
294.43947
294.43943
294.4394
294.43938
294.43936
294.43934
294.43933
294.43932
294.43932
294.43932
294.43932
294.43932
294.43932
294.43933
294.43933
294.43934
294.43935
294.43935
294.43936
294.43937
294.43938
294.43939
294.4394
294.43941
294.43941
294.43942
294.43943
294.43944
294.43944
294.43945
294.43945
294.43946
294.43947
294.43947
294.43947
294.43948
294.43948
294.43949
294.43949
294.43949
294.43949
294.4395
294.4395
294.4395
294.4395
294.43951
294.43951
294.43951
294.43951
294.43951
294.43952
294.43953
294.43953
294.43957
294.43954
294.43948
294.43955
294.44188
294.44186
294.44185
294.44182
294.4418
294.44177
294.44174
294.44171
294.44167
294.44163
294.44158
294.44153
294.44147
294.44141
294.44134
294.44127
294.4412
294.44112
294.44104
294.44096
294.44087
294.44079
294.4407
294.44061
294.44052
294.44043
294.44034
294.44025
294.44017
294.44009
294.44001
294.43993
294.43986
294.4398
294.43974
294.43968
294.43963
294.43958
294.43954
294.43951
294.43947
294.43945
294.43942
294.4394
294.43939
294.43938
294.43937
294.43936
294.43936
294.43936
294.43936
294.43937
294.43937
294.43938
294.43938
294.43939
294.4394
294.4394
294.43941
294.43942
294.43943
294.43944
294.43944
294.43945
294.43946
294.43947
294.43947
294.43948
294.43948
294.43949
294.43949
294.4395
294.4395
294.43951
294.43951
294.43951
294.43952
294.43952
294.43952
294.43953
294.43953
294.43953
294.43953
294.43953
294.43954
294.43954
294.43954
294.43954
294.43954
294.43954
294.43955
294.43955
294.43959
294.43957
294.43951
294.43957
294.44169
294.44167
294.44166
294.44164
294.44162
294.44159
294.44157
294.44154
294.4415
294.44147
294.44142
294.44138
294.44133
294.44128
294.44122
294.44116
294.44109
294.44102
294.44095
294.44088
294.4408
294.44072
294.44064
294.44056
294.44048
294.4404
294.44032
294.44024
294.44016
294.44009
294.44001
294.43995
294.43988
294.43982
294.43976
294.43971
294.43966
294.43962
294.43958
294.43955
294.43952
294.43949
294.43947
294.43945
294.43944
294.43943
294.43942
294.43941
294.43941
294.43941
294.43941
294.43941
294.43942
294.43942
294.43943
294.43943
294.43944
294.43945
294.43946
294.43946
294.43947
294.43948
294.43949
294.43949
294.4395
294.4395
294.43951
294.43952
294.43952
294.43953
294.43953
294.43953
294.43954
294.43954
294.43955
294.43955
294.43955
294.43955
294.43956
294.43956
294.43956
294.43956
294.43957
294.43957
294.43957
294.43957
294.43957
294.43957
294.43958
294.43958
294.43959
294.43958
294.43962
294.4396
294.43954
294.4396
294.4415
294.44148
294.44147
294.44145
294.44144
294.44142
294.44139
294.44137
294.44134
294.4413
294.44127
294.44123
294.44119
294.44114
294.44109
294.44104
294.44098
294.44092
294.44086
294.44079
294.44072
294.44065
294.44058
294.44051
294.44044
294.44036
294.44029
294.44022
294.44015
294.44008
294.44002
294.43996
294.4399
294.43984
294.43979
294.43974
294.4397
294.43966
294.43962
294.43959
294.43956
294.43954
294.43952
294.4395
294.43949
294.43948
294.43947
294.43947
294.43946
294.43946
294.43946
294.43947
294.43947
294.43947
294.43948
294.43948
294.43949
294.4395
294.4395
294.43951
294.43952
294.43952
294.43953
294.43954
294.43954
294.43955
294.43955
294.43956
294.43956
294.43957
294.43957
294.43957
294.43958
294.43958
294.43958
294.43959
294.43959
294.43959
294.43959
294.4396
294.4396
294.4396
294.4396
294.4396
294.4396
294.43961
294.43961
294.43961
294.43961
294.43961
294.43962
294.43962
294.43965
294.43963
294.43958
294.43963
294.4413
294.44129
294.44128
294.44127
294.44125
294.44124
294.44122
294.44119
294.44117
294.44114
294.44111
294.44108
294.44104
294.441
294.44096
294.44091
294.44086
294.44081
294.44076
294.4407
294.44064
294.44058
294.44052
294.44046
294.44039
294.44033
294.44026
294.4402
294.44014
294.44008
294.44002
294.43997
294.43991
294.43986
294.43982
294.43977
294.43973
294.4397
294.43967
294.43964
294.43961
294.43959
294.43957
294.43956
294.43954
294.43954
294.43953
294.43952
294.43952
294.43952
294.43952
294.43952
294.43952
294.43953
294.43953
294.43954
294.43954
294.43955
294.43955
294.43956
294.43957
294.43957
294.43958
294.43958
294.43959
294.43959
294.4396
294.4396
294.43961
294.43961
294.43961
294.43962
294.43962
294.43962
294.43963
294.43963
294.43963
294.43963
294.43963
294.43964
294.43964
294.43964
294.43964
294.43964
294.43964
294.43964
294.43964
294.43965
294.43965
294.43965
294.43966
294.43966
294.43968
294.43966
294.43962
294.43967
294.44111
294.4411
294.44109
294.44108
294.44107
294.44105
294.44104
294.44102
294.441
294.44098
294.44095
294.44092
294.44089
294.44086
294.44082
294.44078
294.44074
294.4407
294.44065
294.44061
294.44056
294.4405
294.44045
294.4404
294.44034
294.44029
294.44023
294.44018
294.44012
294.44007
294.44002
294.43997
294.43993
294.43988
294.43984
294.43981
294.43977
294.43974
294.43971
294.43969
294.43966
294.43964
294.43963
294.43961
294.4396
294.43959
294.43959
294.43958
294.43958
294.43958
294.43958
294.43958
294.43958
294.43959
294.43959
294.4396
294.4396
294.4396
294.43961
294.43962
294.43962
294.43963
294.43963
294.43963
294.43964
294.43964
294.43965
294.43965
294.43965
294.43966
294.43966
294.43966
294.43967
294.43967
294.43967
294.43967
294.43967
294.43968
294.43968
294.43968
294.43968
294.43968
294.43968
294.43968
294.43969
294.43969
294.43969
294.43969
294.43969
294.43969
294.4397
294.4397
294.43972
294.4397
294.43967
294.4397
294.44092
294.44091
294.4409
294.44089
294.44088
294.44087
294.44086
294.44084
294.44083
294.44081
294.44079
294.44076
294.44074
294.44071
294.44068
294.44065
294.44062
294.44058
294.44055
294.44051
294.44046
294.44042
294.44038
294.44033
294.44029
294.44024
294.4402
294.44015
294.44011
294.44006
294.44002
294.43998
294.43994
294.4399
294.43987
294.43984
294.43981
294.43978
294.43976
294.43974
294.43972
294.4397
294.43969
294.43967
294.43967
294.43966
294.43965
294.43965
294.43965
294.43965
294.43965
294.43965
294.43965
294.43965
294.43965
294.43966
294.43966
294.43967
294.43967
294.43967
294.43968
294.43968
294.43969
294.43969
294.43969
294.4397
294.4397
294.4397
294.43971
294.43971
294.43971
294.43971
294.43972
294.43972
294.43972
294.43972
294.43972
294.43972
294.43973
294.43973
294.43973
294.43973
294.43973
294.43973
294.43973
294.43973
294.43973
294.43973
294.43973
294.43973
294.43974
294.43974
294.43975
294.43974
294.43971
294.43975
294.44072
294.44072
294.44071
294.4407
294.4407
294.44069
294.44068
294.44066
294.44065
294.44064
294.44062
294.4406
294.44058
294.44056
294.44054
294.44052
294.44049
294.44046
294.44043
294.4404
294.44037
294.44034
294.4403
294.44027
294.44023
294.44019
294.44016
294.44012
294.44009
294.44005
294.44002
294.43999
294.43995
294.43992
294.4399
294.43987
294.43985
294.43983
294.43981
294.43979
294.43977
294.43976
294.43975
294.43974
294.43973
294.43973
294.43972
294.43972
294.43972
294.43971
294.43971
294.43972
294.43972
294.43972
294.43972
294.43972
294.43973
294.43973
294.43973
294.43974
294.43974
294.43974
294.43975
294.43975
294.43975
294.43976
294.43976
294.43976
294.43976
294.43976
294.43977
294.43977
294.43977
294.43977
294.43977
294.43977
294.43977
294.43978
294.43978
294.43978
294.43978
294.43978
294.43978
294.43978
294.43978
294.43978
294.43978
294.43978
294.43978
294.43978
294.43979
294.43979
294.4398
294.43979
294.43977
294.43979
294.44052
294.44052
294.44052
294.44051
294.4405
294.4405
294.44049
294.44048
294.44047
294.44046
294.44045
294.44044
294.44042
294.44041
294.44039
294.44038
294.44036
294.44034
294.44032
294.44029
294.44027
294.44025
294.44022
294.4402
294.44017
294.44014
294.44012
294.44009
294.44006
294.44004
294.44001
294.43999
294.43997
294.43995
294.43992
294.43991
294.43989
294.43987
294.43986
294.43984
294.43983
294.43982
294.43981
294.43981
294.4398
294.4398
294.43979
294.43979
294.43979
294.43979
294.43979
294.43979
294.43979
294.43979
294.43979
294.4398
294.4398
294.4398
294.4398
294.4398
294.43981
294.43981
294.43981
294.43981
294.43982
294.43982
294.43982
294.43982
294.43982
294.43982
294.43983
294.43983
294.43983
294.43983
294.43983
294.43983
294.43983
294.43983
294.43983
294.43983
294.43983
294.43983
294.43983
294.43983
294.43983
294.43983
294.43983
294.43983
294.43983
294.43983
294.43984
294.43984
294.43984
294.43984
294.43982
294.43984
294.44032
294.44032
294.44031
294.44031
294.44031
294.4403
294.4403
294.44029
294.44029
294.44028
294.44027
294.44027
294.44026
294.44025
294.44024
294.44023
294.44022
294.44021
294.44019
294.44018
294.44017
294.44015
294.44014
294.44012
294.4401
294.44009
294.44007
294.44006
294.44004
294.44002
294.44001
294.43999
294.43998
294.43997
294.43995
294.43994
294.43993
294.43992
294.43991
294.4399
294.4399
294.43989
294.43988
294.43988
294.43988
294.43987
294.43987
294.43987
294.43987
294.43987
294.43987
294.43987
294.43987
294.43987
294.43987
294.43987
294.43987
294.43987
294.43988
294.43988
294.43988
294.43988
294.43988
294.43988
294.43988
294.43988
294.43988
294.43989
294.43989
294.43989
294.43989
294.43989
294.43989
294.43989
294.43989
294.43989
294.43989
294.43989
294.43989
294.43989
294.43989
294.43989
294.43989
294.43989
294.43989
294.43989
294.43989
294.43989
294.43989
294.43989
294.43989
294.43989
294.4399
294.43989
294.43988
294.43989
294.44011
294.44011
294.44011
294.44011
294.44011
294.44011
294.4401
294.4401
294.4401
294.4401
294.4401
294.44009
294.44009
294.44009
294.44008
294.44008
294.44008
294.44007
294.44007
294.44006
294.44006
294.44005
294.44005
294.44004
294.44004
294.44003
294.44003
294.44002
294.44002
294.44001
294.44001
294.44
294.44
294.43999
294.43999
294.43998
294.43998
294.43997
294.43997
294.43997
294.43997
294.43996
294.43996
294.43996
294.43996
294.43996
294.43996
294.43996
294.43996
294.43996
294.43995
294.43995
294.43995
294.43995
294.43995
294.43996
294.43996
294.43996
294.43996
294.43996
294.43996
294.43996
294.43996
294.43996
294.43996
294.43996
294.43996
294.43996
294.43996
294.43996
294.43996
294.43996
294.43996
294.43996
294.43995
294.43995
294.43995
294.43995
294.43995
294.43995
294.43995
294.43995
294.43995
294.43995
294.43995
294.43995
294.43995
294.43995
294.43995
294.43995
294.43995
294.43994
294.43995
294.43994
294.43994
294.43994
)
;

boundaryField
{
    inlet
    {
        type            fixedValue;
        value           uniform 294.44;
    }
    outlet
    {
        type            zeroGradient;
    }
    top
    {
        type            inletOutlet;
        inletValue      uniform 294.44;
        value           nonuniform List<scalar> 
110
(
294.44
294.44002
294.44004
294.44007
294.44009
294.4401
294.44011
294.44011
294.44011
294.44011
294.44011
294.44011
294.44011
294.44011
294.44011
294.44011
294.44011
294.44011
294.44011
294.44011
294.4401
294.4401
294.4401
294.4401
294.4401
294.44009
294.44009
294.44009
294.44008
294.44008
294.44008
294.44007
294.44007
294.44006
294.44006
294.44005
294.44005
294.44004
294.44004
294.44003
294.44003
294.44002
294.44002
294.44001
294.44001
294.44
294.44
294.43999
294.43999
294.43998
294.43998
294.43997
294.43997
294.43997
294.43997
294.43996
294.43996
294.43996
294.43996
294.43996
294.43996
294.43996
294.43996
294.43996
294.43995
294.43995
294.43995
294.43995
294.43995
294.43996
294.43996
294.43996
294.43996
294.43996
294.43996
294.43996
294.43996
294.43996
294.43996
294.43996
294.43996
294.43996
294.43996
294.43996
294.43996
294.43996
294.43996
294.43996
294.43995
294.43995
294.43995
294.43995
294.43995
294.43995
294.43995
294.43995
294.43995
294.43995
294.43995
294.43995
294.43995
294.43995
294.43995
294.43995
294.43995
294.43994
294.43995
294.43994
294.43994
294.43994
)
;
    }
    upstreamWall
    {
        type            symmetryPlane;
    }
    plate
    {
        type            zeroGradient;
    }
    frontAndBack
    {
        type            empty;
    }
}


// ************************************************************************* //
