/*--------------------------------*- C++ -*----------------------------------*\
| =========                 |                                                 |
| \\      /  F ield         | OpenFOAM: The Open Source CFD Toolbox           |
|  \\    /   O peration     | Version:  2512                                  |
|   \\  /    A nd           | Website:  www.openfoam.com                      |
|    \\/     M anipulation  |                                                 |
\*---------------------------------------------------------------------------*/
FoamFile
{
    version     2.0;
    format      ascii;
    arch        "LSB;label=32;scalar=64";
    class       volVectorField;
    location    "0.149987";
    object      wallShearStress;
}
// * * * * * * * * * * * * * * * * * * * * * * * * * * * * * * * * * * * * * //

dimensions      [1 -1 -2 0 0 0 0];

internalField   uniform (0 0 0);

boundaryField
{
    inlet
    {
        type            calculated;
        value           uniform (0 0 0);
    }
    outlet
    {
        type            calculated;
        value           uniform (0 0 0);
    }
    top
    {
        type            calculated;
        value           uniform (0 0 0);
    }
    upstreamWall
    {
        type            symmetryPlane;
    }
    plate
    {
        type            calculated;
        value           nonuniform List<vector> 
96
(
(-10.941091 -0.061360836 0)
(-15.751751 -0.14487376 0)
(-15.993206 -0.16043864 0)
(-13.994872 -0.10640298 0)
(-12.289404 -0.042890713 0)
(-11.398764 0.0009338389 0)
(-11.360299 0.017699518 0)
(-11.53011 0.015799628 0)
(-11.721891 0.0092010405 0)
(-11.743305 0.0027557637 0)
(-11.659924 -0.00096625679 0)
(-11.516369 -0.002499497 0)
(-11.346535 -0.0030214217 0)
(-11.168688 -0.0032114313 0)
(-10.98567 -0.0032704875 0)
(-10.800458 -0.0032055644 0)
(-10.620125 -0.0030316309 0)
(-10.446504 -0.0028228367 0)
(-10.279189 -0.0026207216 0)
(-10.118606 -0.0024248848 0)
(-9.9650471 -0.0022375577 0)
(-9.8182597 -0.0020492406 0)
(-9.6798012 -0.0018639207 0)
(-9.5485201 -0.0017030488 0)
(-9.4229211 -0.0015663928 0)
(-9.3024175 -0.0014456982 0)
(-9.1867543 -0.0013320972 0)
(-9.0761839 -0.0012219464 0)
(-8.9708559 -0.0011227619 0)
(-8.8695504 -0.0010371539 0)
(-8.771914 -0.00096185417 0)
(-8.6774759 -0.00089093155 0)
(-8.5867685 -0.0008238165 0)
(-8.4992379 -0.00076342333 0)
(-8.4146695 -0.00070963656 0)
(-8.3325494 -0.00066101067 0)
(-8.2529777 -0.00061463945 0)
(-8.1759856 -0.00057228532 0)
(-8.1010936 -0.0005342339 0)
(-8.0282347 -0.00049893099 0)
(-7.9573652 -0.00046576262 0)
(-7.8884493 -0.00043563819 0)
(-7.8211118 -0.00040836438 0)
(-7.7553551 -0.0003825063 0)
(-7.691237 -0.00035823026 0)
(-7.6286003 -0.0003361846 0)
(-7.5672482 -0.0003157711 0)
(-7.5072427 -0.00029640699 0)
(-7.4485344 -0.0002785241 0)
(-7.3909682 -0.00026202791 0)
(-7.3345219 -0.00024654378 0)
(-7.2791626 -0.00023212075 0)
(-7.2247952 -0.00021862017 0)
(-7.1714471 -0.00020602244 0)
(-7.1189762 -0.00019432989 0)
(-7.0674054 -0.00018319151 0)
(-7.016736 -0.00017290447 0)
(-6.9668063 -0.00016329028 0)
(-6.9176906 -0.00015413526 0)
(-6.8693502 -0.00014560757 0)
(-6.821698 -0.00013762807 0)
(-6.7747639 -0.00013008978 0)
(-6.7284827 -0.00012299272 0)
(-6.6828816 -0.00011635131 0)
(-6.6378557 -0.00011003584 0)
(-6.5935193 -0.00010411134 0)
(-6.5496989 -9.8566624e-05 0)
(-6.5064934 -9.3299024e-05 0)
(-6.4638089 -8.835063e-05 0)
(-6.4216869 -8.3699029e-05 0)
(-6.3800299 -7.9273989e-05 0)
(-6.3389547 -7.5115363e-05 0)
(-6.298275 -7.1181026e-05 0)
(-6.2581792 -6.746639e-05 0)
(-6.2184312 -6.3954518e-05 0)
(-6.1792596 -6.0649132e-05 0)
(-6.1403804 -5.7499101e-05 0)
(-6.1021019 -5.4543981e-05 0)
(-6.0640434 -5.1726898e-05 0)
(-6.0266189 -4.9075932e-05 0)
(-5.9893455 -4.6562593e-05 0)
(-5.9527251 -4.4184026e-05 0)
(-5.9162029 -4.1925914e-05 0)
(-5.8803624 -3.9800055e-05 0)
(-5.8445444 -3.7768251e-05 0)
(-5.8094654 -3.5863813e-05 0)
(-5.7743112 -3.4041352e-05 0)
(-5.7399647 -3.2328773e-05 0)
(-5.7054473 -3.0691051e-05 0)
(-5.6718116 -2.9181021e-05 0)
(-5.6378369 -2.7687558e-05 0)
(-5.6049248 -2.6303087e-05 0)
(-5.5716118 -2.5520735e-05 0)
(-5.5376017 -2.2443303e-05 0)
(-5.5112114 -2.6681395e-05 0)
(-5.4582783 -1.8714239e-05 0)
)
;
    }
    frontAndBack
    {
        type            empty;
    }
}


// ************************************************************************* //
