0 	25.898111 	0 	0 	0 	-6.1230923 	-5.6167028e-05 	0
0.00076390977 	17.420934 	41.728912 	0.00094162883 	0 	0 	0 	0
0.0015278195 	16.804132 	46.136195 	0.0020825934 	0 	0 	0 	0
0.0022917293 	16.517747 	48.624726 	0.0033272706 	0 	0 	0 	0
0.0030556391 	16.255351 	50.405204 	0.0046524719 	0 	0 	0 	0
0.0038195489 	15.989395 	51.797673 	0.006051506 	0 	0 	0 	0
0.0045834586 	15.714421 	52.95375 	0.0075197895 	0 	0 	0 	0
0.0053473684 	15.429345 	53.946075 	0.0090555472 	0 	0 	0 	0
0.0061112782 	15.133065 	54.822166 	0.010663519 	0 	0 	0 	0
0.006875188 	14.826559 	55.611443 	0.012339766 	0 	0 	0 	0
0.0076390977 	14.510058 	56.337392 	0.014084182 	0 	0 	0 	0
0.0084030075 	14.182348 	57.010493 	0.015906734 	0 	0 	0 	0
0.0091669173 	13.843955 	57.638352 	0.017806752 	0 	0 	0 	0
0.0099308271 	13.494286 	58.233756 	0.019788753 	0 	0 	0 	0
0.010694737 	13.131311 	58.80385 	0.021862132 	0 	0 	0 	0
0.011458647 	12.752475 	59.354711 	0.024036943 	0 	0 	0 	0
0.012222556 	12.355215 	59.890382 	0.026321846 	0 	0 	0 	0
0.012986466 	11.933643 	60.412433 	0.02873662 	0 	0 	0 	0
0.013750376 	11.48595 	60.926277 	0.031283739 	0 	0 	0 	0
0.014514286 	11.011508 	61.433728 	0.03395837 	0 	0 	0 	0
0.015278195 	10.510159 	61.936473 	0.036757343 	0 	0 	0 	0
0.016042105 	9.9765328 	62.434102 	0.039700273 	0 	0 	0 	0
0.016806015 	9.4007742 	62.929239 	0.042830476 	0 	0 	0 	0
0.017569925 	8.7990756 	63.421662 	0.046074967 	0 	0 	0 	0
0.018333835 	8.1683139 	63.908977 	0.049446009 	0 	0 	0 	0
0.019097744 	7.5041204 	64.38718 	0.052965138 	0 	0 	0 	0
0.019861654 	6.8298649 	64.858752 	0.056528351 	0 	0 	0 	0
0.020625564 	6.1497053 	65.306759 	0.060117164 	0 	0 	0 	0
0.021389474 	5.4762398 	65.73955 	0.063686097 	0 	0 	0 	0
0.022153383 	4.8180021 	66.148871 	0.067201558 	0 	0 	0 	0
0.022917293 	4.1752479 	66.535886 	0.070671802 	0 	0 	0 	0
0.023681203 	3.5454926 	66.9063 	0.074095555 	0 	0 	0 	0
0.024445113 	2.9295749 	67.255321 	0.07749987 	0 	0 	0 	0
0.025209023 	2.3252369 	67.59095 	0.080875993 	0 	0 	0 	0
0.025972932 	1.772799 	67.891499 	0.084032016 	0 	0 	0 	0
0.026736842 	1.2696452 	68.162658 	0.086953173 	0 	0 	0 	0
0.027500752 	0.86621231 	68.38327 	0.089359009 	0 	0 	0 	0
0.028264662 	0.59141859 	68.537339 	0.091070339 	0 	0 	0 	0
0.029028571 	0.35588308 	68.670781 	0.092550628 	0 	0 	0 	0
0.029792481 	0.27699203 	68.720144 	0.093079983 	0 	0 	0 	0
0.030556391 	0.19810099 	68.769506 	0.093609337 	0 	0 	0 	0
0.031320301 	0.17087166 	68.785911 	0.093762498 	0 	0 	0 	0
0.032084211 	0.1570252 	68.793851 	0.093821937 	0 	0 	0 	0
0.03284812 	0.14599686 	68.799983 	0.093867009 	0 	0 	0 	0
0.03361203 	0.14375632 	68.800692 	0.093868289 	0 	0 	0 	0
0.03437594 	0.14151578 	68.801402 	0.093869569 	0 	0 	0 	0
0.03513985 	0.14036557 	68.801722 	0.093870726 	0 	0 	0 	0
0.035903759 	0.14008389 	68.801737 	0.093871601 	0 	0 	0 	0
0.036667669 	0.1398022 	68.801753 	0.093872477 	0 	0 	0 	0
0.037431579 	0.13971794 	68.801746 	0.093873334 	0 	0 	0 	0
0.038195489 	0.13969493 	68.801731 	0.093874156 	0 	0 	0 	0
0.038959398 	0.13967191 	68.801715 	0.093874978 	0 	0 	0 	0
0.039723308 	0.1396846 	68.801701 	0.093875758 	0 	0 	0 	0
0.040487218 	0.13969134 	68.801687 	0.093876497 	0 	0 	0 	0
0.041251128 	0.13969807 	68.801674 	0.093877236 	0 	0 	0 	0
0.042015038 	0.1397132 	68.80166 	0.093877989 	0 	0 	0 	0
0.042778947 	0.13972215 	68.801646 	0.093878717 	0 	0 	0 	0
0.043542857 	0.1397311 	68.801633 	0.093879445 	0 	0 	0 	0
0.044306767 	0.13973812 	68.801619 	0.093880542 	0 	0 	0 	0
0.045070677 	0.13974595 	68.801605 	0.093880914 	0 	0 	0 	0
0.045834586 	0.13975364 	68.80159 	0.093881637 	0 	0 	0 	0
0.046598496 	0.13976133 	68.801576 	0.093882359 	0 	0 	0 	0
0.047362406 	0.13976144 	68.801562 	0.093883097 	0 	0 	0 	0
0.048126316 	0.13976638 	68.801547 	0.093883812 	0 	0 	0 	0
0.048890226 	0.13977133 	68.801532 	0.093884527 	0 	0 	0 	0
0.049654135 	0.13977627 	68.801517 	0.093885241 	0 	0 	0 	0
0.050418045 	0.13977522 	68.801502 	0.09388597 	0 	0 	0 	0
0.051181955 	0.13977739 	68.801486 	0.093886677 	0 	0 	0 	0
0.051945865 	0.13977957 	68.801471 	0.093887383 	0 	0 	0 	0
0.052709774 	0.13978175 	68.801456 	0.093888089 	0 	0 	0 	0
0.053473684 	0.13978341 	68.80144 	0.093888809 	0 	0 	0 	0
0.054237594 	0.13978458 	68.801424 	0.093889506 	0 	0 	0 	0
0.055001504 	0.13978575 	68.801408 	0.093890203 	0 	0 	0 	0
0.055765414 	0.13978692 	68.801391 	0.0938909 	0 	0 	0 	0
0.056529323 	0.13979033 	68.801375 	0.093891613 	0 	0 	0 	0
0.057293233 	0.13979144 	68.801358 	0.093892301 	0 	0 	0 	0
0.058057143 	0.13979254 	68.801342 	0.093892988 	0 	0 	0 	0
0.058821053 	0.13979365 	68.801325 	0.093893676 	0 	0 	0 	0
0.059584962 	0.13979624 	68.801308 	0.093894384 	0 	0 	0 	0
0.060348872 	0.1397974 	68.80129 	0.093895061 	0 	0 	0 	0
0.061112782 	0.13979856 	68.801273 	0.093895738 	0 	0 	0 	0
0.061876692 	0.13979972 	68.801256 	0.093896416 	0 	0 	0 	0
0.062640602 	0.13980087 	68.801238 	0.093897093 	0 	0 	0 	0
0.063404511 	0.13980203 	68.80122 	0.093897788 	0 	0 	0 	0
0.064168421 	0.13980289 	68.801202 	0.093898454 	0 	0 	0 	0
0.064932331 	0.13980375 	68.801184 	0.093899121 	0 	0 	0 	0
0.065696241 	0.13980461 	68.801166 	0.093899788 	0 	0 	0 	0
0.06646015 	0.13980547 	68.801148 	0.093900454 	0 	0 	0 	0
0.06722406 	0.13980625 	68.801129 	0.093901137 	0 	0 	0 	0
0.06798797 	0.13980673 	68.801111 	0.093901793 	0 	0 	0 	0
0.06875188 	0.1398072 	68.801092 	0.093902448 	0 	0 	0 	0
0.069515789 	0.13980768 	68.801073 	0.093903104 	0 	0 	0 	0
0.070279699 	0.13980816 	68.801054 	0.093903759 	0 	0 	0 	0
0.071043609 	0.13980965 	68.801035 	0.093904433 	0 	0 	0 	0
0.071807519 	0.13980983 	68.801015 	0.093905076 	0 	0 	0 	0
0.072571429 	0.13981001 	68.800995 	0.09390572 	0 	0 	0 	0
0.073335338 	0.1398102 	68.800976 	0.093906363 	0 	0 	0 	0
0.074099248 	0.13981038 	68.800956 	0.093907007 	0 	0 	0 	0
0.074863158 	0.13981372 	68.800936 	0.093908327 	0 	0 	0 	0
0.075627068 	0.13981284 	68.800916 	0.093908306 	0 	0 	0 	0
0.076390977 	0.13981294 	68.800896 	0.093908936 	0 	0 	0 	0
0.077154887 	0.13981304 	68.800875 	0.093909567 	0 	0 	0 	0
0.077918797 	0.13981314 	68.800855 	0.093910198 	0 	0 	0 	0
0.078682707 	0.13981324 	68.800834 	0.093910829 	0 	0 	0 	0
0.079446617 	0.1398151 	68.800813 	0.093911482 	0 	0 	0 	0
0.080210526 	0.13981526 	68.800792 	0.093912099 	0 	0 	0 	0
0.080974436 	0.13981542 	68.800771 	0.093912716 	0 	0 	0 	0
0.081738346 	0.13981558 	68.80075 	0.093913334 	0 	0 	0 	0
0.082502256 	0.13981573 	68.800728 	0.093913951 	0 	0 	0 	0
0.083266165 	0.13981589 	68.800707 	0.093914569 	0 	0 	0 	0
0.084030075 	0.1398163 	68.800686 	0.093915565 	0 	0 	0 	0
0.084793985 	0.13981708 	68.800663 	0.093915813 	0 	0 	0 	0
0.085557895 	0.13981725 	68.800641 	0.093916416 	0 	0 	0 	0
0.086321805 	0.13981741 	68.800619 	0.093917019 	0 	0 	0 	0
0.087085714 	0.13981758 	68.800597 	0.093917622 	0 	0 	0 	0
0.087849624 	0.13981774 	68.800575 	0.093918225 	0 	0 	0 	0
0.088613534 	0.1398179 	68.800552 	0.093918828 	0 	0 	0 	0
0.089377444 	0.13981835 	68.80053 	0.093919447 	0 	0 	0 	0
0.090141353 	0.13981848 	68.800506 	0.093920036 	0 	0 	0 	0
0.090905263 	0.13981861 	68.800483 	0.093920624 	0 	0 	0 	0
0.091669173 	0.13981874 	68.80046 	0.093921212 	0 	0 	0 	0
0.092433083 	0.13981887 	68.800437 	0.0939218 	0 	0 	0 	0
0.093196992 	0.139819 	68.800414 	0.093922388 	0 	0 	0 	0
0.093960902 	0.13981844 	68.800391 	0.093923308 	0 	0 	0 	0
0.094724812 	0.13981931 	68.800367 	0.093923576 	0 	0 	0 	0
0.095488722 	0.13981941 	68.800343 	0.093924148 	0 	0 	0 	0
0.096252632 	0.13981951 	68.800319 	0.09392472 	0 	0 	0 	0
0.097016541 	0.1398196 	68.800295 	0.093925292 	0 	0 	0 	0
0.097780451 	0.1398197 	68.800271 	0.093925864 	0 	0 	0 	0
0.098544361 	0.13981979 	68.800247 	0.093926436 	0 	0 	0 	0
0.099308271 	0.13981989 	68.800222 	0.093927008 	0 	0 	0 	0
0.10007218 	0.13981998 	68.800198 	0.093927596 	0 	0 	0 	0
0.10083609 	0.13982005 	68.800173 	0.093928151 	0 	0 	0 	0
0.1016 	0.13982012 	68.800148 	0.093928706 	0 	0 	0 	0
0.10236391 	0.13982019 	68.800122 	0.093929261 	0 	0 	0 	0
0.10312782 	0.13982026 	68.800097 	0.093929816 	0 	0 	0 	0
0.10389173 	0.13982033 	68.800072 	0.093930371 	0 	0 	0 	0
0.10465564 	0.1398204 	68.800047 	0.093930926 	0 	0 	0 	0
0.10541955 	0.13981895 	68.800022 	0.093932155 	0 	0 	0 	0
0.10618346 	0.13982052 	68.799996 	0.093932043 	0 	0 	0 	0
0.10694737 	0.13982057 	68.79997 	0.09393258 	0 	0 	0 	0
0.10771128 	0.13982063 	68.799944 	0.093933117 	0 	0 	0 	0
0.10847519 	0.13982068 	68.799918 	0.093933654 	0 	0 	0 	0
0.1092391 	0.13982073 	68.799892 	0.093934191 	0 	0 	0 	0
0.11000301 	0.13982078 	68.799865 	0.093934728 	0 	0 	0 	0
0.11076692 	0.13982084 	68.799839 	0.093935265 	0 	0 	0 	0
0.11153083 	0.13981916 	68.799813 	0.093936561 	0 	0 	0 	0
0.11229474 	0.13982093 	68.799786 	0.093936346 	0 	0 	0 	0
0.11305865 	0.13982096 	68.799759 	0.093936864 	0 	0 	0 	0
0.11382256 	0.139821 	68.799732 	0.093937382 	0 	0 	0 	0
0.11458647 	0.13982104 	68.799704 	0.0939379 	0 	0 	0 	0
0.11535038 	0.13982108 	68.799677 	0.093938418 	0 	0 	0 	0
0.11611429 	0.13982112 	68.79965 	0.093938936 	0 	0 	0 	0
0.1168782 	0.13982115 	68.799623 	0.093939454 	0 	0 	0 	0
0.11764211 	0.13982119 	68.799596 	0.093939972 	0 	0 	0 	0
0.11840602 	0.13982123 	68.799568 	0.093940506 	0 	0 	0 	0
0.11916992 	0.13982125 	68.79954 	0.093941003 	0 	0 	0 	0
0.11993383 	0.13982128 	68.799511 	0.093941501 	0 	0 	0 	0
0.12069774 	0.13982131 	68.799483 	0.093941998 	0 	0 	0 	0
0.12146165 	0.13982133 	68.799455 	0.093942496 	0 	0 	0 	0
0.12222556 	0.13982136 	68.799427 	0.093942993 	0 	0 	0 	0
0.12298947 	0.13982139 	68.799398 	0.09394349 	0 	0 	0 	0
0.12375338 	0.13982142 	68.79937 	0.093943988 	0 	0 	0 	0
0.12451729 	0.13982144 	68.799342 	0.093944485 	0 	0 	0 	0
0.1252812 	0.13982147 	68.799313 	0.093944997 	0 	0 	0 	0
0.12604511 	0.13982149 	68.799283 	0.093945474 	0 	0 	0 	0
0.12680902 	0.1398215 	68.799254 	0.09394595 	0 	0 	0 	0
0.12757293 	0.13982152 	68.799224 	0.093946426 	0 	0 	0 	0
0.12833684 	0.13982154 	68.799195 	0.093946902 	0 	0 	0 	0
0.12910075 	0.13982156 	68.799166 	0.093947379 	0 	0 	0 	0
0.12986466 	0.13982158 	68.799136 	0.093947855 	0 	0 	0 	0
0.13062857 	0.1398216 	68.799107 	0.093948331 	0 	0 	0 	0
0.13139248 	0.13982162 	68.799077 	0.093948808 	0 	0 	0 	0
0.13215639 	0.13982027 	68.799048 	0.093949877 	0 	0 	0 	0
0.1329203 	0.13982165 	68.799017 	0.093949762 	0 	0 	0 	0
0.13368421 	0.13982166 	68.798987 	0.093950215 	0 	0 	0 	0
0.13444812 	0.13982167 	68.798956 	0.093950668 	0 	0 	0 	0
0.13521203 	0.13982169 	68.798926 	0.093951121 	0 	0 	0 	0
0.13597594 	0.1398217 	68.798895 	0.093951574 	0 	0 	0 	0
0.13673985 	0.13982171 	68.798864 	0.093952027 	0 	0 	0 	0
0.13750376 	0.13982172 	68.798834 	0.09395248 	0 	0 	0 	0
0.13826767 	0.13982173 	68.798803 	0.093952933 	0 	0 	0 	0
0.13903158 	0.13982175 	68.798773 	0.093953386 	0 	0 	0 	0
0.13979549 	0.13982037 	68.798742 	0.093954437 	0 	0 	0 	0
0.1405594 	0.13982177 	68.79871 	0.093954292 	0 	0 	0 	0
0.14132331 	0.13982177 	68.798678 	0.093954722 	0 	0 	0 	0
0.14208722 	0.13982178 	68.798647 	0.093955151 	0 	0 	0 	0
0.14285113 	0.13982179 	68.798615 	0.093955581 	0 	0 	0 	0
0.14361504 	0.13982179 	68.798583 	0.093956011 	0 	0 	0 	0
0.14437895 	0.1398218 	68.798551 	0.09395644 	0 	0 	0 	0
0.14514286 	0.13982181 	68.79852 	0.09395687 	0 	0 	0 	0
0.14590677 	0.13982181 	68.798488 	0.0939573 	0 	0 	0 	0
0.14667068 	0.13982182 	68.798456 	0.093957729 	0 	0 	0 	0
0.14743459 	0.13982183 	68.798424 	0.093958159 	0 	0 	0 	0
0.1481985 	0.13982183 	68.798392 	0.093958602 	0 	0 	0 	0
0.14896241 	0.13982183 	68.798359 	0.093959005 	0 	0 	0 	0
0.14972632 	0.13982184 	68.798326 	0.093959409 	0 	0 	0 	0
0.15049023 	0.13982184 	68.798293 	0.093959812 	0 	0 	0 	0
0.15125414 	0.13982184 	68.79826 	0.093960215 	0 	0 	0 	0
0.15201805 	0.13982184 	68.798227 	0.093960618 	0 	0 	0 	0
0.15278195 	0.13982184 	68.798194 	0.093961021 	0 	0 	0 	0
0.15354586 	0.13982184 	68.798161 	0.093961425 	0 	0 	0 	0
0.15430977 	0.13982185 	68.798128 	0.093961828 	0 	0 	0 	0
0.15507368 	0.13982185 	68.798095 	0.093962231 	0 	0 	0 	0
0.15583759 	0.13982185 	68.798062 	0.093962634 	0 	0 	0 	0
0.1566015 	0.13982154 	68.798029 	0.093963179 	0 	0 	0 	0
0.15736541 	0.13982185 	68.797994 	0.093963428 	0 	0 	0 	0
0.15812932 	0.13982185 	68.79796 	0.093963805 	0 	0 	0 	0
0.15889323 	0.13982185 	68.797926 	0.093964183 	0 	0 	0 	0
0.15965714 	0.13982185 	68.797892 	0.09396456 	0 	0 	0 	0
0.16042105 	0.13982184 	68.797858 	0.093964938 	0 	0 	0 	0
0.16118496 	0.13982184 	68.797823 	0.093965315 	0 	0 	0 	0
0.16194887 	0.13982184 	68.797789 	0.093965693 	0 	0 	0 	0
0.16271278 	0.13982184 	68.797755 	0.09396607 	0 	0 	0 	0
0.16347669 	0.13982183 	68.797721 	0.093966448 	0 	0 	0 	0
0.1642406 	0.13982183 	68.797687 	0.093966825 	0 	0 	0 	0
0.16500451 	0.13982171 	68.797652 	0.093967255 	0 	0 	0 	0
0.16576842 	0.13982183 	68.797618 	0.093967591 	0 	0 	0 	0
0.16653233 	0.13982182 	68.797582 	0.093967939 	0 	0 	0 	0
0.16729624 	0.13982182 	68.797547 	0.093968286 	0 	0 	0 	0
0.16806015 	0.13982181 	68.797511 	0.093968633 	0 	0 	0 	0
0.16882406 	0.13982181 	68.797476 	0.093968981 	0 	0 	0 	0
0.16958797 	0.1398218 	68.797441 	0.093969328 	0 	0 	0 	0
0.17035188 	0.13982179 	68.797405 	0.093969676 	0 	0 	0 	0
0.17111579 	0.13982179 	68.79737 	0.093970023 	0 	0 	0 	0
0.1718797 	0.13982178 	68.797334 	0.093970371 	0 	0 	0 	0
0.17264361 	0.13982178 	68.797299 	0.093970718 	0 	0 	0 	0
0.17340752 	0.13982177 	68.797263 	0.093971065 	0 	0 	0 	0
0.17417143 	0.13982177 	68.797228 	0.093971413 	0 	0 	0 	0
0.17493534 	0.13982051 	68.797192 	0.093972286 	0 	0 	0 	0
0.17569925 	0.13982176 	68.797156 	0.093972093 	0 	0 	0 	0
0.17646316 	0.13982175 	68.797119 	0.093972412 	0 	0 	0 	0
0.17722707 	0.13982174 	68.797083 	0.093972731 	0 	0 	0 	0
0.17799098 	0.13982173 	68.797046 	0.09397305 	0 	0 	0 	0
0.17875489 	0.13982172 	68.797009 	0.093973369 	0 	0 	0 	0
0.1795188 	0.13982171 	68.796973 	0.093973688 	0 	0 	0 	0
0.18028271 	0.1398217 	68.796936 	0.093974007 	0 	0 	0 	0
0.18104662 	0.13982169 	68.796899 	0.093974326 	0 	0 	0 	0
0.18181053 	0.13982168 	68.796863 	0.093974645 	0 	0 	0 	0
0.18257444 	0.13982168 	68.796826 	0.093974963 	0 	0 	0 	0
0.18333835 	0.13982167 	68.79679 	0.093975282 	0 	0 	0 	0
0.18410226 	0.13982166 	68.796753 	0.093975601 	0 	0 	0 	0
0.18486617 	0.13981989 	68.796715 	0.093976657 	0 	0 	0 	0
0.18563008 	0.13982164 	68.796678 	0.093976236 	0 	0 	0 	0
0.18639398 	0.13982163 	68.796641 	0.093976522 	0 	0 	0 	0
0.18715789 	0.13982162 	68.796603 	0.093976808 	0 	0 	0 	0
0.1879218 	0.13982161 	68.796565 	0.093977093 	0 	0 	0 	0
0.18868571 	0.13982159 	68.796527 	0.093977379 	0 	0 	0 	0
0.18944962 	0.13982158 	68.796489 	0.093977665 	0 	0 	0 	0
0.19021353 	0.13982157 	68.796451 	0.09397795 	0 	0 	0 	0
0.19097744 	0.13982156 	68.796414 	0.093978236 	0 	0 	0 	0
0.19174135 	0.13982155 	68.796376 	0.093978522 	0 	0 	0 	0
0.19250526 	0.13982153 	68.796338 	0.093978808 	0 	0 	0 	0
0.19326917 	0.13982152 	68.7963 	0.093979093 	0 	0 	0 	0
0.19403308 	0.13982151 	68.796262 	0.093979379 	0 	0 	0 	0
0.19479699 	0.1398215 	68.796224 	0.093979665 	0 	0 	0 	0
0.1955609 	0.13982011 	68.796186 	0.09398052 	0 	0 	0 	0
0.19632481 	0.13982148 	68.796147 	0.093980213 	0 	0 	0 	0
0.19708872 	0.13982146 	68.796108 	0.093980466 	0 	0 	0 	0
0.19785263 	0.13982145 	68.796069 	0.093980718 	0 	0 	0 	0
0.19861654 	0.13982143 	68.79603 	0.093980971 	0 	0 	0 	0
0.19938045 	0.13982142 	68.795991 	0.093981223 	0 	0 	0 	0
0.20014436 	0.13982141 	68.795952 	0.093981476 	0 	0 	0 	0
0.20090827 	0.13982139 	68.795913 	0.093981729 	0 	0 	0 	0
0.20167218 	0.13982138 	68.795875 	0.093981981 	0 	0 	0 	0
0.20243609 	0.13982136 	68.795836 	0.093982234 	0 	0 	0 	0
0.2032 	0.13982135 	68.795797 	0.093982486 	0 	0 	0 	0
0.20396391 	0.13982133 	68.795758 	0.093982739 	0 	0 	0 	0
0.20472782 	0.13982132 	68.795719 	0.093982992 	0 	0 	0 	0
0.20549173 	0.1398213 	68.79568 	0.093983244 	0 	0 	0 	0
0.20625564 	0.13982124 	68.795641 	0.093983516 	0 	0 	0 	0
0.20701955 	0.1398209 	68.795601 	0.093983916 	0 	0 	0 	0
0.20778346 	0.13982126 	68.795561 	0.093983981 	0 	0 	0 	0
0.20854737 	0.13982125 	68.795521 	0.093984199 	0 	0 	0 	0
0.20931128 	0.13982123 	68.795481 	0.093984418 	0 	0 	0 	0
0.21007519 	0.13982121 	68.795441 	0.093984636 	0 	0 	0 	0
0.2108391 	0.1398212 	68.7954 	0.093984854 	0 	0 	0 	0
0.21160301 	0.13982118 	68.79536 	0.093985073 	0 	0 	0 	0
0.21236692 	0.13982116 	68.79532 	0.093985291 	0 	0 	0 	0
0.21313083 	0.13982115 	68.79528 	0.093985509 	0 	0 	0 	0
0.21389474 	0.13982113 	68.79524 	0.093985727 	0 	0 	0 	0
0.21465865 	0.13982111 	68.7952 	0.093985946 	0 	0 	0 	0
0.21542256 	0.13982109 	68.79516 	0.093986164 	0 	0 	0 	0
0.21618647 	0.13982108 	68.79512 	0.093986382 	0 	0 	0 	0
0.21695038 	0.13982106 	68.79508 	0.0939866 	0 	0 	0 	0
0.21771429 	0.13982104 	68.795039 	0.093986819 	0 	0 	0 	0
0.2184782 	0.13981933 	68.794998 	0.093987728 	0 	0 	0 	0
0.21924211 	0.13982101 	68.794958 	0.09398723 	0 	0 	0 	0
0.22000602 	0.13982099 	68.794917 	0.093987407 	0 	0 	0 	0
0.22076992 	0.13982098 	68.794876 	0.093987585 	0 	0 	0 	0
0.22153383 	0.13982096 	68.794835 	0.093987762 	0 	0 	0 	0
0.22229774 	0.13982094 	68.794793 	0.093987939 	0 	0 	0 	0
0.22306165 	0.13982092 	68.794752 	0.093988117 	0 	0 	0 	0
0.22382556 	0.1398209 	68.794711 	0.093988294 	0 	0 	0 	0
0.22458947 	0.13982088 	68.79467 	0.093988472 	0 	0 	0 	0
0.22535338 	0.13982086 	68.794629 	0.093988649 	0 	0 	0 	0
0.22611729 	0.13982084 	68.794588 	0.093988826 	0 	0 	0 	0
0.2268812 	0.13982082 	68.794547 	0.093989004 	0 	0 	0 	0
0.22764511 	0.1398208 	68.794505 	0.093989181 	0 	0 	0 	0
0.22840902 	0.13982079 	68.794464 	0.093989359 	0 	0 	0 	0
0.22917293 	0.13982077 	68.794423 	0.093989536 	0 	0 	0 	0
0.22993684 	0.13982075 	68.794382 	0.093989713 	0 	0 	0 	0
0.23070075 	0.13982004 	68.79434 	0.093990173 	0 	0 	0 	0
0.23146466 	0.13982063 	68.794299 	0.093990099 	0 	0 	0 	0
0.23222857 	0.13982069 	68.794257 	0.09399021 	0 	0 	0 	0
0.23299248 	0.13982067 	68.794215 	0.093990354 	0 	0 	0 	0
0.23375639 	0.13982065 	68.794173 	0.093990499 	0 	0 	0 	0
0.2345203 	0.13982063 	68.79413 	0.093990644 	0 	0 	0 	0
0.23528421 	0.13982061 	68.794088 	0.093990789 	0 	0 	0 	0
0.23604812 	0.13982059 	68.794046 	0.093990933 	0 	0 	0 	0
0.23681203 	0.13982057 	68.794004 	0.093991078 	0 	0 	0 	0
0.23757594 	0.13982055 	68.793962 	0.093991223 	0 	0 	0 	0
0.23833985 	0.13982052 	68.79392 	0.093991368 	0 	0 	0 	0
0.23910376 	0.1398205 	68.793878 	0.093991512 	0 	0 	0 	0
0.23986767 	0.13982048 	68.793836 	0.093991657 	0 	0 	0 	0
0.24063158 	0.13982046 	68.793794 	0.093991802 	0 	0 	0 	0
0.24139549 	0.13982044 	68.793751 	0.093991947 	0 	0 	0 	0
0.2421594 	0.13982042 	68.793709 	0.093992091 	0 	0 	0 	0
0.24292331 	0.1398204 	68.793667 	0.093992236 	0 	0 	0 	0
0.24368722 	0.13982036 	68.793625 	0.093992386 	0 	0 	0 	0
0.24445113 	0.13981948 	68.793582 	0.093992877 	0 	0 	0 	0
0.24521504 	0.13982034 	68.79354 	0.093992629 	0 	0 	0 	0
0.24597895 	0.13982032 	68.793497 	0.093992722 	0 	0 	0 	0
0.24674286 	0.13982029 	68.793454 	0.093992815 	0 	0 	0 	0
0.24750677 	0.13982027 	68.793411 	0.093992908 	0 	0 	0 	0
0.24827068 	0.13982025 	68.793368 	0.093993001 	0 	0 	0 	0
0.24903459 	0.13982023 	68.793325 	0.093993095 	0 	0 	0 	0
0.2497985 	0.1398202 	68.793282 	0.093993188 	0 	0 	0 	0
0.25056241 	0.13982018 	68.793239 	0.093993281 	0 	0 	0 	0
0.25132632 	0.13982016 	68.793196 	0.093993374 	0 	0 	0 	0
0.25209023 	0.13982013 	68.793153 	0.093993467 	0 	0 	0 	0
0.25285414 	0.13982011 	68.79311 	0.09399356 	0 	0 	0 	0
0.25361805 	0.13982009 	68.793067 	0.093993653 	0 	0 	0 	0
0.25438195 	0.13982007 	68.793024 	0.093993746 	0 	0 	0 	0
0.25514586 	0.13982004 	68.792981 	0.093993839 	0 	0 	0 	0
0.25590977 	0.13982002 	68.792938 	0.093993932 	0 	0 	0 	0
0.25667368 	0.13982 	68.792895 	0.093994025 	0 	0 	0 	0
0.25743759 	0.13981997 	68.792852 	0.093994118 	0 	0 	0 	0
0.2582015 	0.13981843 	68.792808 	0.093994804 	0 	0 	0 	0
0.25896541 	0.13981993 	68.792765 	0.093994255 	0 	0 	0 	0
0.25972932 	0.13981991 	68.792722 	0.093994319 	0 	0 	0 	0
0.26049323 	0.13981989 	68.792678 	0.093994383 	0 	0 	0 	0
0.26125714 	0.13981986 	68.792634 	0.093994446 	0 	0 	0 	0
0.26202105 	0.13981984 	68.792591 	0.09399451 	0 	0 	0 	0
0.26278496 	0.13981981 	68.792547 	0.093994573 	0 	0 	0 	0
0.26354887 	0.13981979 	68.792503 	0.093994637 	0 	0 	0 	0
0.26431278 	0.13981976 	68.79246 	0.0939947 	0 	0 	0 	0
0.26507669 	0.13981974 	68.792416 	0.093994764 	0 	0 	0 	0
0.2658406 	0.13981972 	68.792372 	0.093994828 	0 	0 	0 	0
0.26660451 	0.13981969 	68.792329 	0.093994891 	0 	0 	0 	0
0.26736842 	0.13981967 	68.792285 	0.093994955 	0 	0 	0 	0
0.26813233 	0.13981964 	68.792241 	0.093995018 	0 	0 	0 	0
0.26889624 	0.13981962 	68.792198 	0.093995082 	0 	0 	0 	0
0.26966015 	0.13981959 	68.792154 	0.093995145 	0 	0 	0 	0
0.27042406 	0.13981957 	68.79211 	0.093995209 	0 	0 	0 	0
0.27118797 	0.13981955 	68.792067 	0.093995272 	0 	0 	0 	0
0.27195188 	0.13981952 	68.792023 	0.093995336 	0 	0 	0 	0
0.27271579 	0.13981809 	68.791978 	0.093995969 	0 	0 	0 	0
0.2734797 	0.13981948 	68.791935 	0.093995474 	0 	0 	0 	0
0.27424361 	0.13981945 	68.79189 	0.093995475 	0 	0 	0 	0
0.27500752 	0.13981942 	68.791845 	0.093995476 	0 	0 	0 	0
0.27577143 	0.1398194 	68.7918 	0.093995476 	0 	0 	0 	0
0.27653534 	0.13981937 	68.791755 	0.093995477 	0 	0 	0 	0
0.27729925 	0.13981934 	68.79171 	0.093995478 	0 	0 	0 	0
0.27806316 	0.13981931 	68.791665 	0.093995478 	0 	0 	0 	0
0.27882707 	0.13981928 	68.79162 	0.093995479 	0 	0 	0 	0
0.27959098 	0.13981925 	68.791575 	0.09399548 	0 	0 	0 	0
0.28035489 	0.13981923 	68.79153 	0.09399548 	0 	0 	0 	0
0.2811188 	0.1398192 	68.791486 	0.093995481 	0 	0 	0 	0
0.28188271 	0.13981917 	68.791441 	0.093995482 	0 	0 	0 	0
0.28264662 	0.13981914 	68.791396 	0.093995482 	0 	0 	0 	0
0.28341053 	0.13981911 	68.791351 	0.093995483 	0 	0 	0 	0
0.28417444 	0.13981909 	68.791306 	0.093995484 	0 	0 	0 	0
0.28493835 	0.13981906 	68.791261 	0.093995484 	0 	0 	0 	0
0.28570226 	0.13981903 	68.791216 	0.093995485 	0 	0 	0 	0
0.28646617 	0.139819 	68.791171 	0.093995486 	0 	0 	0 	0
0.28723008 	0.13981897 	68.791126 	0.093995486 	0 	0 	0 	0
0.28799398 	0.13981833 	68.791081 	0.093995715 	0 	0 	0 	0
0.28875789 	0.13981821 	68.791035 	0.093995694 	0 	0 	0 	0
0.2895218 	0.13981894 	68.791005 	0.093995376 	0 	0 	0 	0
0.29028571 	0.13981898 	68.790983 	0.093995354 	0 	0 	0 	0
0.29104962 	0.13981901 	68.79096 	0.093995331 	0 	0 	0 	0
0.29181353 	0.13981905 	68.790938 	0.093995309 	0 	0 	0 	0
0.29257744 	0.13981909 	68.790916 	0.093995287 	0 	0 	0 	0
0.29334135 	0.13981913 	68.790894 	0.093995265 	0 	0 	0 	0
0.29410526 	0.13981917 	68.790871 	0.093995243 	0 	0 	0 	0
0.29486917 	0.13981921 	68.790849 	0.09399522 	0 	0 	0 	0
0.29563308 	0.13981924 	68.790827 	0.093995198 	0 	0 	0 	0
0.29639699 	0.13981928 	68.790804 	0.093995176 	0 	0 	0 	0
0.2971609 	0.13981932 	68.790782 	0.093995154 	0 	0 	0 	0
0.29792481 	0.13981936 	68.79076 	0.093995132 	0 	0 	0 	0
0.29868872 	0.1398194 	68.790737 	0.09399511 	0 	0 	0 	0
0.29945263 	0.13981944 	68.790715 	0.093995087 	0 	0 	0 	0
0.30021654 	0.13981947 	68.790693 	0.093995065 	0 	0 	0 	0
0.30098045 	0.13981951 	68.790671 	0.093995043 	0 	0 	0 	0
0.30174436 	0.13981955 	68.790648 	0.093995021 	0 	0 	0 	0
0.30250827 	0.13981959 	68.790626 	0.093994999 	0 	0 	0 	0
0.30327218 	0.13981963 	68.790604 	0.093994976 	0 	0 	0 	0
0.30403609 	0.13981967 	68.790581 	0.093994954 	0 	0 	0 	0
0.3048 	0.13981795 	68.790577 	0.093995682 	0 	0 	0 	0
