/*--------------------------------*- C++ -*----------------------------------*\
| =========                 |                                                 |
| \\      /  F ield         | OpenFOAM: The Open Source CFD Toolbox           |
|  \\    /   O peration     | Version:  2512                                  |
|   \\  /    A nd           | Website:  www.openfoam.com                      |
|    \\/     M anipulation  |                                                 |
\*---------------------------------------------------------------------------*/
FoamFile
{
    version     2.0;
    format      ascii;
    arch        "LSB;label=32;scalar=64";
    class       surfaceScalarField;
    location    "0.00496967";
    object      phi;
}
// * * * * * * * * * * * * * * * * * * * * * * * * * * * * * * * * * * * * * //

dimensions      [1 0 -1 0 0 0 0];

oriented        oriented;

internalField   nonuniform List<scalar> 
3514
(
1.07551e-06
8.73877e-11
1.07534e-06
1.66607e-10
1.07507e-06
2.72903e-10
1.07467e-06
4.03576e-10
1.07408e-06
5.82173e-10
1.07322e-06
8.60859e-10
1.07189e-06
1.33064e-09
1.06893e-06
2.96677e-09
1.06436e-06
4.5656e-09
4.00054e-07
6.64307e-07
1.2027e-06
1.85102e-10
1.20251e-06
3.5292e-10
1.20221e-06
5.78073e-10
1.20175e-06
8.54863e-10
1.2011e-06
1.23316e-09
1.20014e-06
1.82345e-09
1.19865e-06
2.81858e-09
1.19534e-06
6.27531e-09
1.19031e-06
9.59649e-09
6.71413e-07
9.18954e-07
1.34493e-06
2.93924e-10
1.34472e-06
5.61615e-10
1.34438e-06
9.19158e-10
1.34387e-06
1.35917e-09
1.34315e-06
1.96061e-09
1.34207e-06
2.89826e-09
1.34041e-06
4.4815e-09
1.33678e-06
9.89928e-09
1.331e-06
1.53807e-08
8.51692e-07
1.15072e-06
1.50398e-06
4.15057e-10
1.50374e-06
7.95424e-10
1.50336e-06
1.30036e-09
1.5028e-06
1.92269e-09
1.50198e-06
2.7734e-09
1.50078e-06
4.09811e-09
1.49893e-06
6.33971e-09
1.49497e-06
1.38539e-08
1.48832e-06
2.20324e-08
9.67693e-07
1.37232e-06
1.68183e-06
5.49842e-10
1.68157e-06
1.0574e-09
1.68115e-06
1.72636e-09
1.68052e-06
2.55229e-09
1.67961e-06
3.68145e-09
1.67827e-06
5.43723e-09
1.67619e-06
8.41578e-09
1.67189e-06
1.81566e-08
1.66425e-06
2.96762e-08
1.03864e-06
1.5933e-06
1.88072e-06
6.99762e-10
1.88043e-06
1.35096e-09
1.87995e-06
2.2024e-09
1.87925e-06
3.25567e-09
1.87824e-06
4.69581e-09
1.87674e-06
6.93148e-09
1.87442e-06
1.07346e-08
1.86975e-06
2.28286e-08
1.86099e-06
3.844e-08
1.07853e-06
1.8211e-06
2.10314e-06
8.66481e-10
2.10281e-06
1.67992e-09
2.10228e-06
2.73432e-09
2.10149e-06
4.0414e-09
2.10036e-06
5.82881e-09
2.09869e-06
8.59849e-09
2.0961e-06
1.33238e-08
2.09103e-06
2.78961e-08
2.08102e-06
4.84489e-08
1.0975e-06
2.06205e-06
2.35185e-06
1.05186e-09
2.35148e-06
2.04852e-09
2.35089e-06
3.32867e-09
2.35001e-06
4.91905e-09
2.34874e-06
7.09417e-09
2.34688e-06
1.04579e-08
2.34399e-06
1.62134e-08
2.3385e-06
3.33912e-08
2.32713e-06
5.98182e-08
1.1028e-06
2.32183e-06
2.62998e-06
1.25801e-09
2.62956e-06
2.46149e-09
2.6289e-06
3.99271e-09
2.62792e-06
5.8993e-09
2.62651e-06
8.50721e-09
2.62443e-06
1.25317e-08
2.62121e-06
1.94367e-08
2.61525e-06
3.93537e-08
2.60242e-06
7.2647e-08
1.09935e-06
2.60586e-06
2.94099e-06
1.48728e-09
2.94053e-06
2.92405e-09
2.93979e-06
4.73461e-09
2.93869e-06
6.99404e-09
2.93712e-06
1.00849e-08
2.9348e-06
1.48441e-08
2.93121e-06
2.30297e-08
2.92473e-06
4.58309e-08
2.91037e-06
8.70099e-08
1.09036e-06
2.91936e-06
3.28879e-06
1.74236e-09
3.28827e-06
3.44202e-09
3.28744e-06
5.56343e-09
3.28622e-06
8.21652e-09
3.28446e-06
1.18463e-08
3.28188e-06
1.74222e-08
3.27788e-06
2.70319e-08
3.27083e-06
5.28781e-08
3.25489e-06
1.02951e-07
1.07775e-06
3.2675e-06
3.67772e-06
2.02625e-09
3.67714e-06
4.0218e-09
3.67621e-06
6.48928e-09
3.67485e-06
9.58147e-09
3.67288e-06
1.38123e-08
3.67001e-06
2.0296e-08
3.66555e-06
3.14858e-08
3.65787e-06
6.0558e-08
3.64035e-06
1.20475e-07
1.0626e-06
3.6555e-06
4.11264e-06
2.34235e-09
4.11199e-06
4.6705e-09
4.11095e-06
7.5234e-09
4.10943e-06
1.11052e-08
4.10724e-06
1.60061e-08
4.10403e-06
2.34983e-08
4.09908e-06
3.64374e-08
4.0907e-06
6.89388e-08
4.07163e-06
1.39545e-07
1.04548e-06
4.08875e-06
4.59899e-06
2.69445e-09
4.59827e-06
5.39597e-09
4.59711e-06
8.67826e-09
4.59541e-06
1.28059e-08
4.59296e-06
1.84534e-08
4.58939e-06
2.70651e-08
4.5839e-06
4.19355e-08
4.57474e-06
7.8092e-08
4.55421e-06
1.60075e-07
1.0267e-06
4.573e-06
5.14286e-06
3.08682e-09
5.14205e-06
6.20685e-09
5.14076e-06
9.96764e-09
5.13886e-06
1.47035e-08
5.13613e-06
2.11823e-08
5.13216e-06
3.10357e-08
5.12606e-06
4.80319e-08
5.11607e-06
8.80896e-08
5.09422e-06
1.81926e-07
1.00643e-06
5.11448e-06
5.75104e-06
3.52416e-09
5.75014e-06
7.11266e-09
5.7487e-06
1.14067e-08
5.74658e-06
1.68199e-08
5.74354e-06
2.42234e-08
5.73913e-06
3.54523e-08
5.73238e-06
5.47801e-08
5.72147e-06
9.89992e-08
5.69849e-06
2.04907e-07
9.84838e-07
5.72008e-06
6.43115e-06
4.01173e-09
6.43014e-06
8.12386e-09
6.42854e-06
1.30122e-08
6.42618e-06
1.9179e-08
6.42279e-06
2.761e-08
6.41788e-06
4.03597e-08
6.41043e-06
6.22347e-08
6.39855e-06
1.10879e-07
6.37468e-06
2.28774e-07
9.62074e-07
6.39744e-06
7.19169e-06
4.55527e-09
7.19056e-06
9.2519e-09
7.18877e-06
1.48023e-08
7.18614e-06
2.18069e-08
7.18238e-06
3.13777e-08
7.17693e-06
4.58053e-08
7.16871e-06
7.04492e-08
7.15582e-06
1.23773e-07
7.13136e-06
2.53236e-07
9.38321e-07
7.15511e-06
8.04217e-06
5.16111e-09
8.04091e-06
1.05092e-08
8.03891e-06
1.67967e-08
8.03599e-06
2.47315e-08
8.0318e-06
3.55645e-08
8.02577e-06
5.18375e-08
8.01674e-06
7.94744e-08
8.00281e-06
1.37701e-07
7.97809e-06
2.77955e-07
9.13784e-07
8.00263e-06
8.99322e-06
5.83611e-09
8.99182e-06
1.19092e-08
8.9896e-06
1.90165e-08
8.98635e-06
2.79826e-08
8.9817e-06
4.02099e-08
8.97503e-06
5.8505e-08
8.96515e-06
8.93549e-08
8.9502e-06
1.52656e-07
8.92559e-06
3.02562e-07
8.88685e-07
8.95069e-06
1.00567e-05
6.58764e-09
1.00552e-05
1.34664e-08
1.00527e-05
2.14842e-08
1.00491e-05
3.15912e-08
1.0044e-05
4.53543e-08
1.00366e-05
6.58547e-08
1.00258e-05
1.00125e-07
1.00099e-05
1.68594e-07
9.9858e-06
3.26667e-07
8.63254e-07
1.00112e-05
1.1246e-05
7.42358e-09
1.12443e-05
1.51959e-08
1.12416e-05
2.4223e-08
1.12376e-05
3.55893e-08
1.12319e-05
5.10377e-08
1.12238e-05
7.39294e-08
1.12121e-05
1.11805e-07
1.11953e-05
1.85429e-07
1.11721e-05
3.49871e-07
8.37721e-07
1.11976e-05
1.2576e-05
8.35217e-09
1.25741e-05
1.71136e-08
1.2571e-05
2.72567e-08
1.25666e-05
4.00085e-08
1.25603e-05
5.72981e-08
1.25515e-05
8.27643e-08
1.25389e-05
1.24395e-07
1.25213e-05
2.03028e-07
1.24994e-05
3.71792e-07
8.12306e-07
1.25248e-05
1.40632e-05
9.38186e-09
1.40611e-05
1.92354e-08
1.40577e-05
3.06085e-08
1.40528e-05
4.48789e-08
1.4046e-05
6.41688e-08
1.40364e-05
9.23829e-08
1.40229e-05
1.37866e-07
1.40047e-05
2.21208e-07
1.39844e-05
3.92077e-07
7.87208e-07
1.40095e-05
1.57263e-05
1.05211e-08
1.57239e-05
2.15769e-08
1.57202e-05
3.43003e-08
1.57149e-05
5.02267e-08
1.57074e-05
7.1675e-08
1.5697e-05
1.02792e-07
1.56827e-05
1.52159e-07
1.56642e-05
2.39741e-07
1.56458e-05
4.10428e-07
7.62606e-07
1.56704e-05
1.75861e-05
1.17781e-08
1.75835e-05
2.41526e-08
1.75794e-05
3.83505e-08
1.75736e-05
5.60719e-08
1.75654e-05
7.98303e-08
1.75542e-05
1.13976e-07
1.75392e-05
1.67175e-07
1.75206e-05
2.58358e-07
1.75044e-05
4.26616e-07
7.38651e-07
1.75284e-05
1.96658e-05
1.31603e-08
1.96629e-05
2.69743e-08
1.96585e-05
4.27719e-08
1.96522e-05
6.2424e-08
1.96434e-05
8.86304e-08
1.96315e-05
1.25889e-07
1.96158e-05
1.82775e-07
1.95974e-05
2.76764e-07
1.95836e-05
4.40499e-07
7.1548e-07
1.96067e-05
2.19914e-05
1.46738e-08
2.19883e-05
3.005e-08
2.19835e-05
4.75684e-08
2.19767e-05
6.92779e-08
2.19673e-05
9.80475e-08
2.19547e-05
1.38452e-07
2.19387e-05
1.98773e-07
2.19208e-05
2.94648e-07
2.19093e-05
4.52031e-07
6.93218e-07
2.19316e-05
2.45921e-05
1.63232e-08
2.45888e-05
3.33816e-08
2.45836e-05
5.27311e-08
2.45763e-05
7.66071e-08
2.45663e-05
1.08023e-07
2.45532e-05
1.5154e-07
2.45371e-05
2.14945e-07
2.452e-05
3.11714e-07
2.45107e-05
4.61267e-07
6.72e-07
2.4532e-05
2.75004e-05
1.81111e-08
2.74968e-05
3.6962e-08
2.74913e-05
5.82322e-08
2.74835e-05
8.43569e-08
2.74731e-05
1.18458e-07
2.74597e-05
1.64987e-07
2.74436e-05
2.31032e-07
2.74276e-05
3.27701e-07
2.74205e-05
4.6838e-07
6.52005e-07
2.74405e-05
3.07526e-05
2.00385e-08
3.07488e-05
4.07726e-08
3.0743e-05
6.40184e-08
3.07349e-05
9.2435e-08
3.07241e-05
1.29205e-07
3.07106e-05
1.78561e-07
3.06949e-05
2.46729e-07
3.06802e-05
3.4236e-07
3.0675e-05
4.73571e-07
6.33361e-07
3.06937e-05
3.43894e-05
2.21083e-08
3.43854e-05
4.47782e-08
3.43794e-05
7.00028e-08
3.43711e-05
1.00719e-07
3.43602e-05
1.40115e-07
3.43466e-05
1.92098e-07
3.43314e-05
2.61915e-07
3.4318e-05
3.55809e-07
3.4314e-05
4.77542e-07
6.16795e-07
3.43306e-05
3.84562e-05
2.43339e-08
3.84521e-05
4.89117e-08
3.84461e-05
7.59621e-08
3.84381e-05
1.08783e-07
3.84277e-05
1.50504e-07
3.84151e-05
2.0465e-07
3.84016e-05
2.75442e-07
3.83905e-05
3.66903e-07
3.83887e-05
4.79356e-07
6.00861e-07
3.84046e-05
4.30039e-05
2.68126e-08
4.29994e-05
5.34724e-08
4.29928e-05
8.25927e-08
4.29837e-05
1.1781e-07
4.29721e-05
1.62092e-07
4.29582e-05
2.18566e-07
4.29432e-05
2.90487e-07
4.29301e-05
3.79979e-07
4.29246e-05
4.84861e-07
5.92743e-07
4.29327e-05
4.80908e-05
2.8188e-08
4.80889e-05
5.53779e-08
4.80863e-05
8.5241e-08
4.80825e-05
1.2155e-07
4.80778e-05
1.66872e-07
4.80724e-05
2.2397e-07
4.80676e-05
2.95256e-07
4.80662e-05
3.81387e-07
4.80725e-05
4.78532e-07
5.7453e-07
4.80907e-05
5.37685e-05
5.3759e-05
5.37458e-05
5.37292e-05
5.37087e-05
5.36838e-05
5.36552e-05
5.36253e-05
5.35992e-05
5.35835e-05
1.9318e-07
4.71126e-07
1.02846e-07
9.03339e-08
7.77872e-08
2.50584e-08
6.53497e-08
1.24375e-08
5.77577e-08
7.59024e-09
5.26093e-08
5.14773e-09
4.8948e-08
3.65854e-09
4.63187e-08
2.62587e-09
4.44491e-08
1.86596e-09
4.31458e-08
1.29688e-09
4.22602e-08
8.81354e-10
4.16759e-08
5.77532e-10
4.13033e-08
3.67683e-10
4.10749e-08
2.23255e-10
4.09418e-08
1.28907e-10
4.08693e-08
6.94688e-11
4.08341e-08
3.2467e-11
4.08209e-08
1.16185e-11
4.08198e-08
-5.3995e-13
4.08251e-08
-5.87423e-12
4.08328e-08
-8.21949e-12
4.08406e-08
-7.73647e-12
4.08477e-08
-7.0581e-12
4.08539e-08
-5.75863e-12
4.08589e-08
-4.5386e-12
4.08629e-08
-3.38179e-12
4.0866e-08
-2.4626e-12
4.08685e-08
-1.75351e-12
4.08704e-08
-1.13405e-12
4.08718e-08
-7.30863e-13
4.08729e-08
-3.26939e-13
4.08738e-08
-1.22473e-13
4.08745e-08
1.0485e-13
4.0875e-08
2.64677e-13
4.08754e-08
3.97952e-13
4.08757e-08
4.6829e-13
4.08759e-08
5.92093e-13
4.0876e-08
6.36776e-13
4.08757e-08
1.13825e-12
1.94741e-12
5.2615e-07
8.63929e-07
3.48992e-07
2.67492e-07
2.70123e-07
1.03926e-07
2.27619e-07
5.49418e-08
2.01232e-07
3.39758e-08
1.83289e-07
2.30899e-08
1.70528e-07
1.64167e-08
1.61355e-07
1.17948e-08
1.54821e-07
8.3966e-09
1.50253e-07
5.85744e-09
1.47137e-07
3.9924e-09
1.4507e-07
2.63729e-09
1.43741e-07
1.69128e-09
1.42916e-07
1.04236e-09
1.42426e-07
6.1412e-10
1.42151e-07
3.41059e-10
1.42009e-07
1.70691e-10
1.41948e-07
7.10747e-11
1.41932e-07
1.33381e-11
1.41941e-07
-1.54934e-11
1.4196e-07
-2.83339e-11
1.41982e-07
-2.95582e-11
1.42003e-07
-2.78058e-11
1.42021e-07
-2.36698e-11
1.42036e-07
-1.91324e-11
1.42048e-07
-1.4823e-11
1.42058e-07
-1.12799e-11
1.42065e-07
-8.46295e-12
1.42071e-07
-6.06179e-12
1.42076e-07
-4.36201e-12
1.42079e-07
-2.8475e-12
1.42082e-07
-1.92143e-12
1.42084e-07
-1.0167e-12
1.42085e-07
-3.92164e-13
1.42086e-07
1.35039e-13
1.42087e-07
4.57922e-13
1.42088e-07
8.65954e-13
1.42088e-07
1.15777e-12
1.42087e-07
3.10168e-12
5.37369e-12
8.45832e-07
1.16882e-06
6.41162e-07
4.72161e-07
5.18508e-07
2.2658e-07
4.42713e-07
1.30737e-07
3.93105e-07
8.35823e-08
3.58683e-07
5.75111e-08
3.33966e-07
4.11303e-08
3.16075e-07
2.96818e-08
3.03244e-07
2.12237e-08
2.9421e-07
1.48834e-08
2.87999e-07
1.01985e-08
2.83838e-07
6.79005e-09
2.81131e-07
4.39242e-09
2.79424e-07
2.74257e-09
2.78388e-07
1.64442e-09
2.77788e-07
9.3682e-10
2.77463e-07
4.91697e-10
2.77306e-07
2.25471e-10
2.77247e-07
6.98703e-11
2.77244e-07
-1.30789e-11
2.77267e-07
-5.25891e-11
2.77299e-07
-6.2322e-11
2.77333e-07
-6.13719e-11
2.77363e-07
-5.39575e-11
2.77389e-07
-4.44932e-11
2.7741e-07
-3.51466e-11
2.77427e-07
-2.72123e-11
2.7744e-07
-2.07476e-11
2.7745e-07
-1.52975e-11
2.77458e-07
-1.12471e-11
2.77464e-07
-7.81252e-12
2.77468e-07
-5.52765e-12
2.77472e-07
-3.48114e-12
2.77474e-07
-1.96249e-12
2.77476e-07
-7.86626e-13
2.77478e-07
2.14924e-14
2.77479e-07
9.09379e-13
2.77479e-07
1.73192e-12
2.77477e-07
5.79817e-12
9.93294e-12
1.15093e-06
1.3902e-06
9.58241e-07
6.64854e-07
8.14876e-07
3.69944e-07
7.12298e-07
2.33315e-07
6.39265e-07
1.56613e-07
5.86298e-07
1.10477e-07
5.47318e-07
8.01076e-08
5.18627e-07
5.83686e-08
4.97763e-07
4.20834e-08
4.82882e-07
2.97569e-08
4.72513e-07
2.05624e-08
4.65466e-07
1.38285e-08
4.60804e-07
9.04717e-09
4.57806e-07
5.73262e-09
4.55941e-07
3.50339e-09
4.54824e-07
2.04905e-09
4.54188e-07
1.12296e-09
4.53853e-07
5.57345e-10
4.53698e-07
2.21478e-10
4.53649e-07
3.39829e-11
4.53658e-07
-6.23338e-11
4.53692e-07
-9.65524e-11
4.53733e-07
-1.03356e-10
4.53775e-07
-9.49399e-11
4.53811e-07
-8.03158e-11
4.53841e-07
-6.46956e-11
4.53866e-07
-5.08105e-11
4.53885e-07
-3.91569e-11
4.539e-07
-2.92537e-11
4.53912e-07
-2.16941e-11
4.53921e-07
-1.54025e-11
4.53927e-07
-1.10248e-11
4.53932e-07
-7.22318e-12
4.53936e-07
-4.4047e-12
4.53939e-07
-2.21236e-12
4.53941e-07
-6.49449e-13
4.53942e-07
9.11706e-13
4.53942e-07
2.54075e-12
4.5394e-07
9.33822e-12
1.57655e-11
1.44318e-06
1.54032e-06
1.28328e-06
8.24756e-07
1.14309e-06
5.10127e-07
1.02851e-06
3.47904e-07
9.38653e-07
2.46465e-07
8.69178e-07
1.79951e-07
8.15863e-07
1.3342e-07
7.75446e-07
9.8783e-08
7.45357e-07
7.21684e-08
7.23449e-07
5.16583e-08
7.07878e-07
3.61265e-08
6.97085e-07
2.46142e-08
6.8979e-07
1.63342e-08
6.84988e-07
1.05277e-08
6.81914e-07
6.57008e-09
6.80008e-07
3.949e-09
6.78872e-07
2.25374e-09
6.7823e-07
1.19544e-09
6.77895e-07
5.5348e-10
6.77745e-07
1.82285e-10
6.77702e-07
-2.10796e-11
6.77717e-07
-1.11609e-10
6.77756e-07
-1.42703e-10
6.77803e-07
-1.41038e-10
6.77848e-07
-1.24103e-10
6.77887e-07
-1.02562e-10
6.7792e-07
-8.18863e-11
6.77946e-07
-6.37387e-11
6.77967e-07
-4.80478e-11
6.77983e-07
-3.5692e-11
6.77995e-07
-2.54711e-11
6.78005e-07
-1.80974e-11
6.78011e-07
-1.18863e-11
6.78016e-07
-7.16291e-12
6.7802e-07
-3.57672e-12
6.78022e-07
-9.33495e-13
6.78024e-07
1.57323e-12
6.78024e-07
4.39095e-12
6.78022e-07
1.41317e-11
2.33421e-11
1.72749e-06
1.63393e-06
1.607e-06
9.45244e-07
1.48672e-06
6.30409e-07
1.37653e-06
4.58096e-07
1.28166e-06
3.41331e-07
1.2028e-06
2.58806e-07
1.13891e-06
1.97316e-07
1.0884e-06
1.49284e-07
1.04952e-06
1.11053e-07
1.02037e-06
8.08047e-08
9.99085e-07
5.74021e-08
9.83946e-07
3.97464e-08
9.73444e-07
2.683e-08
9.66336e-07
1.76286e-08
9.61647e-07
1.12524e-08
9.58638e-07
6.95336e-09
9.56766e-07
4.12073e-09
9.55647e-07
2.31115e-09
9.55012e-07
1.18611e-09
9.54679e-07
5.1391e-10
9.54529e-07
1.28062e-10
9.54488e-07
-6.94656e-11
9.54504e-07
-1.57453e-10
9.54546e-07
-1.79887e-10
9.54593e-07
-1.69122e-10
9.54639e-07
-1.45204e-10
9.5468e-07
-1.18596e-10
9.54714e-07
-9.34658e-11
9.54741e-07
-7.08745e-11
9.54762e-07
-5.2496e-11
9.54778e-07
-3.71746e-11
9.5479e-07
-2.57799e-11
9.54799e-07
-1.62755e-11
9.54805e-07
-9.02991e-12
9.5481e-07
-3.4837e-12
9.54813e-07
6.2216e-13
9.54815e-07
4.38368e-12
9.54815e-07
8.7586e-12
9.54812e-07
2.16793e-11
3.41901e-11
2.01064e-06
1.68534e-06
1.92734e-06
1.02854e-06
1.83464e-06
7.23112e-07
1.741e-06
5.51739e-07
1.65335e-06
4.28976e-07
1.57517e-06
3.36987e-07
1.508e-06
2.6449e-07
1.45226e-06
2.05024e-07
1.40753e-06
1.55783e-07
1.37275e-06
1.15576e-07
1.34651e-06
8.36399e-08
1.32725e-06
5.90053e-08
1.31347e-06
4.06058e-08
1.30385e-06
2.72432e-08
1.2973e-06
1.78015e-08
1.29295e-06
1.13055e-08
1.29013e-06
6.93512e-09
1.28837e-06
4.07527e-09
1.2873e-06
2.25076e-09
1.28669e-06
1.12463e-09
1.28637e-06
4.54611e-10
1.28622e-06
8.15436e-11
1.28618e-06
-1.1235e-10
1.2862e-06
-1.89811e-10
1.28624e-06
-2.02289e-10
1.28629e-06
-1.8476e-10
1.28633e-06
-1.56062e-10
1.28637e-06
-1.2503e-10
1.28641e-06
-9.52681e-11
1.28644e-06
-6.98741e-11
1.28646e-06
-4.82827e-11
1.28647e-06
-3.16967e-11
1.28648e-06
-1.79523e-11
1.28649e-06
-7.28581e-12
1.2865e-06
8.46683e-13
1.2865e-06
6.95246e-12
1.2865e-06
1.24608e-11
1.2865e-06
1.88671e-11
1.2865e-06
3.47943e-11
5.11712e-11
2.30031e-06
1.70686e-06
2.24753e-06
1.08132e-06
2.18278e-06
7.87861e-07
2.1114e-06
6.23124e-07
2.03949e-06
5.00885e-07
1.97111e-06
4.05363e-07
1.90897e-06
3.26632e-07
1.8548e-06
2.59195e-07
1.80939e-06
2.01199e-07
1.77266e-06
1.52307e-07
1.74391e-06
1.12395e-07
1.72206e-06
8.08596e-08
1.7059e-06
5.67744e-08
1.69423e-06
3.89099e-08
1.68602e-06
2.60204e-08
1.68037e-06
1.69603e-08
1.67658e-06
1.07303e-08
1.6741e-06
6.55454e-09
1.67254e-06
3.82131e-09
1.67159e-06
2.08256e-09
1.67104e-06
1.01204e-09
1.67075e-06
3.85948e-10
1.67062e-06
3.18785e-11
1.67059e-06
-1.42615e-10
1.67061e-06
-2.04605e-10
1.67065e-06
-2.08445e-10
1.6707e-06
-1.85535e-10
1.67074e-06
-1.52144e-10
1.67078e-06
-1.16182e-10
1.67081e-06
-8.34583e-11
1.67084e-06
-5.46704e-11
1.67086e-06
-3.17524e-11
1.67087e-06
-1.26216e-11
1.67088e-06
2.35913e-12
1.67089e-06
1.3989e-11
1.67089e-06
2.29945e-11
1.6709e-06
3.08875e-11
1.6709e-06
3.9587e-11
1.67089e-06
5.83427e-11
7.91033e-11
2.6045e-06
1.70822e-06
2.57419e-06
1.11163e-06
2.53328e-06
8.28767e-07
2.48418e-06
6.72231e-07
2.43133e-06
5.53733e-07
2.37816e-06
4.58533e-07
2.32733e-06
3.77465e-07
2.28095e-06
3.05581e-07
2.24042e-06
2.41739e-07
2.20636e-06
1.86379e-07
2.17871e-06
1.40048e-07
2.15697e-06
1.02616e-07
2.14034e-06
7.3419e-08
2.12794e-06
5.13225e-08
2.11892e-06
3.50565e-08
2.11251e-06
2.33867e-08
2.10806e-06
1.5193e-08
2.10506e-06
9.5768e-09
2.10308e-06
5.81301e-09
2.10183e-06
3.35371e-09
2.10107e-06
1.79396e-09
2.10064e-06
8.46126e-10
2.10041e-06
2.8619e-10
2.10032e-06
-1.91312e-11
2.1003e-06
-1.59295e-10
2.10033e-06
-2.02682e-10
2.10037e-06
-1.96206e-10
2.10042e-06
-1.66034e-10
2.10046e-06
-1.26346e-10
2.1005e-06
-8.67882e-11
2.10053e-06
-5.02955e-11
2.10056e-06
-2.00626e-11
2.10057e-06
5.44302e-12
2.10059e-06
2.61016e-11
2.10059e-06
4.26131e-11
2.1006e-06
5.54313e-11
2.1006e-06
6.6153e-11
2.10059e-06
7.73614e-11
2.10059e-06
9.82766e-11
1.2382e-10
2.93113e-06
1.69645e-06
2.91579e-06
1.12697e-06
2.89274e-06
8.51821e-07
2.8623e-06
7.0267e-07
2.82741e-06
5.8862e-07
2.79051e-06
4.9543e-07
2.75363e-06
4.14358e-07
2.71857e-06
3.40646e-07
2.68677e-06
2.73544e-07
2.65912e-06
2.14043e-07
2.63596e-06
1.63234e-07
2.61717e-06
1.21426e-07
2.60237e-06
8.82445e-08
2.59101e-06
6.27059e-08
2.58251e-06
4.35864e-08
2.57629e-06
2.9631e-08
2.57186e-06
1.96577e-08
2.56878e-06
1.26925e-08
2.56669e-06
7.93194e-09
2.56533e-06
4.75299e-09
2.56448e-06
2.68852e-09
2.56397e-06
1.39749e-09
2.56369e-06
6.1164e-10
2.56355e-06
1.62191e-10
2.56351e-06
-6.79084e-11
2.56352e-06
-1.63095e-10
2.56356e-06
-1.81402e-10
2.5636e-06
-1.59533e-10
2.56365e-06
-1.18652e-10
2.56369e-06
-7.31679e-11
2.56373e-06
-2.88676e-11
2.56375e-06
9.35652e-12
2.56377e-06
4.27025e-11
2.56378e-06
7.06143e-11
2.56379e-06
9.29568e-11
2.56379e-06
1.10028e-10
2.56379e-06
1.23828e-10
2.56378e-06
1.37477e-10
2.56378e-06
1.59768e-10
1.90169e-10
3.28775e-06
1.6762e-06
3.28146e-06
1.13326e-06
3.27031e-06
8.62973e-07
3.25346e-06
7.19513e-07
3.23281e-06
6.09275e-07
3.20997e-06
5.18268e-07
3.18621e-06
4.38118e-07
3.1628e-06
3.64064e-07
3.14087e-06
2.95493e-07
3.12122e-06
2.33708e-07
3.10431e-06
1.80169e-07
3.09024e-06
1.35516e-07
3.0789e-06
9.96172e-08
3.07001e-06
7.16399e-08
3.0632e-06
5.04312e-08
3.05812e-06
3.47524e-08
3.05442e-06
2.34e-08
3.0518e-06
1.53616e-08
3.05e-06
9.78826e-09
3.0488e-06
6.00756e-09
3.04803e-06
3.51112e-09
3.04757e-06
1.91945e-09
3.04731e-06
9.30921e-10
3.04718e-06
3.51601e-10
3.04714e-06
4.12674e-11
3.04715e-06
-1.01869e-10
3.04718e-06
-1.44621e-10
3.04723e-06
-1.31558e-10
3.04727e-06
-9.00662e-11
3.04731e-06
-3.88394e-11
3.04734e-06
1.35017e-11
3.04737e-06
6.08594e-11
3.04738e-06
1.03186e-10
3.04739e-06
1.38774e-10
3.04739e-06
1.66992e-10
3.04739e-06
1.88316e-10
3.04738e-06
2.05082e-10
3.04737e-06
2.20809e-10
3.04737e-06
2.43203e-10
2.77928e-10
3.68145e-06
1.65025e-06
3.68014e-06
1.13456e-06
3.67609e-06
8.67025e-07
3.66797e-06
7.2763e-07
3.65705e-06
6.20196e-07
3.64448e-06
5.30841e-07
3.63093e-06
4.51667e-07
3.61713e-06
3.77875e-07
3.60379e-06
3.08841e-07
3.59152e-06
2.45995e-07
3.58071e-06
1.91005e-07
3.57153e-06
1.44724e-07
3.56399e-06
1.0719e-07
3.55798e-06
7.76903e-08
3.55331e-06
5.51388e-08
3.54979e-06
3.83259e-08
3.54719e-06
2.6047e-08
3.54533e-06
1.72748e-08
3.54404e-06
1.11369e-08
3.54318e-06
6.93173e-09
3.54263e-06
4.12668e-09
3.5423e-06
2.31809e-09
3.54212e-06
1.18177e-09
3.54204e-06
5.07389e-10
3.54202e-06
1.40427e-10
3.54203e-06
-3.48648e-11
3.54206e-06
-9.37717e-11
3.5421e-06
-8.5486e-11
3.54213e-06
-4.16048e-11
3.54216e-06
1.60013e-11
3.54218e-06
7.70191e-11
3.54219e-06
1.33654e-10
3.5422e-06
1.84171e-10
3.5422e-06
2.26451e-10
3.54219e-06
2.59733e-10
3.54218e-06
2.84527e-10
3.54217e-06
3.03493e-10
3.54215e-06
3.20374e-10
3.54214e-06
3.41588e-10
3.79222e-10
4.11893e-06
1.62007e-06
4.12019e-06
1.1333e-06
4.11995e-06
8.67268e-07
4.11681e-06
7.30763e-07
4.11169e-06
6.25322e-07
4.10554e-06
5.36984e-07
4.09871e-06
4.58501e-07
4.0915e-06
3.8509e-07
4.08429e-06
3.16054e-07
4.07746e-06
2.52843e-07
4.07127e-06
1.9721e-07
4.0659e-06
1.50122e-07
4.0614e-06
1.1172e-07
4.05775e-06
8.13729e-08
4.05488e-06
5.80483e-08
4.05268e-06
4.05659e-08
4.05105e-06
2.77289e-08
4.04987e-06
1.85077e-08
4.04904e-06
1.20208e-08
4.04848e-06
7.54951e-09
4.04812e-06
4.54983e-09
4.0479e-06
2.60383e-09
4.04778e-06
1.37316e-09
4.04771e-06
6.38073e-10
4.04769e-06
2.35806e-10
4.04769e-06
4.16113e-11
4.0477e-06
-2.58966e-11
4.04771e-06
-1.92821e-11
4.04772e-06
2.74751e-11
4.04772e-06
9.08837e-11
4.04772e-06
1.58816e-10
4.04771e-06
2.21967e-10
4.0477e-06
2.77899e-10
4.04768e-06
3.24489e-10
4.04767e-06
3.60696e-10
4.04764e-06
3.87131e-10
4.04762e-06
4.06687e-10
4.0476e-06
4.23245e-10
4.04758e-06
4.41862e-10
4.80002e-10
4.60671e-06
1.58636e-06
4.60934e-06
1.13067e-06
4.61095e-06
8.65656e-07
4.6104e-06
7.31313e-07
4.60829e-06
6.27422e-07
4.60562e-06
5.39657e-07
4.60255e-06
4.61572e-07
4.59915e-06
3.88493e-07
4.59557e-06
3.19637e-07
4.592e-06
2.56416e-07
4.58863e-06
2.00594e-07
4.58558e-06
1.53186e-07
4.58294e-06
1.14386e-07
4.58072e-06
8.3615e-08
4.57892e-06
5.98782e-08
4.5775e-06
4.20223e-08
4.5764e-06
2.8862e-08
4.57557e-06
1.93729e-08
4.57496e-06
1.26725e-08
4.57452e-06
8.03354e-09
4.57421e-06
4.90807e-09
4.57399e-06
2.87084e-09
4.57384e-06
1.57454e-09
4.57374e-06
7.94782e-10
4.57367e-06
3.64357e-10
4.57361e-06
1.53145e-10
4.57357e-06
7.59898e-11
4.57353e-06
7.78458e-11
4.5735e-06
1.2323e-10
4.57346e-06
1.87146e-10
4.57342e-06
2.56262e-10
4.57339e-06
3.20629e-10
4.57335e-06
3.77302e-10
4.57331e-06
4.24105e-10
4.57328e-06
4.59834e-10
4.57324e-06
4.85038e-10
4.57321e-06
5.0277e-10
4.57318e-06
5.16965e-10
4.57315e-06
5.31819e-10
5.6744e-10
5.15143e-06
1.54941e-06
5.15498e-06
1.12711e-06
5.15744e-06
8.63198e-07
5.15817e-06
7.30584e-07
5.15748e-06
6.28113e-07
5.15642e-06
5.40715e-07
5.15514e-06
4.62848e-07
5.15359e-06
3.90044e-07
5.15179e-06
3.2144e-07
5.14982e-06
2.58382e-07
5.14782e-06
2.02607e-07
5.14587e-06
1.55139e-07
5.14408e-06
1.16196e-07
5.14248e-06
8.52273e-08
5.14111e-06
6.12706e-08
5.13995e-06
4.31962e-08
5.139e-06
2.98322e-08
5.13823e-06
2.01637e-08
5.13762e-06
1.33129e-08
5.13713e-06
8.54777e-09
5.13675e-06
5.32214e-09
5.13644e-06
3.2071e-09
5.13619e-06
1.84951e-09
5.136e-06
1.02332e-09
5.13584e-06
5.59065e-10
5.1357e-06
3.22776e-10
5.13559e-06
2.27161e-10
5.13548e-06
2.15448e-10
5.13539e-06
2.5065e-10
5.13531e-06
3.06742e-10
5.13524e-06
3.69518e-10
5.13517e-06
4.28471e-10
5.1351e-06
4.80116e-10
5.13504e-06
5.22367e-10
5.13498e-06
5.53591e-10
5.13493e-06
5.74239e-10
5.13489e-06
5.87385e-10
5.13484e-06
5.97029e-10
5.13481e-06
6.07002e-10
6.37111e-10
5.76014e-06
1.50935e-06
5.7646e-06
1.12265e-06
5.76744e-06
8.60357e-07
5.76885e-06
7.29175e-07
5.76878e-06
6.2818e-07
5.76838e-06
5.41117e-07
5.76783e-06
4.63397e-07
5.76703e-06
3.90846e-07
5.76593e-06
3.22536e-07
5.76458e-06
2.5973e-07
5.76307e-06
2.04121e-07
5.7615e-06
1.5672e-07
5.75995e-06
1.17752e-07
5.75849e-06
8.66916e-08
5.75717e-06
6.25997e-08
5.756e-06
4.43716e-08
5.75499e-06
3.08498e-08
5.75414e-06
2.10323e-08
5.75341e-06
1.4049e-08
5.75281e-06
9.16553e-09
5.7523e-06
5.84051e-09
5.75188e-06
3.64354e-09
5.75152e-06
2.21684e-09
5.75123e-06
1.33444e-09
5.75098e-06
8.25718e-10
5.75076e-06
5.53547e-10
5.75058e-06
4.2897e-10
5.75042e-06
3.93841e-10
5.75027e-06
4.09951e-10
5.75015e-06
4.50233e-10
5.75004e-06
4.99638e-10
5.74994e-06
5.47136e-10
5.74985e-06
5.88647e-10
5.74977e-06
6.22006e-10
5.74969e-06
6.4514e-10
5.74963e-06
6.58232e-10
5.74957e-06
6.64306e-10
5.74951e-06
6.67403e-10
5.74947e-06
6.71526e-10
6.9382e-10
6.44051e-06
1.46628e-06
6.44609e-06
1.11707e-06
6.44913e-06
8.57317e-07
6.45098e-06
7.27318e-07
6.45123e-06
6.27931e-07
6.45107e-06
5.41274e-07
6.45077e-06
4.63696e-07
6.45021e-06
3.91407e-07
6.44931e-06
3.23427e-07
6.44811e-06
2.60929e-07
6.44669e-06
2.05546e-07
6.44514e-06
1.58272e-07
6.44356e-06
1.19332e-07
6.44204e-06
8.82198e-08
6.44062e-06
6.4021e-08
6.43934e-06
4.56569e-08
6.43821e-06
3.19858e-08
6.43722e-06
2.2021e-08
6.43637e-06
1.49023e-08
6.43565e-06
9.8934e-09
6.43503e-06
6.46031e-09
6.43451e-06
4.17161e-09
6.43406e-06
2.66518e-09
6.43369e-06
1.71618e-09
6.43336e-06
1.15321e-09
6.43309e-06
8.35867e-10
6.43285e-06
6.73866e-10
6.43264e-06
6.07768e-10
6.43246e-06
5.98031e-10
6.4323e-06
6.16614e-10
6.43216e-06
6.47561e-10
6.43204e-06
6.79221e-10
6.43193e-06
7.06803e-10
6.43183e-06
7.28132e-10
6.43174e-06
7.40483e-10
6.43166e-06
7.43733e-10
6.43159e-06
7.40769e-10
6.43153e-06
7.35738e-10
6.43147e-06
7.32985e-10
7.45949e-10
7.20104e-06
1.42035e-06
7.20805e-06
1.11006e-06
7.21123e-06
8.54132e-07
7.21346e-06
7.25087e-07
7.21394e-06
6.27453e-07
7.21388e-06
5.4133e-07
7.21365e-06
4.63924e-07
7.21313e-06
3.91921e-07
7.21225e-06
3.24308e-07
7.21102e-06
2.62159e-07
7.20952e-06
2.07041e-07
7.20787e-06
1.59925e-07
7.20617e-06
1.21036e-07
7.2045e-06
8.98847e-08
7.20294e-06
6.55833e-08
7.20152e-06
4.70813e-08
7.20025e-06
3.3254e-08
7.19914e-06
2.31324e-08
7.19818e-06
1.58676e-08
7.19735e-06
1.07213e-08
7.19664e-06
7.1688e-09
7.19603e-06
4.77778e-09
7.19552e-06
3.18133e-09
7.19508e-06
2.15652e-09
7.1947e-06
1.5312e-09
7.19438e-06
1.16151e-09
7.1941e-06
9.55743e-10
7.19386e-06
8.53109e-10
7.19364e-06
8.12733e-10
7.19346e-06
8.0545e-10
7.19329e-06
8.14304e-10
7.19315e-06
8.27007e-10
7.19302e-06
8.37975e-10
7.19291e-06
8.44954e-10
7.19281e-06
8.44511e-10
7.19272e-06
8.36147e-10
7.19264e-06
8.22607e-10
7.19257e-06
8.08115e-10
7.1925e-06
7.97382e-10
8.00034e-10
8.05119e-06
1.37179e-06
8.06e-06
1.10125e-06
8.06334e-06
8.50791e-07
8.06592e-06
7.22501e-07
8.06663e-06
6.26743e-07
8.06665e-06
5.41313e-07
8.06643e-06
4.64133e-07
8.0659e-06
3.92448e-07
8.06497e-06
3.25241e-07
8.06365e-06
2.63479e-07
8.06203e-06
2.08658e-07
8.06023e-06
1.61724e-07
8.05837e-06
1.22898e-07
8.05655e-06
9.17109e-08
8.05483e-06
6.73028e-08
8.05325e-06
4.86545e-08
8.05185e-06
3.46586e-08
8.05061e-06
2.43669e-08
8.04954e-06
1.69427e-08
8.04861e-06
1.16454e-08
8.04782e-06
7.96148e-09
8.04714e-06
5.45744e-09
8.04656e-06
3.76085e-09
8.04606e-06
2.65164e-09
8.04564e-06
1.95677e-09
8.04527e-06
1.52832e-09
8.04495e-06
1.2733e-09
8.04468e-06
1.12948e-09
8.04444e-06
1.05442e-09
8.04423e-06
1.01779e-09
8.04404e-06
1.00157e-09
8.04388e-06
9.92712e-10
8.04374e-06
9.84736e-10
8.04361e-06
9.75398e-10
8.04349e-06
9.60397e-10
8.04339e-06
9.38832e-10
8.0433e-06
9.1324e-10
8.04322e-06
8.88011e-10
8.04315e-06
8.68113e-10
8.59656e-10
9.00158e-06
1.3209e-06
9.01256e-06
1.09026e-06
9.01611e-06
8.47235e-07
9.01904e-06
7.19569e-07
9.02002e-06
6.25765e-07
9.02012e-06
5.41215e-07
9.01991e-06
4.64331e-07
9.01936e-06
3.93003e-07
9.01835e-06
3.26242e-07
9.01692e-06
2.64908e-07
9.01517e-06
2.10415e-07
9.01321e-06
1.63683e-07
9.01117e-06
1.24932e-07
9.00918e-06
9.37104e-08
9.00729e-06
6.91898e-08
9.00556e-06
5.0385e-08
9.00401e-06
3.62065e-08
9.00265e-06
2.573e-08
9.00145e-06
1.81324e-08
9.00043e-06
1.26694e-08
8.99955e-06
8.84148e-09
8.99879e-06
6.21343e-09
8.99814e-06
4.4062e-09
8.99759e-06
3.20382e-09
8.99711e-06
2.43208e-09
8.9967e-06
1.93848e-09
8.99635e-06
1.62874e-09
8.99604e-06
1.43904e-09
8.99577e-06
1.32527e-09
8.99554e-06
1.25583e-09
8.99533e-06
1.2115e-09
8.99515e-06
1.17844e-09
8.99498e-06
1.14918e-09
8.99484e-06
1.12151e-09
8.99471e-06
1.09012e-09
8.9946e-06
1.05368e-09
8.9945e-06
1.01454e-09
8.99441e-06
9.77223e-10
8.99433e-06
9.46789e-10
9.26339e-10
1.0064e-05
1.26808e-06
1.00776e-05
1.07674e-06
1.00814e-05
8.43354e-07
1.00847e-05
7.16298e-07
1.0086e-05
6.24475e-07
1.00862e-05
5.41005e-07
1.0086e-05
4.64512e-07
1.00854e-05
3.93585e-07
1.00844e-05
3.27316e-07
1.00828e-05
2.6645e-07
1.00809e-05
2.12319e-07
1.00788e-05
1.65813e-07
1.00766e-05
1.27148e-07
1.00744e-05
9.58933e-08
1.00723e-05
7.12543e-08
1.00704e-05
5.22826e-08
1.00687e-05
3.79068e-08
1.00672e-05
2.72303e-08
1.00659e-05
1.94448e-08
1.00648e-05
1.38003e-08
1.00638e-05
9.81544e-09
1.0063e-05
7.05183e-09
1.00622e-05
5.12269e-09
1.00616e-05
3.81789e-09
1.00611e-05
2.96162e-09
1.00606e-05
2.39599e-09
1.00602e-05
2.0257e-09
1.00599e-05
1.78517e-09
1.00596e-05
1.62841e-09
1.00593e-05
1.52245e-09
1.00591e-05
1.44676e-09
1.00589e-05
1.38665e-09
1.00587e-05
1.33354e-09
1.00586e-05
1.28534e-09
1.00584e-05
1.23556e-09
1.00583e-05
1.18242e-09
1.00582e-05
1.12798e-09
1.00581e-05
1.07703e-09
1.0058e-05
1.03467e-09
1.00145e-09
1.12519e-05
1.21383e-06
1.12683e-05
1.06036e-06
1.12726e-05
8.38985e-07
1.12762e-05
7.12697e-07
1.12779e-05
6.2283e-07
1.12782e-05
5.40648e-07
1.12781e-05
4.64661e-07
1.12775e-05
3.9419e-07
1.12763e-05
3.28459e-07
1.12746e-05
2.68107e-07
1.12726e-05
2.14374e-07
1.12703e-05
1.68117e-07
1.12679e-05
1.29552e-07
1.12655e-05
9.82682e-08
1.12633e-05
7.35054e-08
1.12612e-05
5.43574e-08
1.12593e-05
3.9769e-08
1.12577e-05
2.88773e-08
1.12562e-05
2.08891e-08
1.1255e-05
1.50464e-08
1.12539e-05
1.08912e-08
1.1253e-05
7.98007e-09
1.12522e-05
5.91699e-09
1.12515e-05
4.50003e-09
1.12509e-05
3.55097e-09
1.12504e-05
2.9057e-09
1.125e-05
2.46837e-09
1.12496e-05
2.17144e-09
1.12492e-05
1.96693e-09
1.12489e-05
1.8204e-09
1.12487e-05
1.70985e-09
1.12484e-05
1.61965e-09
1.12482e-05
1.53989e-09
1.12481e-05
1.46884e-09
1.12479e-05
1.39848e-09
1.12478e-05
1.32661e-09
1.12476e-05
1.25504e-09
1.12475e-05
1.18879e-09
1.12474e-05
1.13282e-09
1.08512e-09
1.25799e-05
1.1587e-06
1.25994e-05
1.04089e-06
1.26045e-05
8.33911e-07
1.26084e-05
7.08771e-07
1.26104e-05
6.20787e-07
1.2611e-05
5.40097e-07
1.26109e-05
4.64759e-07
1.26103e-05
3.94808e-07
1.2609e-05
3.29667e-07
1.26073e-05
2.69876e-07
1.26051e-05
2.1658e-07
1.26026e-05
1.706e-07
1.26e-05
1.32151e-07
1.25974e-05
1.00842e-07
1.2595e-05
7.59509e-08
1.25927e-05
5.66181e-08
1.25907e-05
4.18019e-08
1.25889e-05
3.06798e-08
1.25873e-05
2.24742e-08
1.25859e-05
1.64151e-08
1.25847e-05
1.20756e-08
1.25837e-05
9.00419e-09
1.25828e-05
6.79398e-09
1.25821e-05
5.25518e-09
1.25814e-05
4.20577e-09
1.25808e-05
3.47382e-09
1.25804e-05
2.96326e-09
1.25799e-05
2.60424e-09
1.25795e-05
2.34676e-09
1.25792e-05
2.15485e-09
1.25789e-05
2.00511e-09
1.25787e-05
1.88098e-09
1.25784e-05
1.77117e-09
1.25782e-05
1.67437e-09
1.2578e-05
1.58083e-09
1.25779e-05
1.48788e-09
1.25777e-05
1.39691e-09
1.25776e-05
1.31343e-09
1.25775e-05
1.24225e-09
1.18061e-09
1.40649e-05
1.10333e-06
1.40876e-05
1.0182e-06
1.40936e-05
8.27867e-07
1.40979e-05
7.04513e-07
1.41003e-05
6.18314e-07
1.41011e-05
5.39302e-07
1.41011e-05
4.64781e-07
1.41005e-05
3.95426e-07
1.40992e-05
3.3093e-07
1.40973e-05
2.71751e-07
1.4095e-05
2.18933e-07
1.40923e-05
1.7326e-07
1.40895e-05
1.34945e-07
1.40867e-05
1.03618e-07
1.40841e-05
7.85961e-08
1.40816e-05
5.90723e-08
1.40794e-05
4.40131e-08
1.40775e-05
3.2647e-08
1.40757e-05
2.42112e-08
1.40742e-05
1.79184e-08
1.40729e-05
1.33826e-08
1.40718e-05
1.01377e-08
1.40708e-05
7.76378e-09
1.407e-05
6.08929e-09
1.40692e-05
4.92776e-09
1.40686e-05
4.09876e-09
1.40681e-05
3.50737e-09
1.40676e-05
3.08054e-09
1.40672e-05
2.76563e-09
1.40668e-05
2.52484e-09
1.40665e-05
2.33299e-09
1.40662e-05
2.17231e-09
1.40659e-05
2.02973e-09
1.40657e-05
1.90499e-09
1.40655e-05
1.7859e-09
1.40653e-05
1.66953e-09
1.40652e-05
1.55693e-09
1.4065e-05
1.45405e-09
1.40649e-05
1.36551e-09
1.28309e-09
1.57253e-05
1.04839e-06
1.57512e-05
9.9234e-07
1.57585e-05
8.20556e-07
1.57631e-05
6.99891e-07
1.57661e-05
6.15385e-07
1.57671e-05
5.38204e-07
1.57672e-05
4.64691e-07
1.57666e-05
3.96027e-07
1.57653e-05
3.32234e-07
1.57633e-05
2.7372e-07
1.57609e-05
2.21425e-07
1.5758e-05
1.76091e-07
1.5755e-05
1.37933e-07
1.57521e-05
1.06594e-07
1.57492e-05
8.14408e-08
1.57466e-05
6.17213e-08
1.57442e-05
4.64005e-08
1.5742e-05
3.47737e-08
1.57402e-05
2.6091e-08
1.57385e-05
1.95428e-08
1.57371e-05
1.48031e-08
1.57359e-05
1.13798e-08
1.57348e-05
8.83577e-09
1.57339e-05
7.02272e-09
1.5733e-05
5.74397e-09
1.57323e-05
4.80957e-09
1.57317e-05
4.12846e-09
1.57312e-05
3.62434e-09
1.57307e-05
3.24281e-09
1.57303e-05
2.94463e-09
1.57299e-05
2.70298e-09
1.57296e-05
2.49908e-09
1.57293e-05
2.31794e-09
1.57291e-05
2.16066e-09
1.57288e-05
2.01212e-09
1.57286e-05
1.86907e-09
1.57285e-05
1.7319e-09
1.57283e-05
1.60734e-09
1.57282e-05
1.49989e-09
1.40833e-09
1.75822e-05
9.94561e-07
1.7611e-05
9.63491e-07
1.76199e-05
8.11678e-07
1.7625e-05
6.94843e-07
1.76284e-05
6.11985e-07
1.76298e-05
5.36747e-07
1.763e-05
4.64445e-07
1.76295e-05
3.96585e-07
1.76282e-05
3.3356e-07
1.76261e-05
2.75765e-07
1.76235e-05
2.2404e-07
1.76205e-05
1.79082e-07
1.76173e-05
1.41107e-07
1.76141e-05
1.09772e-07
1.76111e-05
8.44933e-08
1.76082e-05
6.45884e-08
1.76056e-05
4.90002e-08
1.76033e-05
3.711e-08
1.76012e-05
2.81675e-08
1.75994e-05
2.13268e-08
1.75979e-05
1.63544e-08
1.75965e-05
1.27209e-08
1.75954e-05
9.97408e-09
1.75944e-05
8.00303e-09
1.75935e-05
6.60006e-09
1.75928e-05
5.55468e-09
1.75922e-05
4.78274e-09
1.75916e-05
4.2019e-09
1.75911e-05
3.75499e-09
1.75906e-05
3.40066e-09
1.75902e-05
3.11023e-09
1.75899e-05
2.86313e-09
1.75895e-05
2.64339e-09
1.75892e-05
2.45299e-09
1.7589e-05
2.27362e-09
1.75887e-05
2.1017e-09
1.75885e-05
1.93726e-09
1.75884e-05
1.78806e-09
1.75882e-05
1.65831e-09
1.52428e-09
1.96588e-05
9.42502e-07
1.96902e-05
9.32043e-07
1.97009e-05
8.00965e-07
1.97065e-05
6.89272e-07
1.97104e-05
6.08104e-07
1.97123e-05
5.34872e-07
1.97127e-05
4.63988e-07
1.97122e-05
3.97064e-07
1.97109e-05
3.34877e-07
1.97088e-05
2.77855e-07
1.97061e-05
2.26745e-07
1.9703e-05
1.82195e-07
1.96997e-05
1.44423e-07
1.96964e-05
1.13089e-07
1.96932e-05
8.76689e-08
1.96902e-05
6.75685e-08
1.96875e-05
5.16912e-08
1.96851e-05
3.95512e-08
1.96828e-05
3.0377e-08
1.96809e-05
2.32674e-08
1.96792e-05
1.80999e-08
1.96776e-05
1.42766e-08
1.96763e-05
1.13211e-08
1.96751e-05
9.18866e-09
1.9674e-05
7.62547e-09
1.96732e-05
6.44863e-09
1.96724e-05
5.56182e-09
1.96717e-05
4.88206e-09
1.96711e-05
4.34982e-09
1.96706e-05
3.92178e-09
1.96701e-05
3.56736e-09
1.96697e-05
3.26471e-09
1.96694e-05
2.99702e-09
1.96691e-05
2.76265e-09
1.96688e-05
2.54592e-09
1.96686e-05
2.33979e-09
1.96684e-05
2.14408e-09
1.96682e-05
1.9679e-09
1.9668e-05
1.81616e-09
1.7018e-09
2.19812e-05
8.92832e-07
2.20147e-05
8.98562e-07
2.20274e-05
7.8823e-07
2.20337e-05
6.83045e-07
2.2038e-05
6.03737e-07
2.20403e-05
5.32535e-07
2.20411e-05
4.63267e-07
2.20407e-05
3.97432e-07
2.20394e-05
3.36165e-07
2.20373e-05
2.79984e-07
2.20344e-05
2.29559e-07
2.20311e-05
1.8549e-07
2.20276e-05
1.47996e-07
2.2024e-05
1.16715e-07
2.20204e-05
9.11802e-08
2.20171e-05
7.08901e-08
2.20142e-05
5.46453e-08
2.20115e-05
4.21791e-08
2.20092e-05
3.2685e-08
2.20073e-05
2.51677e-08
2.20056e-05
1.978e-08
2.20042e-05
1.57045e-08
2.20029e-05
1.25859e-08
2.20018e-05
1.02941e-08
2.20009e-05
8.59595e-09
2.2e-05
7.31134e-09
2.19992e-05
6.33248e-09
2.19985e-05
5.57489e-09
2.19979e-05
4.97577e-09
2.19973e-05
4.4893e-09
2.19968e-05
4.08294e-09
2.19964e-05
3.73324e-09
2.19959e-05
3.42296e-09
2.19956e-05
3.1471e-09
2.19952e-05
2.89214e-09
2.19949e-05
2.65066e-09
2.19946e-05
2.42127e-09
2.19944e-05
2.21346e-09
2.19942e-05
2.03081e-09
1.80938e-09
2.45787e-05
8.46107e-07
2.46135e-05
8.63772e-07
2.46283e-05
7.73406e-07
2.46353e-05
6.75999e-07
2.46402e-05
5.98852e-07
2.46431e-05
5.29664e-07
2.46442e-05
4.62161e-07
2.46441e-05
3.97549e-07
2.4643e-05
3.3725e-07
2.4641e-05
2.81914e-07
2.46384e-05
2.32159e-07
2.46354e-05
1.8855e-07
2.4632e-05
1.51335e-07
2.46286e-05
1.20131e-07
2.46252e-05
9.45582e-08
2.46219e-05
7.42328e-08
2.46188e-05
5.77695e-08
2.46158e-05
4.51756e-08
2.46129e-05
3.55013e-08
2.46104e-05
2.77069e-08
2.46082e-05
2.2015e-08
2.46062e-05
1.76682e-08
2.46045e-05
1.43172e-08
2.4603e-05
1.17974e-08
2.46017e-05
9.89621e-09
2.46006e-05
8.4356e-09
2.45996e-05
7.30138e-09
2.45988e-05
6.40834e-09
2.45981e-05
5.69203e-09
2.45974e-05
5.10463e-09
2.45969e-05
4.61154e-09
2.45965e-05
4.18771e-09
2.45961e-05
3.81481e-09
2.45958e-05
3.48382e-09
2.45955e-05
3.18184e-09
2.45952e-05
2.90037e-09
2.4595e-05
2.63678e-09
2.45948e-05
2.398e-09
2.45947e-05
2.19478e-09
2.08417e-09
2.74837e-05
8.02841e-07
2.75189e-05
8.28566e-07
2.75357e-05
7.56653e-07
2.75436e-05
6.68063e-07
2.75489e-05
5.93542e-07
2.75522e-05
5.26407e-07
2.75534e-05
4.60869e-07
2.75532e-05
3.97734e-07
2.75519e-05
3.38599e-07
2.75495e-05
2.84258e-07
2.75464e-05
2.35283e-07
2.75428e-05
1.92182e-07
2.75389e-05
1.55229e-07
2.75351e-05
1.23937e-07
2.75316e-05
9.80855e-08
2.75283e-05
7.75052e-08
2.75257e-05
6.03687e-08
2.75233e-05
4.75133e-08
2.75213e-05
3.7484e-08
2.75195e-05
2.95146e-08
2.7518e-05
2.35745e-08
2.75166e-05
1.90542e-08
2.75153e-05
1.55734e-08
2.75142e-05
1.29374e-08
2.75131e-05
1.09413e-08
2.75122e-05
9.40631e-09
2.75112e-05
8.21017e-09
2.75104e-05
7.26349e-09
2.75096e-05
6.49844e-09
2.75088e-05
5.86471e-09
2.75081e-05
5.32599e-09
2.75074e-05
4.85615e-09
2.75068e-05
4.43675e-09
2.75063e-05
4.05739e-09
2.75057e-05
3.70671e-09
2.75053e-05
3.37703e-09
2.75048e-05
3.06615e-09
2.75045e-05
2.7791e-09
2.75041e-05
2.51566e-09
2.13812e-09
3.07331e-05
7.63346e-07
3.0768e-05
7.93723e-07
3.07866e-05
7.3803e-07
3.07959e-05
6.58735e-07
3.08023e-05
5.87177e-07
3.08068e-05
5.2191e-07
3.08094e-05
4.58234e-07
3.08105e-05
3.9659e-07
3.08105e-05
3.38652e-07
3.08094e-05
2.85384e-07
3.08073e-05
2.37363e-07
3.08044e-05
1.95056e-07
3.08008e-05
1.58782e-07
3.07969e-05
1.27909e-07
3.07927e-05
1.02299e-07
3.07881e-05
8.20836e-08
3.07837e-05
6.47631e-08
3.07797e-05
5.15556e-08
3.0776e-05
4.11599e-08
3.07726e-05
3.28688e-08
3.07697e-05
2.65177e-08
3.07671e-05
2.16222e-08
3.07649e-05
1.78007e-08
3.0763e-05
1.48393e-08
3.07614e-05
1.2544e-08
3.07601e-05
1.07436e-08
3.0759e-05
9.31417e-09
3.07581e-05
8.16511e-09
3.07574e-05
7.22745e-09
3.07568e-05
6.4488e-09
3.07563e-05
5.79015e-09
3.0756e-05
5.22271e-09
3.07557e-05
4.72523e-09
3.07555e-05
4.28313e-09
3.07553e-05
3.88309e-09
3.07552e-05
3.5151e-09
3.0755e-05
3.17448e-09
3.0755e-05
2.86387e-09
3.07549e-05
2.59898e-09
2.57924e-09
3.43653e-05
7.28618e-07
3.43979e-05
7.61111e-07
3.44166e-05
7.19345e-07
3.44256e-05
6.49769e-07
3.44308e-05
5.81928e-07
3.4434e-05
5.18703e-07
3.44353e-05
4.56899e-07
3.44352e-05
3.96694e-07
3.44341e-05
3.39745e-07
3.44323e-05
2.87184e-07
3.44301e-05
2.39601e-07
3.44276e-05
1.97473e-07
3.44251e-05
1.61269e-07
3.44232e-05
1.29844e-07
3.44216e-05
1.03893e-07
3.44203e-05
8.33848e-08
3.44189e-05
6.61419e-08
3.44177e-05
5.27292e-08
3.44166e-05
4.2245e-08
3.44155e-05
3.39518e-08
3.44145e-05
2.75668e-08
3.44134e-05
2.26719e-08
3.44123e-05
1.88863e-08
3.44112e-05
1.5967e-08
3.441e-05
1.37144e-08
3.44088e-05
1.19552e-08
3.44076e-05
1.05588e-08
3.44063e-05
9.42954e-09
3.4405e-05
8.49587e-09
3.44038e-05
7.70443e-09
3.44025e-05
7.01647e-09
3.44014e-05
6.40447e-09
3.44002e-05
5.84924e-09
3.43992e-05
5.33816e-09
3.43982e-05
4.86114e-09
3.43973e-05
4.41104e-09
3.43965e-05
3.98512e-09
3.43958e-05
3.58458e-09
3.43952e-05
3.19464e-09
2.53115e-09
3.84367e-05
6.96556e-07
3.84695e-05
7.2828e-07
3.8492e-05
6.96834e-07
3.85056e-05
6.3615e-07
3.8515e-05
5.72569e-07
3.85217e-05
5.11952e-07
3.85259e-05
4.52712e-07
3.85277e-05
3.9488e-07
3.85275e-05
3.39947e-07
3.85256e-05
2.89135e-07
3.8522e-05
2.43117e-07
3.85172e-05
2.0228e-07
3.85111e-05
1.67422e-07
3.85042e-05
1.36768e-07
3.84974e-05
1.10717e-07
3.84909e-05
8.98406e-08
3.84847e-05
7.23744e-08
3.84791e-05
5.838e-08
3.8474e-05
4.72776e-08
3.84696e-05
3.839e-08
3.84658e-05
3.13662e-08
3.84627e-05
2.58442e-08
3.84601e-05
2.14763e-08
3.8458e-05
1.80173e-08
3.84565e-05
1.52751e-08
3.84554e-05
1.3086e-08
3.84546e-05
1.13213e-08
3.84542e-05
9.88427e-09
3.8454e-05
8.70068e-09
3.8454e-05
7.71315e-09
3.84541e-05
6.87757e-09
3.84544e-05
6.16042e-09
3.84547e-05
5.53607e-09
3.84551e-05
4.98499e-09
3.84554e-05
4.49114e-09
3.84558e-05
4.04181e-09
3.84562e-05
3.62893e-09
3.84565e-05
3.25247e-09
3.84567e-05
2.95107e-09
3.15369e-09
4.29531e-05
6.76129e-07
4.29749e-05
7.06493e-07
4.29896e-05
6.82152e-07
4.29981e-05
6.27649e-07
4.30044e-05
5.66277e-07
4.30101e-05
5.06198e-07
4.30154e-05
4.47439e-07
4.30201e-05
3.90095e-07
4.30245e-05
3.35532e-07
4.30286e-05
2.85013e-07
4.30327e-05
2.38997e-07
4.30369e-05
1.98082e-07
4.30407e-05
1.63644e-07
4.3044e-05
1.33383e-07
4.30468e-05
1.07946e-07
4.30492e-05
8.74134e-08
4.3051e-05
7.05892e-08
4.30522e-05
5.71206e-08
4.30529e-05
4.65298e-08
4.30531e-05
3.81949e-08
4.30527e-05
3.1692e-08
4.30519e-05
2.66558e-08
4.30506e-05
2.27433e-08
4.30489e-05
1.969e-08
4.30469e-05
1.72923e-08
4.30446e-05
1.53834e-08
4.30421e-05
1.38319e-08
4.30394e-05
1.25402e-08
4.30367e-05
1.14362e-08
4.30339e-05
1.04674e-08
4.30312e-05
9.59628e-09
4.30286e-05
8.79694e-09
4.30261e-05
8.05221e-09
4.30237e-05
7.35091e-09
4.30215e-05
6.68548e-09
4.30195e-05
6.05071e-09
4.30177e-05
5.44343e-09
4.30161e-05
4.85799e-09
4.30148e-05
4.24148e-09
3.05527e-09
4.81192e-05
6.47648e-07
4.81486e-05
6.77132e-07
4.81698e-05
6.60913e-07
4.81813e-05
6.16157e-07
4.8186e-05
5.61571e-07
4.81864e-05
5.05839e-07
4.81833e-05
4.50489e-07
4.81774e-05
3.95996e-07
4.81693e-05
3.43656e-07
4.81595e-05
2.94841e-07
4.8148e-05
2.5049e-07
4.81355e-05
2.10613e-07
4.81237e-05
1.75485e-07
4.81121e-05
1.44962e-07
4.81013e-05
1.18819e-07
4.80916e-05
9.71551e-08
4.8083e-05
7.92057e-08
4.80757e-05
6.44856e-08
4.80696e-05
5.25831e-08
4.80649e-05
4.29801e-08
4.80613e-05
3.52608e-08
4.80589e-05
2.9086e-08
4.80575e-05
2.41455e-08
4.80571e-05
2.01862e-08
4.80574e-05
1.70097e-08
4.80583e-05
1.44532e-08
4.80598e-05
1.23841e-08
4.80616e-05
1.06985e-08
4.80638e-05
9.31523e-09
4.80661e-05
8.17015e-09
4.80685e-05
7.21268e-09
4.80709e-05
6.40307e-09
4.80732e-05
5.70991e-09
4.80754e-05
5.10821e-09
4.80776e-05
4.57755e-09
4.80795e-05
4.10117e-09
4.80813e-05
3.66672e-09
4.80829e-05
3.27523e-09
4.80841e-05
3.01737e-09
3.6565e-09
5.35827e-05
5.35953e-05
5.36157e-05
5.36398e-05
5.36655e-05
5.3692e-05
5.37187e-05
5.37448e-05
5.37696e-05
5.37928e-05
5.38141e-05
5.38331e-05
5.38498e-05
5.38639e-05
5.38755e-05
5.38846e-05
5.38914e-05
5.3896e-05
5.38985e-05
5.38991e-05
5.3898e-05
5.38955e-05
5.38917e-05
5.38868e-05
5.38811e-05
5.38747e-05
5.38679e-05
5.38608e-05
5.38537e-05
5.38466e-05
5.38397e-05
5.3833e-05
5.38268e-05
5.38209e-05
5.38156e-05
5.38107e-05
5.38063e-05
5.38024e-05
5.37994e-05
)
;

boundaryField
{
    inlet
    {
        type            calculated;
        value           nonuniform List<scalar> 
36
(
-1.0756e-06
-1.2028e-06
-1.34504e-06
-1.5041e-06
-1.68197e-06
-1.88087e-06
-2.1033e-06
-2.35204e-06
-2.63018e-06
-2.94122e-06
-3.28904e-06
-3.678e-06
-4.11295e-06
-4.59934e-06
-5.14325e-06
-5.75148e-06
-6.43164e-06
-7.19223e-06
-8.04277e-06
-8.99389e-06
-1.00575e-05
-1.12469e-05
-1.25769e-05
-1.40642e-05
-1.57274e-05
-1.75873e-05
-1.96671e-05
-2.19929e-05
-2.45938e-05
-2.75022e-05
-3.07545e-05
-3.43914e-05
-3.84585e-05
-4.30064e-05
-4.80922e-05
-5.37794e-05
)
;
    }
    outlet
    {
        type            calculated;
        value           nonuniform List<scalar> 
36
(
4.08745e-08
1.42084e-07
2.77474e-07
4.53936e-07
6.78016e-07
9.54806e-07
1.28649e-06
1.67088e-06
2.10058e-06
2.56377e-06
3.04735e-06
3.54213e-06
4.04756e-06
4.57312e-06
5.13477e-06
5.74943e-06
6.43143e-06
7.19245e-06
8.04309e-06
8.99426e-06
1.00579e-05
1.12473e-05
1.25774e-05
1.40648e-05
1.57281e-05
1.75881e-05
1.96679e-05
2.19941e-05
2.45944e-05
2.75041e-05
3.07544e-05
3.43952e-05
3.84561e-05
4.30149e-05
4.80835e-05
5.37991e-05
)
;
    }
    plate
    {
        type            calculated;
        value           uniform 0;
    }
    farfield
    {
        type            calculated;
        value           nonuniform List<scalar> 
50
(
3.90926e-08
6.49673e-08
9.83602e-08
1.38139e-07
1.8741e-07
2.48843e-07
3.23875e-07
4.11278e-07
5.04649e-07
5.90181e-07
6.48437e-07
6.64597e-07
6.40426e-07
5.92101e-07
5.3585e-07
4.79255e-07
4.23779e-07
3.69898e-07
3.18769e-07
2.71615e-07
2.29162e-07
1.91537e-07
1.58767e-07
1.3076e-07
1.07198e-07
8.79645e-08
7.23846e-08
5.98965e-08
5.00459e-08
4.23232e-08
3.62937e-08
3.1603e-08
2.79383e-08
2.50437e-08
2.27196e-08
2.08079e-08
1.91855e-08
1.77616e-08
1.64716e-08
1.52712e-08
1.41315e-08
1.30356e-08
1.19749e-08
1.09465e-08
9.95008e-09
8.9858e-09
8.04996e-09
7.1176e-09
6.04551e-09
3.96204e-09
)
;
    }
    upstreamSlip
    {
        type            symmetry;
        value           uniform 0;
    }
    frontAndBack
    {
        type            empty;
    }
}


// ************************************************************************* //
