/*--------------------------------*- C++ -*----------------------------------*\
| =========                 |                                                 |
| \\      /  F ield         | OpenFOAM: The Open Source CFD Toolbox           |
|  \\    /   O peration     | Version:  2512                                  |
|   \\  /    A nd           | Website:  www.openfoam.com                      |
|    \\/     M anipulation  |                                                 |
\*---------------------------------------------------------------------------*/
FoamFile
{
    version     2.0;
    format      ascii;
    arch        "LSB;label=32;scalar=64";
    class       volScalarField;
    location    "0.00496967";
    object      rho;
}
// * * * * * * * * * * * * * * * * * * * * * * * * * * * * * * * * * * * * * //

dimensions      [1 -3 0 0 0 0 0];

internalField   nonuniform List<scalar> 
1800
(
0.370521
0.370521
0.370521
0.370522
0.370523
0.370525
0.370527
0.370533
0.370523
0.370613
0.370521
0.370521
0.370521
0.370522
0.370523
0.370525
0.370527
0.370533
0.370523
0.370612
0.370521
0.370521
0.370521
0.370522
0.370523
0.370525
0.370527
0.370533
0.370523
0.370609
0.370521
0.370521
0.370521
0.370522
0.370523
0.370525
0.370527
0.370533
0.370524
0.370603
0.370521
0.370521
0.370521
0.370522
0.370523
0.370525
0.370527
0.370533
0.370525
0.370595
0.370521
0.370521
0.370521
0.370522
0.370523
0.370525
0.370527
0.370533
0.370527
0.370586
0.370521
0.370521
0.370521
0.370522
0.370523
0.370525
0.370527
0.370532
0.370528
0.370578
0.370521
0.370521
0.370521
0.370522
0.370523
0.370525
0.370527
0.370532
0.370529
0.370572
0.370521
0.370521
0.370521
0.370522
0.370523
0.370525
0.370527
0.370532
0.37053
0.370568
0.370521
0.370521
0.370521
0.370522
0.370523
0.370525
0.370527
0.370532
0.370531
0.370565
0.370521
0.370521
0.370521
0.370522
0.370523
0.370525
0.370527
0.370532
0.370531
0.370563
0.370521
0.370521
0.370521
0.370522
0.370523
0.370525
0.370527
0.370532
0.370532
0.370561
0.370521
0.370521
0.370521
0.370522
0.370523
0.370525
0.370527
0.370532
0.370532
0.37056
0.370521
0.370521
0.370521
0.370522
0.370523
0.370525
0.370527
0.370531
0.370533
0.370558
0.370521
0.370521
0.370521
0.370522
0.370523
0.370525
0.370527
0.370531
0.370533
0.370557
0.370521
0.370521
0.370521
0.370522
0.370523
0.370525
0.370527
0.370531
0.370533
0.370556
0.370521
0.370521
0.370521
0.370522
0.370523
0.370525
0.370527
0.370531
0.370533
0.370554
0.370521
0.370521
0.370521
0.370522
0.370523
0.370525
0.370527
0.370531
0.370534
0.370553
0.370521
0.370521
0.370521
0.370522
0.370523
0.370525
0.370527
0.370531
0.370534
0.370551
0.370521
0.370521
0.370521
0.370522
0.370523
0.370525
0.370527
0.370531
0.370534
0.370549
0.370521
0.370521
0.370521
0.370522
0.370523
0.370525
0.370527
0.37053
0.370534
0.370548
0.370521
0.370521
0.370521
0.370522
0.370523
0.370525
0.370527
0.37053
0.370534
0.370546
0.370521
0.370521
0.370521
0.370522
0.370523
0.370525
0.370527
0.37053
0.370534
0.370544
0.370521
0.370521
0.370521
0.370522
0.370523
0.370524
0.370527
0.37053
0.370534
0.370542
0.37052
0.370521
0.370521
0.370522
0.370523
0.370524
0.370526
0.37053
0.370533
0.370541
0.37052
0.37052
0.370521
0.370522
0.370523
0.370524
0.370526
0.370529
0.370533
0.370539
0.37052
0.37052
0.370521
0.370522
0.370523
0.370524
0.370526
0.370529
0.370532
0.370537
0.37052
0.37052
0.370521
0.370521
0.370522
0.370524
0.370526
0.370528
0.370531
0.370535
0.37052
0.37052
0.370521
0.370521
0.370522
0.370524
0.370525
0.370528
0.370531
0.370534
0.37052
0.37052
0.37052
0.370521
0.370522
0.370523
0.370525
0.370527
0.370529
0.370532
0.37052
0.37052
0.37052
0.370521
0.370522
0.370523
0.370524
0.370526
0.370528
0.37053
0.370519
0.370519
0.37052
0.37052
0.370521
0.370522
0.370524
0.370525
0.370527
0.370529
0.370519
0.370519
0.370519
0.37052
0.370521
0.370522
0.370523
0.370524
0.370526
0.370526
0.370519
0.370519
0.370519
0.37052
0.37052
0.370521
0.370522
0.370524
0.370525
0.370526
0.370518
0.370518
0.370518
0.370518
0.370519
0.370519
0.370519
0.37052
0.37052
0.37052
0.370518
0.370518
0.370519
0.37052
0.370521
0.370522
0.370524
0.370526
0.370528
0.370531
0.370111
0.370086
0.370094
0.370107
0.370116
0.370121
0.370123
0.370124
0.370121
0.37012
0.370116
0.370113
0.370109
0.370106
0.370104
0.370101
0.3701
0.370098
0.370097
0.370096
0.370096
0.370095
0.370095
0.370095
0.370095
0.370095
0.370095
0.370095
0.370095
0.370095
0.370095
0.370095
0.370095
0.370095
0.370095
0.370095
0.370095
0.370095
0.370095
0.370095
0.370167
0.37009
0.370095
0.370107
0.370116
0.370121
0.370123
0.370124
0.370122
0.37012
0.370116
0.370114
0.37011
0.370107
0.370105
0.370102
0.3701
0.370098
0.370097
0.370096
0.370096
0.370095
0.370095
0.370095
0.370095
0.370095
0.370095
0.370094
0.370095
0.370094
0.370095
0.370094
0.370095
0.370095
0.370095
0.370095
0.370095
0.370095
0.370094
0.370095
0.370258
0.370117
0.370102
0.370109
0.370117
0.370122
0.370124
0.370125
0.370123
0.370122
0.370118
0.370115
0.370111
0.370108
0.370106
0.370103
0.370101
0.370099
0.370098
0.370097
0.370096
0.370096
0.370095
0.370095
0.370095
0.370095
0.370095
0.370095
0.370095
0.370094
0.370095
0.370094
0.370095
0.370095
0.370095
0.370095
0.370095
0.370095
0.370094
0.370095
0.370352
0.370174
0.370126
0.37012
0.370123
0.370125
0.370127
0.370127
0.370126
0.370124
0.370121
0.370118
0.370114
0.370111
0.370108
0.370105
0.370103
0.370101
0.3701
0.370098
0.370097
0.370097
0.370096
0.370096
0.370095
0.370095
0.370095
0.370095
0.370095
0.370095
0.370095
0.370095
0.370095
0.370095
0.370095
0.370095
0.370095
0.370095
0.370095
0.370095
0.370431
0.370251
0.370175
0.370148
0.370139
0.370136
0.370134
0.370133
0.370131
0.37013
0.370126
0.370123
0.370119
0.370116
0.370113
0.37011
0.370107
0.370105
0.370103
0.370101
0.3701
0.370099
0.370099
0.370098
0.370098
0.370098
0.370097
0.370097
0.370097
0.370097
0.370097
0.370097
0.370097
0.370097
0.370097
0.370097
0.370097
0.370097
0.370097
0.370097
0.370489
0.370331
0.370244
0.370198
0.370174
0.37016
0.370152
0.370147
0.370143
0.37014
0.370136
0.370133
0.370129
0.370125
0.370122
0.370118
0.370115
0.370113
0.37011
0.370109
0.370107
0.370106
0.370105
0.370104
0.370104
0.370103
0.370103
0.370103
0.370103
0.370103
0.370103
0.370103
0.370103
0.370103
0.370103
0.370103
0.370103
0.370103
0.370103
0.370103
0.370527
0.3704
0.370319
0.370266
0.370229
0.370203
0.370186
0.370175
0.370167
0.370161
0.370155
0.370151
0.370146
0.370142
0.370138
0.370134
0.370131
0.370128
0.370125
0.370123
0.370121
0.370119
0.370118
0.370117
0.370117
0.370116
0.370116
0.370115
0.370115
0.370115
0.370115
0.370115
0.370115
0.370115
0.370115
0.370115
0.370115
0.370115
0.370115
0.370115
0.370549
0.370451
0.370386
0.370337
0.370296
0.370264
0.370239
0.37022
0.370206
0.370196
0.370188
0.370181
0.370175
0.37017
0.370165
0.370161
0.370157
0.370153
0.37015
0.370147
0.370145
0.370143
0.370142
0.370141
0.37014
0.370139
0.370138
0.370138
0.370138
0.370138
0.370138
0.370138
0.370137
0.370137
0.370137
0.370137
0.370137
0.370137
0.370137
0.370138
0.370559
0.370484
0.370438
0.370401
0.370365
0.370332
0.370304
0.37028
0.370262
0.370247
0.370236
0.370226
0.370219
0.370212
0.370206
0.370201
0.370196
0.370192
0.370189
0.370186
0.370183
0.370181
0.370179
0.370178
0.370177
0.370176
0.370175
0.370175
0.370175
0.370174
0.370174
0.370174
0.370174
0.370174
0.370174
0.370174
0.370174
0.370174
0.370174
0.370175
0.370563
0.370503
0.370472
0.370448
0.370422
0.370395
0.37037
0.370347
0.370327
0.370311
0.370297
0.370286
0.370276
0.370268
0.370262
0.370256
0.370251
0.370246
0.370243
0.370239
0.370236
0.370234
0.370232
0.37023
0.370229
0.370228
0.370228
0.370227
0.370227
0.370226
0.370226
0.370226
0.370226
0.370226
0.370226
0.370226
0.370226
0.370226
0.370226
0.370227
0.370564
0.370513
0.370491
0.370479
0.370463
0.370445
0.370426
0.370408
0.37039
0.370375
0.370362
0.370351
0.370342
0.370334
0.370327
0.370321
0.370316
0.370311
0.370307
0.370304
0.370301
0.370299
0.370297
0.370295
0.370294
0.370293
0.370292
0.370292
0.370291
0.370291
0.370291
0.370291
0.370291
0.370291
0.370291
0.370291
0.370291
0.370291
0.370291
0.370291
0.370564
0.370517
0.370501
0.370495
0.370488
0.370478
0.370466
0.370454
0.370442
0.370431
0.370421
0.370412
0.370404
0.370397
0.370391
0.370386
0.370382
0.370378
0.370374
0.370371
0.370369
0.370367
0.370365
0.370364
0.370363
0.370362
0.370361
0.370361
0.37036
0.37036
0.37036
0.37036
0.37036
0.37036
0.37036
0.37036
0.37036
0.37036
0.37036
0.370361
0.370562
0.370519
0.370505
0.370503
0.370501
0.370497
0.370491
0.370484
0.370477
0.37047
0.370464
0.370458
0.370453
0.370448
0.370444
0.370441
0.370438
0.370435
0.370433
0.370431
0.370429
0.370427
0.370426
0.370425
0.370424
0.370423
0.370423
0.370423
0.370422
0.370422
0.370422
0.370422
0.370422
0.370422
0.370422
0.370422
0.370422
0.370422
0.370422
0.370423
0.370561
0.37052
0.370507
0.370507
0.370507
0.370505
0.370503
0.3705
0.370497
0.370494
0.370491
0.370488
0.370485
0.370483
0.370481
0.370479
0.370477
0.370476
0.370474
0.370473
0.370472
0.370471
0.370471
0.37047
0.370469
0.370469
0.370469
0.370469
0.370469
0.370468
0.370468
0.370468
0.370468
0.370468
0.370468
0.370468
0.370468
0.370469
0.370469
0.370469
0.37056
0.370521
0.370508
0.370508
0.370509
0.370509
0.370508
0.370507
0.370506
0.370505
0.370504
0.370503
0.370502
0.370502
0.370501
0.3705
0.3705
0.370499
0.370499
0.370498
0.370498
0.370497
0.370497
0.370497
0.370497
0.370496
0.370496
0.370496
0.370496
0.370496
0.370496
0.370496
0.370496
0.370497
0.370497
0.370497
0.370497
0.370497
0.370497
0.370497
0.370558
0.370522
0.370508
0.370509
0.37051
0.37051
0.37051
0.37051
0.37051
0.37051
0.37051
0.37051
0.37051
0.37051
0.37051
0.37051
0.37051
0.37051
0.37051
0.37051
0.37051
0.37051
0.37051
0.37051
0.370509
0.370509
0.370509
0.37051
0.37051
0.37051
0.37051
0.37051
0.37051
0.37051
0.37051
0.37051
0.37051
0.37051
0.37051
0.37051
0.370557
0.370523
0.370509
0.370509
0.37051
0.370511
0.370511
0.370511
0.370511
0.370512
0.370512
0.370512
0.370513
0.370513
0.370513
0.370514
0.370514
0.370514
0.370514
0.370514
0.370514
0.370514
0.370514
0.370514
0.370514
0.370514
0.370514
0.370514
0.370514
0.370515
0.370515
0.370515
0.370515
0.370515
0.370515
0.370515
0.370515
0.370515
0.370515
0.370515
0.370555
0.370524
0.37051
0.370509
0.37051
0.370511
0.370511
0.370511
0.370512
0.370512
0.370513
0.370513
0.370514
0.370514
0.370514
0.370515
0.370515
0.370515
0.370515
0.370515
0.370515
0.370516
0.370516
0.370516
0.370516
0.370516
0.370516
0.370516
0.370516
0.370516
0.370516
0.370516
0.370516
0.370516
0.370516
0.370516
0.370516
0.370516
0.370516
0.370516
0.370553
0.370524
0.37051
0.370509
0.370511
0.370511
0.370511
0.370512
0.370512
0.370512
0.370513
0.370513
0.370514
0.370514
0.370515
0.370515
0.370515
0.370516
0.370516
0.370516
0.370516
0.370516
0.370516
0.370516
0.370516
0.370516
0.370516
0.370516
0.370516
0.370516
0.370516
0.370516
0.370517
0.370517
0.370517
0.370517
0.370517
0.370517
0.370517
0.370517
0.370551
0.370525
0.370511
0.37051
0.370511
0.370511
0.370511
0.370512
0.370512
0.370512
0.370513
0.370513
0.370514
0.370514
0.370515
0.370515
0.370515
0.370516
0.370516
0.370516
0.370516
0.370516
0.370516
0.370516
0.370516
0.370516
0.370516
0.370516
0.370516
0.370516
0.370516
0.370516
0.370517
0.370517
0.370517
0.370517
0.370517
0.370517
0.370517
0.370517
0.370549
0.370526
0.370512
0.37051
0.370511
0.370512
0.370512
0.370512
0.370512
0.370512
0.370513
0.370513
0.370514
0.370514
0.370515
0.370515
0.370515
0.370516
0.370516
0.370516
0.370516
0.370516
0.370516
0.370516
0.370516
0.370516
0.370516
0.370516
0.370516
0.370516
0.370516
0.370517
0.370517
0.370517
0.370517
0.370517
0.370517
0.370517
0.370517
0.370517
0.370547
0.370526
0.370513
0.370511
0.370511
0.370512
0.370512
0.370512
0.370512
0.370513
0.370513
0.370513
0.370514
0.370514
0.370515
0.370515
0.370515
0.370516
0.370516
0.370516
0.370516
0.370516
0.370516
0.370516
0.370516
0.370516
0.370516
0.370516
0.370516
0.370516
0.370516
0.370517
0.370517
0.370517
0.370517
0.370517
0.370517
0.370517
0.370517
0.370517
0.370545
0.370527
0.370513
0.370511
0.370512
0.370512
0.370512
0.370512
0.370512
0.370513
0.370513
0.370514
0.370514
0.370514
0.370515
0.370515
0.370515
0.370516
0.370516
0.370516
0.370516
0.370516
0.370516
0.370516
0.370516
0.370516
0.370516
0.370516
0.370516
0.370516
0.370516
0.370517
0.370517
0.370517
0.370517
0.370517
0.370517
0.370517
0.370517
0.370517
0.370543
0.370527
0.370514
0.370512
0.370512
0.370512
0.370512
0.370512
0.370513
0.370513
0.370513
0.370514
0.370514
0.370515
0.370515
0.370515
0.370515
0.370516
0.370516
0.370516
0.370516
0.370516
0.370516
0.370516
0.370516
0.370516
0.370516
0.370516
0.370516
0.370516
0.370516
0.370517
0.370517
0.370517
0.370517
0.370517
0.370517
0.370517
0.370517
0.370517
0.370541
0.370527
0.370515
0.370512
0.370512
0.370513
0.370512
0.370513
0.370513
0.370513
0.370513
0.370514
0.370514
0.370515
0.370515
0.370515
0.370515
0.370516
0.370516
0.370516
0.370516
0.370516
0.370516
0.370516
0.370516
0.370516
0.370516
0.370516
0.370516
0.370516
0.370516
0.370517
0.370517
0.370517
0.370517
0.370517
0.370517
0.370517
0.370517
0.370517
0.370539
0.370527
0.370516
0.370513
0.370513
0.370513
0.370513
0.370513
0.370513
0.370513
0.370514
0.370514
0.370514
0.370515
0.370515
0.370515
0.370515
0.370516
0.370516
0.370516
0.370516
0.370516
0.370516
0.370516
0.370516
0.370516
0.370516
0.370516
0.370516
0.370516
0.370516
0.370517
0.370517
0.370517
0.370517
0.370517
0.370517
0.370517
0.370517
0.370517
0.370537
0.370527
0.370517
0.370513
0.370513
0.370513
0.370513
0.370513
0.370513
0.370513
0.370514
0.370514
0.370514
0.370515
0.370515
0.370515
0.370515
0.370516
0.370516
0.370516
0.370516
0.370516
0.370516
0.370516
0.370516
0.370516
0.370516
0.370516
0.370516
0.370516
0.370516
0.370516
0.370517
0.370517
0.370517
0.370517
0.370517
0.370517
0.370517
0.370517
0.370535
0.370527
0.370518
0.370514
0.370514
0.370514
0.370513
0.370513
0.370513
0.370514
0.370514
0.370514
0.370515
0.370515
0.370515
0.370515
0.370516
0.370516
0.370516
0.370516
0.370516
0.370516
0.370516
0.370516
0.370516
0.370516
0.370516
0.370516
0.370516
0.370516
0.370517
0.370517
0.370517
0.370517
0.370517
0.370517
0.370517
0.370517
0.370517
0.370517
0.370533
0.370526
0.370518
0.370515
0.370514
0.370514
0.370514
0.370514
0.370514
0.370514
0.370514
0.370514
0.370514
0.370515
0.370515
0.370515
0.370515
0.370515
0.370515
0.370515
0.370516
0.370516
0.370516
0.370516
0.370516
0.370516
0.370516
0.370516
0.370516
0.370516
0.370516
0.370516
0.370517
0.370517
0.370517
0.370517
0.370517
0.370517
0.370517
0.370517
0.370531
0.370526
0.370519
0.370515
0.370515
0.370514
0.370514
0.370514
0.370514
0.370514
0.370515
0.370515
0.370515
0.370516
0.370516
0.370516
0.370516
0.370516
0.370516
0.370516
0.370516
0.370516
0.370516
0.370516
0.370516
0.370516
0.370516
0.370516
0.370517
0.370517
0.370517
0.370517
0.370517
0.370517
0.370517
0.370517
0.370517
0.370517
0.370517
0.370517
0.370529
0.370525
0.370519
0.370516
0.370515
0.370515
0.370514
0.370514
0.370514
0.370514
0.370514
0.370514
0.370514
0.370514
0.370514
0.370514
0.370515
0.370515
0.370515
0.370515
0.370515
0.370515
0.370516
0.370516
0.370516
0.370516
0.370516
0.370516
0.370516
0.370516
0.370516
0.370516
0.370516
0.370517
0.370517
0.370517
0.370517
0.370517
0.370517
0.370517
0.370528
0.370525
0.37052
0.370517
0.370516
0.370516
0.370516
0.370516
0.370516
0.370516
0.370516
0.370517
0.370517
0.370517
0.370517
0.370517
0.370517
0.370517
0.370517
0.370517
0.370517
0.370517
0.370517
0.370517
0.370517
0.370517
0.370517
0.370517
0.370517
0.370517
0.370517
0.370517
0.370517
0.370517
0.370517
0.370517
0.370517
0.370517
0.370517
0.370517
0.370526
0.370523
0.370519
0.370516
0.370515
0.370514
0.370513
0.370513
0.370512
0.370512
0.370512
0.370512
0.370513
0.370513
0.370513
0.370513
0.370514
0.370514
0.370514
0.370515
0.370515
0.370515
0.370515
0.370515
0.370516
0.370516
0.370516
0.370516
0.370516
0.370516
0.370516
0.370516
0.370516
0.370517
0.370517
0.370517
0.370517
0.370517
0.370517
0.370517
0.370526
0.370525
0.370523
0.370521
0.370521
0.370521
0.370521
0.370521
0.37052
0.37052
0.37052
0.37052
0.37052
0.37052
0.370519
0.370519
0.370519
0.370518
0.370518
0.370518
0.370518
0.370518
0.370517
0.370517
0.370517
0.370517
0.370517
0.370517
0.370517
0.370517
0.370517
0.370517
0.370517
0.370517
0.370517
0.370517
0.370517
0.370517
0.370517
0.370517
0.370519
0.370516
0.370513
0.370511
0.37051
0.370509
0.370509
0.370509
0.370509
0.370509
0.37051
0.37051
0.370511
0.370511
0.370512
0.370512
0.370513
0.370513
0.370514
0.370514
0.370515
0.370515
0.370515
0.370515
0.370516
0.370516
0.370516
0.370516
0.370516
0.370516
0.370516
0.370516
0.370517
0.370517
0.370517
0.370517
0.370517
0.370517
0.370517
0.370517
0.370533
0.370534
0.370534
0.370533
0.370531
0.37053
0.370529
0.370528
0.370527
0.370525
0.370524
0.370523
0.370522
0.370522
0.370521
0.37052
0.37052
0.370519
0.370519
0.370518
0.370518
0.370518
0.370517
0.370517
0.370517
0.370517
0.370517
0.370517
0.370517
0.370517
0.370517
0.370517
0.370517
0.370517
0.370517
0.370517
0.370517
0.370517
0.370517
0.370517
)
;

boundaryField
{
    inlet
    {
        type            calculated;
        value           nonuniform List<scalar> 
36
(
0.370521
0.370521
0.370521
0.370521
0.370521
0.370521
0.370521
0.370521
0.370521
0.370521
0.370521
0.370521
0.370521
0.370521
0.370521
0.370521
0.370521
0.370521
0.370521
0.370521
0.370521
0.370521
0.370521
0.370521
0.370521
0.37052
0.37052
0.37052
0.37052
0.37052
0.37052
0.370519
0.370519
0.370519
0.370518
0.370518
)
;
    }
    outlet
    {
        type            calculated;
        value           nonuniform List<scalar> 
36
(
0.370095
0.370095
0.370095
0.370095
0.370097
0.370103
0.370115
0.370138
0.370175
0.370227
0.370291
0.370361
0.370423
0.370469
0.370497
0.37051
0.370515
0.370517
0.370517
0.370517
0.370517
0.370517
0.370517
0.370517
0.370517
0.370517
0.370517
0.370517
0.370517
0.370517
0.370517
0.370517
0.370517
0.370517
0.370517
0.370517
)
;
    }
    plate
    {
        type            calculated;
        value           nonuniform List<scalar> 
40
(
0.370111
0.370086
0.370094
0.370107
0.370116
0.370121
0.370123
0.370124
0.370121
0.37012
0.370116
0.370113
0.370109
0.370106
0.370104
0.370101
0.3701
0.370098
0.370097
0.370096
0.370096
0.370095
0.370095
0.370095
0.370095
0.370095
0.370095
0.370095
0.370095
0.370095
0.370095
0.370095
0.370095
0.370095
0.370095
0.370095
0.370095
0.370095
0.370095
0.370095
)
;
    }
    farfield
    {
        type            calculated;
        value           uniform 0.370517;
    }
    upstreamSlip
    {
        type            symmetry;
    }
    frontAndBack
    {
        type            empty;
    }
}


// ************************************************************************* //
