/*--------------------------------*- C++ -*----------------------------------*\
| =========                 |                                                 |
| \\      /  F ield         | OpenFOAM: The Open Source CFD Toolbox           |
|  \\    /   O peration     | Version:  2512                                  |
|   \\  /    A nd           | Website:  www.openfoam.com                      |
|    \\/     M anipulation  |                                                 |
\*---------------------------------------------------------------------------*/
FoamFile
{
    version     2.0;
    format      ascii;
    arch        "LSB;label=32;scalar=64";
    class       volScalarField;
    location    "0.00496967";
    object      T;
}
// * * * * * * * * * * * * * * * * * * * * * * * * * * * * * * * * * * * * * //

dimensions      [0 0 0 1 0 0 0];

internalField   nonuniform List<scalar> 
1800
(
388.89
388.89
388.891
388.891
388.892
388.893
388.895
388.895
388.916
388.86
388.89
388.89
388.891
388.891
388.892
388.893
388.895
388.895
388.916
388.86
388.89
388.89
388.891
388.891
388.892
388.893
388.895
388.895
388.916
388.863
388.89
388.89
388.891
388.891
388.892
388.893
388.895
388.895
388.915
388.869
388.89
388.89
388.891
388.891
388.892
388.893
388.895
388.896
388.914
388.877
388.89
388.89
388.891
388.891
388.892
388.893
388.895
388.896
388.912
388.885
388.89
388.89
388.891
388.891
388.892
388.893
388.895
388.896
388.911
388.893
388.89
388.89
388.891
388.891
388.892
388.893
388.895
388.896
388.909
388.898
388.89
388.89
388.891
388.891
388.892
388.893
388.895
388.896
388.908
388.902
388.89
388.89
388.891
388.891
388.892
388.893
388.895
388.896
388.908
388.903
388.89
388.89
388.891
388.891
388.892
388.893
388.895
388.897
388.907
388.904
388.89
388.89
388.891
388.891
388.892
388.893
388.895
388.897
388.906
388.904
388.89
388.89
388.891
388.891
388.892
388.893
388.895
388.897
388.906
388.904
388.89
388.89
388.891
388.891
388.892
388.893
388.895
388.897
388.905
388.904
388.89
388.89
388.891
388.891
388.892
388.893
388.895
388.897
388.905
388.903
388.89
388.89
388.891
388.891
388.892
388.893
388.895
388.897
388.904
388.903
388.89
388.89
388.891
388.891
388.892
388.893
388.895
388.897
388.904
388.902
388.89
388.89
388.891
388.891
388.892
388.893
388.895
388.897
388.903
388.902
388.89
388.89
388.891
388.891
388.892
388.893
388.895
388.897
388.903
388.901
388.89
388.89
388.891
388.891
388.892
388.893
388.895
388.897
388.902
388.901
388.89
388.89
388.891
388.891
388.892
388.893
388.895
388.897
388.901
388.9
388.89
388.89
388.891
388.891
388.892
388.893
388.894
388.896
388.9
388.899
388.89
388.89
388.891
388.891
388.892
388.893
388.894
388.896
388.9
388.899
388.89
388.89
388.891
388.891
388.892
388.893
388.894
388.896
388.899
388.898
388.89
388.89
388.891
388.891
388.892
388.893
388.894
388.896
388.898
388.897
388.89
388.89
388.891
388.891
388.892
388.893
388.894
388.896
388.898
388.897
388.89
388.89
388.891
388.891
388.892
388.893
388.894
388.895
388.897
388.896
388.89
388.89
388.891
388.891
388.892
388.893
388.894
388.895
388.896
388.895
388.89
388.89
388.891
388.891
388.892
388.892
388.893
388.895
388.896
388.895
388.89
388.89
388.891
388.891
388.892
388.892
388.893
388.894
388.895
388.894
388.89
388.89
388.891
388.891
388.891
388.892
388.893
388.894
388.894
388.894
388.89
388.89
388.89
388.891
388.891
388.892
388.893
388.893
388.894
388.893
388.89
388.89
388.89
388.891
388.891
388.892
388.892
388.893
388.893
388.893
388.89
388.89
388.89
388.891
388.891
388.892
388.892
388.893
388.893
388.893
388.89
388.89
388.89
388.89
388.89
388.891
388.891
388.891
388.891
388.89
388.89
388.891
388.891
388.891
388.892
388.893
388.893
388.894
388.895
388.895
389.37
389.334
389.316
389.305
389.298
389.294
389.292
389.292
389.295
389.298
389.303
389.307
389.312
389.316
389.319
389.323
389.325
389.328
389.329
389.33
389.331
389.332
389.332
389.333
389.333
389.333
389.333
389.333
389.333
389.333
389.333
389.333
389.333
389.333
389.333
389.333
389.333
389.333
389.333
389.333
389.311
389.329
389.315
389.305
389.298
389.294
389.292
389.292
389.295
389.297
389.302
389.306
389.311
389.315
389.319
389.322
389.325
389.327
389.329
389.33
389.331
389.332
389.332
389.333
389.333
389.333
389.333
389.333
389.333
389.333
389.333
389.333
389.333
389.333
389.333
389.333
389.333
389.333
389.333
389.333
389.215
389.302
389.308
389.302
389.297
389.293
389.291
389.291
389.293
389.296
389.301
389.305
389.309
389.314
389.317
389.321
389.324
389.326
389.328
389.33
389.331
389.331
389.332
389.333
389.333
389.333
389.333
389.333
389.333
389.333
389.333
389.333
389.333
389.333
389.333
389.333
389.333
389.333
389.333
389.333
389.116
389.242
389.282
389.291
389.291
389.289
389.288
389.288
389.29
389.293
389.298
389.302
389.306
389.311
389.315
389.319
389.322
389.325
389.326
389.328
389.329
389.33
389.331
389.332
389.332
389.332
389.332
389.333
389.333
389.333
389.333
389.333
389.333
389.333
389.333
389.333
389.333
389.333
389.333
389.333
389.032
389.161
389.231
389.262
389.274
389.278
389.28
389.282
389.284
389.287
389.292
389.296
389.301
389.306
389.31
389.314
389.317
389.32
389.323
389.325
389.326
389.328
389.328
389.329
389.33
389.33
389.33
389.33
389.33
389.331
389.331
389.331
389.331
389.331
389.331
389.331
389.331
389.331
389.331
389.33
388.971
389.078
389.159
389.209
389.237
389.253
389.261
389.267
389.272
389.276
389.281
389.286
389.291
389.296
389.301
389.305
389.309
389.312
389.315
389.317
389.319
389.321
389.322
389.323
389.323
389.324
389.324
389.324
389.324
389.325
389.325
389.325
389.325
389.325
389.325
389.325
389.325
389.325
389.325
389.325
388.93
389.006
389.08
389.138
389.18
389.207
389.226
389.238
389.247
389.255
389.261
389.267
389.273
389.278
389.284
389.288
389.293
389.297
389.3
389.303
389.305
389.307
389.308
389.309
389.31
389.311
389.311
389.311
389.312
389.312
389.312
389.312
389.312
389.312
389.312
389.312
389.312
389.312
389.312
389.312
388.907
388.953
389.01
389.063
389.108
389.144
389.171
389.191
389.206
389.218
389.227
389.235
389.243
389.249
389.255
389.261
389.265
389.27
389.273
389.277
389.279
389.281
389.283
389.285
389.286
389.286
389.287
389.287
389.288
389.288
389.288
389.288
389.288
389.288
389.288
389.288
389.288
389.288
389.288
389.288
388.895
388.918
388.956
388.997
389.037
389.072
389.102
389.127
389.147
389.164
389.177
389.188
389.197
389.205
389.212
389.218
389.224
389.228
389.233
389.236
389.239
389.242
389.244
389.245
389.247
389.248
389.248
389.249
389.249
389.249
389.25
389.25
389.25
389.25
389.25
389.25
389.25
389.25
389.25
389.249
388.89
388.899
388.92
388.947
388.976
389.005
389.033
389.058
389.079
389.097
389.112
389.125
389.136
389.145
389.153
389.16
389.166
389.172
389.176
389.18
389.183
389.186
389.188
389.19
389.191
389.192
389.193
389.194
389.194
389.195
389.195
389.195
389.195
389.195
389.195
389.195
389.195
389.195
389.195
389.194
388.888
388.89
388.9
388.915
388.933
388.953
388.974
388.994
389.012
389.029
389.044
389.057
389.068
389.077
389.085
389.092
389.098
389.103
389.108
389.112
389.115
389.118
389.12
389.122
389.123
389.124
389.125
389.126
389.126
389.127
389.127
389.127
389.127
389.127
389.127
389.127
389.127
389.127
389.127
389.126
388.888
388.886
388.89
388.898
388.907
388.919
388.932
388.945
388.958
388.971
388.983
388.993
389.002
389.01
389.017
389.024
389.029
389.034
389.038
389.041
389.044
389.046
389.048
389.05
389.051
389.052
389.053
389.054
389.054
389.054
389.054
389.055
389.055
389.055
389.055
389.055
389.055
389.055
389.055
389.054
388.888
388.884
388.886
388.89
388.894
388.9
388.906
388.914
388.922
388.93
388.937
388.944
388.951
388.956
388.962
388.966
388.97
388.973
388.976
388.979
388.981
388.983
388.985
388.986
388.987
388.987
388.988
388.989
388.989
388.989
388.989
388.989
388.989
388.989
388.989
388.989
388.989
388.989
388.989
388.989
388.889
388.884
388.885
388.887
388.888
388.891
388.893
388.897
388.901
388.905
388.909
388.913
388.917
388.92
388.923
388.926
388.929
388.931
388.933
388.934
388.936
388.937
388.938
388.938
388.939
388.94
388.94
388.94
388.94
388.94
388.94
388.94
388.94
388.94
388.94
388.94
388.94
388.94
388.94
388.94
388.889
388.884
388.885
388.885
388.886
388.887
388.888
388.889
388.891
388.893
388.895
388.897
388.899
388.901
388.902
388.904
388.905
388.906
388.907
388.908
388.909
388.909
388.91
388.91
388.911
388.911
388.911
388.911
388.911
388.911
388.911
388.911
388.911
388.911
388.911
388.911
388.911
388.911
388.911
388.911
388.889
388.885
388.885
388.885
388.885
388.886
388.886
388.887
388.887
388.888
388.889
388.89
388.891
388.892
388.893
388.893
388.894
388.895
388.895
388.896
388.896
388.896
388.897
388.897
388.897
388.897
388.897
388.897
388.897
388.897
388.897
388.897
388.897
388.897
388.897
388.897
388.897
388.897
388.897
388.897
388.89
388.885
388.885
388.885
388.885
388.885
388.886
388.886
388.886
388.887
388.887
388.888
388.888
388.889
388.889
388.89
388.89
388.89
388.891
388.891
388.891
388.892
388.892
388.892
388.892
388.892
388.892
388.892
388.892
388.892
388.892
388.892
388.892
388.892
388.892
388.892
388.892
388.892
388.892
388.891
388.89
388.885
388.885
388.885
388.885
388.885
388.886
388.886
388.886
388.886
388.887
388.887
388.887
388.888
388.888
388.889
388.889
388.889
388.89
388.89
388.89
388.89
388.89
388.891
388.891
388.891
388.891
388.891
388.891
388.891
388.89
388.89
388.89
388.89
388.89
388.89
388.89
388.89
388.89
388.89
388.89
388.885
388.885
388.885
388.886
388.886
388.886
388.886
388.886
388.886
388.887
388.887
388.887
388.888
388.888
388.888
388.889
388.889
388.889
388.89
388.89
388.89
388.89
388.89
388.89
388.89
388.89
388.89
388.89
388.89
388.89
388.89
388.89
388.89
388.89
388.89
388.89
388.89
388.89
388.89
388.891
388.886
388.885
388.886
388.886
388.886
388.886
388.886
388.886
388.886
388.887
388.887
388.887
388.888
388.888
388.888
388.889
388.889
388.889
388.89
388.89
388.89
388.89
388.89
388.89
388.89
388.89
388.89
388.89
388.89
388.89
388.89
388.89
388.89
388.89
388.89
388.89
388.89
388.89
388.89
388.891
388.886
388.885
388.886
388.886
388.886
388.886
388.886
388.886
388.886
388.887
388.887
388.887
388.888
388.888
388.888
388.889
388.889
388.889
388.89
388.89
388.89
388.89
388.89
388.89
388.89
388.89
388.89
388.89
388.89
388.89
388.89
388.89
388.89
388.89
388.89
388.89
388.89
388.89
388.89
388.891
388.886
388.886
388.886
388.886
388.886
388.886
388.886
388.886
388.886
388.887
388.887
388.887
388.888
388.888
388.888
388.889
388.889
388.889
388.89
388.89
388.89
388.89
388.89
388.89
388.89
388.89
388.89
388.89
388.89
388.89
388.89
388.89
388.89
388.89
388.89
388.89
388.89
388.89
388.89
388.891
388.887
388.886
388.886
388.886
388.886
388.886
388.886
388.886
388.887
388.887
388.887
388.887
388.888
388.888
388.888
388.889
388.889
388.889
388.89
388.89
388.89
388.89
388.89
388.89
388.89
388.89
388.89
388.89
388.89
388.89
388.89
388.89
388.89
388.89
388.89
388.89
388.89
388.89
388.89
388.892
388.887
388.886
388.886
388.886
388.886
388.886
388.886
388.886
388.887
388.887
388.887
388.888
388.888
388.888
388.888
388.889
388.889
388.889
388.89
388.89
388.89
388.89
388.89
388.89
388.89
388.89
388.89
388.89
388.89
388.89
388.89
388.89
388.89
388.89
388.89
388.89
388.89
388.89
388.89
388.892
388.887
388.886
388.886
388.886
388.886
388.886
388.886
388.887
388.887
388.887
388.887
388.888
388.888
388.888
388.889
388.889
388.889
388.889
388.89
388.89
388.89
388.89
388.89
388.89
388.89
388.89
388.89
388.89
388.89
388.89
388.89
388.89
388.89
388.89
388.89
388.89
388.89
388.89
388.89
388.892
388.888
388.887
388.887
388.887
388.886
388.886
388.887
388.887
388.887
388.887
388.887
388.888
388.888
388.888
388.889
388.889
388.889
388.889
388.89
388.89
388.89
388.89
388.89
388.89
388.89
388.89
388.89
388.89
388.89
388.89
388.89
388.89
388.89
388.89
388.89
388.89
388.89
388.89
388.89
388.892
388.888
388.887
388.887
388.887
388.887
388.887
388.887
388.887
388.887
388.887
388.888
388.888
388.888
388.888
388.889
388.889
388.889
388.889
388.89
388.89
388.89
388.89
388.89
388.89
388.89
388.89
388.89
388.89
388.89
388.89
388.89
388.89
388.89
388.89
388.89
388.89
388.89
388.89
388.89
388.892
388.889
388.887
388.887
388.887
388.887
388.887
388.887
388.887
388.887
388.887
388.888
388.888
388.888
388.888
388.889
388.889
388.889
388.889
388.89
388.89
388.89
388.89
388.89
388.89
388.89
388.89
388.89
388.89
388.89
388.89
388.89
388.89
388.89
388.89
388.89
388.89
388.89
388.89
388.89
388.892
388.889
388.888
388.887
388.887
388.887
388.887
388.887
388.887
388.887
388.888
388.888
388.888
388.888
388.888
388.889
388.889
388.889
388.889
388.89
388.89
388.89
388.89
388.89
388.89
388.89
388.89
388.89
388.89
388.89
388.89
388.89
388.89
388.89
388.89
388.89
388.89
388.89
388.89
388.89
388.892
388.889
388.888
388.888
388.887
388.887
388.887
388.887
388.887
388.888
388.888
388.888
388.888
388.889
388.889
388.889
388.889
388.889
388.89
388.89
388.89
388.89
388.89
388.89
388.89
388.89
388.89
388.89
388.89
388.89
388.89
388.89
388.89
388.89
388.89
388.89
388.89
388.89
388.89
388.89
388.892
388.89
388.888
388.888
388.888
388.888
388.887
388.887
388.887
388.888
388.888
388.888
388.888
388.888
388.888
388.889
388.889
388.889
388.889
388.89
388.89
388.89
388.89
388.89
388.89
388.89
388.89
388.89
388.89
388.89
388.89
388.89
388.89
388.89
388.89
388.89
388.89
388.89
388.89
388.89
388.892
388.89
388.889
388.888
388.888
388.888
388.888
388.888
388.888
388.888
388.889
388.889
388.889
388.889
388.889
388.889
388.889
388.89
388.89
388.89
388.89
388.89
388.89
388.89
388.89
388.89
388.89
388.89
388.89
388.89
388.89
388.89
388.89
388.89
388.89
388.89
388.89
388.89
388.89
388.89
388.891
388.89
388.889
388.888
388.888
388.888
388.888
388.888
388.888
388.888
388.888
388.888
388.888
388.888
388.889
388.889
388.889
388.889
388.889
388.889
388.89
388.89
388.89
388.89
388.89
388.89
388.89
388.89
388.89
388.89
388.89
388.89
388.89
388.89
388.89
388.89
388.89
388.89
388.89
388.89
388.892
388.891
388.891
388.89
388.89
388.89
388.89
388.889
388.889
388.889
388.889
388.889
388.889
388.889
388.889
388.889
388.889
388.89
388.89
388.89
388.89
388.89
388.89
388.89
388.89
388.89
388.89
388.89
388.89
388.89
388.89
388.89
388.89
388.89
388.89
388.89
388.89
388.89
388.89
388.89
388.89
388.888
388.888
388.887
388.887
388.887
388.887
388.887
388.888
388.888
388.888
388.888
388.889
388.889
388.889
388.889
388.889
388.89
388.89
388.89
388.89
388.89
388.89
388.89
388.89
388.89
388.89
388.89
388.89
388.89
388.89
388.89
388.89
388.89
388.89
388.89
388.89
388.89
388.89
388.89
388.895
388.895
388.894
388.893
388.893
388.892
388.891
388.891
388.89
388.89
388.89
388.889
388.889
388.889
388.889
388.889
388.889
388.889
388.889
388.89
388.89
388.89
388.89
388.89
388.89
388.89
388.89
388.89
388.89
388.89
388.89
388.89
388.89
388.89
388.89
388.89
388.89
388.89
388.89
388.89
)
;

boundaryField
{
    inlet
    {
        type            fixedValue;
        value           uniform 388.89;
    }
    outlet
    {
        type            zeroGradient;
    }
    plate
    {
        type            zeroGradient;
    }
    farfield
    {
        type            fixedValue;
        value           uniform 388.89;
    }
    upstreamSlip
    {
        type            symmetry;
    }
    frontAndBack
    {
        type            empty;
    }
}


// ************************************************************************* //
