/*--------------------------------*- C++ -*----------------------------------*\
| =========                 |                                                 |
| \\      /  F ield         | OpenFOAM: The Open Source CFD Toolbox           |
|  \\    /   O peration     | Version:  2512                                  |
|   \\  /    A nd           | Website:  www.openfoam.com                      |
|    \\/     M anipulation  |                                                 |
\*---------------------------------------------------------------------------*/
FoamFile
{
    version     2.0;
    format      ascii;
    arch        "LSB;label=32;scalar=64";
    class       volVectorField;
    location    "0.00496967";
    object      U;
}
// * * * * * * * * * * * * * * * * * * * * * * * * * * * * * * * * * * * * * //

dimensions      [0 1 -1 0 0 0 0];

internalField   nonuniform List<vector> 
1800
(
(39.5288 1.54947e-05 0)
(39.5246 2.95123e-05 0)
(39.5166 4.83332e-05 0)
(39.5044 7.1494e-05 0)
(39.4867 0.000103132 0)
(39.4611 0.000152536 0)
(39.4225 0.000235752 0)
(39.3621 0.000526685 0)
(39.1859 0.000806733 0)
(39.1071 0.0811204 0)
(39.5288 4.83998e-05 0)
(39.5246 9.21134e-05 0)
(39.5166 0.000150858 0)
(39.5044 0.000223061 0)
(39.4867 0.000321761 0)
(39.4611 0.000475827 0)
(39.4225 0.000735535 0)
(39.3621 0.00164138 0)
(39.1866 0.0025088 0)
(39.1086 0.193366 0)
(39.5288 8.51314e-05 0)
(39.5246 0.000162205 0)
(39.5166 0.000265487 0)
(39.5044 0.000392533 0)
(39.4867 0.000566202 0)
(39.4611 0.00083718 0)
(39.4225 0.00129439 0)
(39.3622 0.00287358 0)
(39.1881 0.00442532 0)
(39.1112 0.275934 0)
(39.5288 0.000125923 0)
(39.5246 0.000240626 0)
(39.5166 0.00039347 0)
(39.5044 0.000581733 0)
(39.4867 0.000839104 0)
(39.4611 0.00124021 0)
(39.4225 0.00191831 0)
(39.3622 0.00421824 0)
(39.1902 0.00662564 0)
(39.1147 0.327762 0)
(39.5288 0.000171283 0)
(39.5246 0.000328461 0)
(39.5166 0.000536457 0)
(39.5044 0.000793083 0)
(39.4867 0.00114393 0)
(39.4611 0.00168998 0)
(39.4225 0.00261527 0)
(39.3622 0.00568163 0)
(39.1928 0.00915894 0)
(39.1189 0.359021 0)
(39.5288 0.000221738 0)
(39.5246 0.000426888 0)
(39.5166 0.000696241 0)
(39.5044 0.00102921 0)
(39.4867 0.00148447 0)
(39.4611 0.00219189 0)
(39.4226 0.00339384 0)
(39.3623 0.00727156 0)
(39.1958 0.0120684 0)
(39.1237 0.377196 0)
(39.5288 0.000277845 0)
(39.5246 0.000537177 0)
(39.5166 0.000874779 0)
(39.5044 0.00129298 0)
(39.4867 0.00186483 0)
(39.4611 0.00275186 0)
(39.4226 0.00426328 0)
(39.3624 0.00899658 0)
(39.1992 0.0153976 0)
(39.1291 0.386713 0)
(39.5288 0.000340223 0)
(39.5246 0.000660751 0)
(39.5166 0.00107426 0)
(39.5044 0.0015876 0)
(39.4867 0.00228963 0)
(39.4612 0.00337647 0)
(39.4227 0.00523377 0)
(39.3625 0.010867 0)
(39.203 0.0191887 0)
(39.1352 0.390432 0)
(39.5288 0.000409571 0)
(39.5246 0.000799195 0)
(39.5166 0.00129712 0)
(39.5044 0.00191665 0)
(39.4867 0.00276401 0)
(39.4612 0.00407308 0)
(39.4228 0.00631654 0)
(39.3626 0.0128956 0)
(39.2072 0.0234794 0)
(39.1419 0.39038 0)
(39.5288 0.000486683 0)
(39.5246 0.000954271 0)
(39.5166 0.00154611 0)
(39.5044 0.00228414 0)
(39.4867 0.00329369 0)
(39.4612 0.0048499 0)
(39.4229 0.00752383 0)
(39.3629 0.0150979 0)
(39.2119 0.0283001 0)
(39.1492 0.387943 0)
(39.5288 0.000572451 0)
(39.5246 0.00112793 0)
(39.5166 0.00182428 0)
(39.5044 0.00269451 0)
(39.4867 0.00388505 0)
(39.4613 0.00571602 0)
(39.423 0.00886902 0)
(39.3632 0.0174923 0)
(39.217 0.0336715 0)
(39.1572 0.383988 0)
(39.5288 0.000667884 0)
(39.5246 0.00132234 0)
(39.5167 0.00213501 0)
(39.5044 0.00315273 0)
(39.4868 0.00454515 0)
(39.4613 0.00668153 0)
(39.4232 0.0103667 0)
(39.3636 0.0200998 0)
(39.2226 0.0396021 0)
(39.1658 0.37901 0)
(39.5288 0.000774118 0)
(39.5246 0.0015399 0)
(39.5167 0.00248211 0)
(39.5044 0.0036643 0)
(39.4868 0.00528184 0)
(39.4614 0.00775758 0)
(39.4234 0.0120324 0)
(39.3641 0.0229437 0)
(39.2287 0.0460863 0)
(39.1753 0.373275 0)
(39.5288 0.000892427 0)
(39.5246 0.00178325 0)
(39.5167 0.00286976 0)
(39.5045 0.00423533 0)
(39.4869 0.00610378 0)
(39.4615 0.0089564 0)
(39.4237 0.0138832 0)
(39.3648 0.0260488 0)
(39.2353 0.0531023 0)
(39.1855 0.366919 0)
(39.5288 0.00102424 0)
(39.5246 0.00205531 0)
(39.5167 0.00330262 0)
(39.5045 0.00487257 0)
(39.4869 0.00702048 0)
(39.4617 0.0102913 0)
(39.4241 0.0159367 0)
(39.3657 0.0294406 0)
(39.2425 0.0606106 0)
(39.1964 0.360021 0)
(39.5288 0.00117115 0)
(39.5246 0.00235931 0)
(39.5167 0.00378584 0)
(39.5046 0.00558345 0)
(39.487 0.00804238 0)
(39.4619 0.0117768 0)
(39.4245 0.0182118 0)
(39.3668 0.033144 0)
(39.2503 0.0685535 0)
(39.2082 0.352633 0)
(39.5288 0.00133491 0)
(39.5246 0.00269879 0)
(39.5167 0.00432506 0)
(39.5046 0.00637609 0)
(39.4871 0.00918081 0)
(39.4621 0.0134283 0)
(39.425 0.0207277 0)
(39.3682 0.0371815 0)
(39.2588 0.0768544 0)
(39.2207 0.344808 0)
(39.5288 0.00151749 0)
(39.5247 0.00307763 0)
(39.5168 0.00492646 0)
(39.5047 0.00725936 0)
(39.4873 0.010448 0)
(39.4624 0.0152621 0)
(39.4257 0.0235035 0)
(39.3699 0.0415711 0)
(39.2678 0.085419 0)
(39.234 0.336606 0)
(39.5288 0.00172101 0)
(39.5247 0.00350007 0)
(39.5168 0.00559677 0)
(39.5048 0.00824284 0)
(39.4875 0.011857 0)
(39.4627 0.0172954 0)
(39.4266 0.0265578 0)
(39.372 0.0463244 0)
(39.2775 0.0941364 0)
(39.2479 0.328092 0)
(39.5288 0.00194781 0)
(39.5247 0.0039707 0)
(39.5169 0.00634323 0)
(39.5049 0.00933677 0)
(39.4877 0.0134216 0)
(39.4632 0.0195453 0)
(39.4276 0.0299077 0)
(39.3745 0.051444 0)
(39.2878 0.102882 0)
(39.2626 0.319341 0)
(39.5288 0.00220042 0)
(39.5247 0.00449446 0)
(39.5169 0.00717356 0)
(39.505 0.010552 0)
(39.488 0.015156 0)
(39.4638 0.022029 0)
(39.4288 0.0335675 0)
(39.3776 0.056921 0)
(39.2987 0.111522 0)
(39.2778 0.31043 0)
(39.5288 0.00248153 0)
(39.5247 0.00507661 0)
(39.517 0.00809589 0)
(39.5052 0.0118996 0)
(39.4883 0.0170745 0)
(39.4645 0.0247623 0)
(39.4304 0.0375468 0)
(39.3812 0.0627326 0)
(39.3101 0.119916 0)
(39.2934 0.30144 0)
(39.5288 0.00279399 0)
(39.5248 0.00572265 0)
(39.5171 0.00911858 0)
(39.5054 0.0133911 0)
(39.4888 0.0191911 0)
(39.4653 0.0277593 0)
(39.4322 0.0418494 0)
(39.3854 0.0688403 0)
(39.3222 0.127926 0)
(39.3094 0.292448 0)
(39.5288 0.00314077 0)
(39.5248 0.00643824 0)
(39.5173 0.01025 0)
(39.5057 0.0150373 0)
(39.4893 0.0215184 0)
(39.4664 0.0310306 0)
(39.4344 0.0464707 0)
(39.3903 0.0751885 0)
(39.3347 0.135421 0)
(39.3257 0.283527 0)
(39.5289 0.00352487 0)
(39.5249 0.007229 0)
(39.5174 0.0114982 0)
(39.5061 0.0168484 0)
(39.49 0.024067 0)
(39.4677 0.0345819 0)
(39.437 0.0513955 0)
(39.3959 0.0817049 0)
(39.3476 0.142286 0)
(39.342 0.274741 0)
(39.5289 0.00394922 0)
(39.525 0.00810027 0)
(39.5176 0.0128704 0)
(39.5065 0.0188327 0)
(39.4909 0.0268441 0)
(39.4693 0.0384117 0)
(39.4401 0.0565962 0)
(39.4022 0.0883013 0)
(39.3609 0.148426 0)
(39.3583 0.266149 0)
(39.5289 0.00441659 0)
(39.5251 0.00905673 0)
(39.5179 0.0143722 0)
(39.5071 0.0209957 0)
(39.4919 0.0298515 0)
(39.4712 0.0425097 0)
(39.4437 0.0620306 0)
(39.4092 0.0948774 0)
(39.3744 0.153774 0)
(39.3744 0.257799 0)
(39.5289 0.00492939 0)
(39.5252 0.0101019 0)
(39.5182 0.0160067 0)
(39.5077 0.0233382 0)
(39.4931 0.0330839 0)
(39.4735 0.046854 0)
(39.4478 0.0676415 0)
(39.4169 0.101326 0)
(39.388 0.158297 0)
(39.3901 0.249747 0)
(39.5289 0.00548951 0)
(39.5253 0.0112377 0)
(39.5186 0.0177731 0)
(39.5085 0.0258551 0)
(39.4946 0.0365263 0)
(39.4761 0.0514088 0)
(39.4525 0.0733548 0)
(39.4252 0.107529 0)
(39.4017 0.16196 0)
(39.4052 0.241945 0)
(39.529 0.00609822 0)
(39.5255 0.0124629 0)
(39.519 0.0196653 0)
(39.5095 0.0285324 0)
(39.4964 0.0401519 0)
(39.4792 0.0561305 0)
(39.4579 0.0791257 0)
(39.4341 0.113525 0)
(39.4153 0.165154 0)
(39.4197 0.235204 0)
(39.529 0.00675617 0)
(39.5257 0.013773 0)
(39.5195 0.0216689 0)
(39.5106 0.0313419 0)
(39.4985 0.0438841 0)
(39.4828 0.0607842 0)
(39.4638 0.0843328 0)
(39.4435 0.11795 0)
(39.4288 0.165335 0)
(39.4337 0.224834 0)
(39.529 0.00746408 0)
(39.5259 0.0151579 0)
(39.5202 0.0237715 0)
(39.5119 0.0343864 0)
(39.5008 0.0483053 0)
(39.4867 0.0671732 0)
(39.47 0.093213 0)
(39.4528 0.129231 0)
(39.4411 0.177453 0)
(39.4455 0.234865 0)
(39.5291 0.00822481 0)
(39.5261 0.0165537 0)
(39.5209 0.0254096 0)
(39.5136 0.0353999 0)
(39.5041 0.0472333 0)
(39.4922 0.0618901 0)
(39.4786 0.0807106 0)
(39.4652 0.105132 0)
(39.4572 0.135401 0)
(39.4624 0.166949 0)
(39.5291 0.00916837 0)
(39.5261 0.0194451 0)
(39.521 0.0327899 0)
(39.5137 0.0510046 0)
(39.5042 0.0756511 0)
(39.4924 0.108488 0)
(39.4788 0.151558 0)
(39.4653 0.206753 0)
(39.4556 0.274491 0)
(39.4553 0.351012 0)
(39.5295 0.00761001 0)
(39.5283 0.0103014 0)
(39.5264 0.00878893 0)
(39.5237 0.00391586 0)
(39.5202 -0.00420502 0)
(39.516 -0.0158754 0)
(39.5116 -0.0317405 0)
(39.5087 -0.0529538 0)
(39.5099 -0.0816241 0)
(39.5191 -0.121549 0)
(39.5268 0.0229141 0)
(39.5194 0.0530052 0)
(39.5104 0.0928198 0)
(39.4995 0.144474 0)
(39.4859 0.211048 0)
(39.4692 0.2963 0)
(39.4493 0.403937 0)
(39.4273 0.536159 0)
(39.4058 0.691045 0)
(39.3891 0.859112 0)
(9.73094 0.0931841 0)
(4.43241 0.0075827 0)
(3.15814 0.00131865 0)
(2.57336 0.000631254 0)
(2.2358 0.000386163 0)
(2.0137 0.000266005 0)
(1.85717 0.000190803 0)
(1.74447 0.000137176 0)
(1.66377 9.72214e-05 0)
(1.60694 6.69653e-05 0)
(1.5679 4.51468e-05 0)
(1.5418 2.88618e-05 0)
(1.52493 1.79505e-05 0)
(1.51441 1.02939e-05 0)
(1.50814 5.5241e-06 0)
(1.50462 2.56672e-06 0)
(1.50281 7.89433e-07 0)
(1.50204 -1.06294e-07 0)
(1.50185 -6.17495e-07 0)
(1.50198 -7.14901e-07 0)
(1.50224 -7.597e-07 0)
(1.50254 -5.85942e-07 0)
(1.50282 -5.21497e-07 0)
(1.50307 -3.63649e-07 0)
(1.50328 -2.77833e-07 0)
(1.50344 -1.58623e-07 0)
(1.50357 -1.06556e-07 0)
(1.50367 -3.68066e-08 0)
(1.50375 -2.96738e-09 0)
(1.50381 3.59788e-08 0)
(1.50386 5.97655e-08 0)
(1.5039 8.04856e-08 0)
(1.50392 8.63802e-08 0)
(1.50395 1.03062e-07 0)
(1.50396 1.07722e-07 0)
(1.50397 1.17094e-07 0)
(1.50398 1.14485e-07 0)
(1.50399 1.32785e-07 0)
(1.50399 1.41372e-07 0)
(1.50395 3.26749e-07 0)
(21.3123 0.245068 0)
(13.2263 0.061818 0)
(9.77581 0.0195442 0)
(8.01231 0.00977849 0)
(6.96644 0.00595678 0)
(6.27407 0.00403726 0)
(5.78608 0.0028689 0)
(5.43467 0.00205815 0)
(5.18264 0.00146211 0)
(5.00478 0.00101593 0)
(4.88219 0.000689955 0)
(4.79984 0.000452506 0)
(4.74623 0.000287923 0)
(4.71245 0.000175095 0)
(4.692 0.000101367 0)
(4.68025 5.47316e-05 0)
(4.67394 2.58437e-05 0)
(4.67098 9.38961e-06 0)
(4.66993 -1.40421e-07 0)
(4.66998 -4.43315e-06 0)
(4.67053 -6.29621e-06 0)
(4.67126 -5.96065e-06 0)
(4.67198 -5.50882e-06 0)
(4.67264 -4.51249e-06 0)
(4.67319 -3.65311e-06 0)
(4.67364 -2.7005e-06 0)
(4.67398 -2.05489e-06 0)
(4.67426 -1.4669e-06 0)
(4.67448 -1.03787e-06 0)
(4.67464 -6.89977e-07 0)
(4.67477 -4.11237e-07 0)
(4.67487 -2.18126e-07 0)
(4.67494 -8.53599e-08 0)
(4.675 5.75946e-08 0)
(4.67504 1.43229e-07 0)
(4.67507 2.19642e-07 0)
(4.67509 2.7069e-07 0)
(4.67511 3.62844e-07 0)
(4.67511 7.06086e-07 0)
(4.67501 1.317e-06 0)
(28.5359 0.369251 0)
(21.1375 0.133145 0)
(16.6307 0.0565061 0)
(13.8954 0.0306629 0)
(12.1564 0.0190748 0)
(10.974 0.0129772 0)
(10.1312 0.0092284 0)
(9.51992 0.00663098 0)
(9.07861 0.00472077 0)
(8.76502 0.00329512 0)
(8.54723 0.00224657 0)
(8.39966 0.0014863 0)
(8.30253 0.00095449 0)
(8.24047 0.000590032 0)
(8.2022 0.000348957 0)
(8.17961 0.000194927 0)
(8.16698 9.87866e-05 0)
(8.16057 4.21275e-05 0)
(8.15781 9.51272e-06 0)
(8.15717 -7.44462e-06 0)
(8.15763 -1.49265e-05 0)
(8.15856 -1.604e-05 0)
(8.15957 -1.51199e-05 0)
(8.16055 -1.30301e-05 0)
(8.16138 -1.05263e-05 0)
(8.16208 -8.27737e-06 0)
(8.16262 -6.3122e-06 0)
(8.16306 -4.81034e-06 0)
(8.1634 -3.47852e-06 0)
(8.16366 -2.56101e-06 0)
(8.16385 -1.72677e-06 0)
(8.16401 -1.2279e-06 0)
(8.16412 -7.08806e-07 0)
(8.16421 -3.78892e-07 0)
(8.16427 -8.36458e-08 0)
(8.16432 8.48838e-08 0)
(8.16435 3.26164e-07 0)
(8.16438 4.74553e-07 0)
(8.16438 1.5548e-06 0)
(8.16424 2.59855e-06 0)
(33.0172 0.461749 0)
(27.426 0.206325 0)
(23.0346 0.106349 0)
(19.8601 0.0635477 0)
(17.6219 0.0412481 0)
(16.0147 0.0285501 0)
(14.8352 0.0204702 0)
(13.9639 0.0147951 0)
(13.3257 0.0105932 0)
(12.8663 0.00743974 0)
(12.5429 0.00510592 0)
(12.3208 0.00340727 0)
(12.1723 0.00220991 0)
(12.0757 0.00138516 0)
(12.0148 0.00083487 0)
(11.9777 0.000479141 0)
(11.9561 0.000254779 0)
(11.9444 0.000119712 0)
(11.9386 4.05932e-05 0)
(11.9364 -2.28889e-06 0)
(11.9361 -2.33119e-05 0)
(11.9368 -2.92201e-05 0)
(11.9379 -2.92568e-05 0)
(11.9391 -2.59958e-05 0)
(11.9401 -2.15847e-05 0)
(11.941 -1.71428e-05 0)
(11.9417 -1.33466e-05 0)
(11.9423 -1.02142e-05 0)
(11.9428 -7.58816e-06 0)
(11.9431 -5.60438e-06 0)
(11.9434 -3.95214e-06 0)
(11.9436 -2.81994e-06 0)
(11.9437 -1.83253e-06 0)
(11.9438 -1.09326e-06 0)
(11.9439 -5.22034e-07 0)
(11.944 -1.15281e-07 0)
(11.944 2.92314e-07 0)
(11.944 7.20543e-07 0)
(11.944 2.6265e-06 0)
(11.9439 4.50481e-06 0)
(35.7627 0.525934 0)
(32.003 0.269763 0)
(28.4115 0.158805 0)
(25.3892 0.103859 0)
(23.0056 0.0712447 0)
(21.1596 0.050853 0)
(19.7375 0.037115 0)
(18.6516 0.0271567 0)
(17.836 0.0196443 0)
(17.2361 0.0139334 0)
(16.8054 0.00965783 0)
(16.5037 0.00651861 0)
(16.2978 0.00428212 0)
(16.1608 0.00272743 0)
(16.0721 0.00167786 0)
(16.0164 0.00099007 0)
(15.9826 0.00055014 0)
(15.9631 0.00027949 0)
(15.9526 0.000117866 0)
(15.9475 2.65471e-05 0)
(15.9456 -2.16459e-05 0)
(15.9456 -4.05393e-05 0)
(15.9464 -4.52196e-05 0)
(15.9475 -4.2316e-05 0)
(15.9486 -3.61682e-05 0)
(15.9497 -2.93716e-05 0)
(15.9505 -2.31855e-05 0)
(15.9512 -1.79386e-05 0)
(15.9518 -1.34604e-05 0)
(15.9522 -1.0008e-05 0)
(15.9525 -7.14801e-06 0)
(15.9528 -5.12925e-06 0)
(15.9529 -3.39718e-06 0)
(15.9531 -2.10321e-06 0)
(15.9532 -1.10507e-06 0)
(15.9533 -3.77693e-07 0)
(15.9533 3.21047e-07 0)
(15.9533 1.08973e-06 0)
(15.9533 4.04081e-06 0)
(15.9531 6.79688e-06 0)
(37.4067 0.567342 0)
(35.1164 0.319051 0)
(32.5211 0.205948 0)
(30.0414 0.145144 0)
(27.8727 0.105305 0)
(26.0502 0.0781288 0)
(24.5571 0.0585474 0)
(23.3631 0.0436765 0)
(22.4329 0.032099 0)
(21.7274 0.0230971 0)
(21.2067 0.0162329 0)
(20.8324 0.011118 0)
(20.5701 0.00741957 0)
(20.3909 0.00481348 0)
(20.2714 0.00302771 0)
(20.1939 0.00183797 0)
(20.1451 0.00106371 0)
(20.1154 0.000576405 0)
(20.0982 0.000278359 0)
(20.0889 0.000103984 0)
(20.0844 6.71257e-06 0)
(20.0828 -3.95487e-05 0)
(20.0828 -5.74197e-05 0)
(20.0836 -5.89902e-05 0)
(20.0846 -5.28748e-05 0)
(20.0856 -4.4212e-05 0)
(20.0866 -3.55534e-05 0)
(20.0874 -2.77923e-05 0)
(20.088 -2.10082e-05 0)
(20.0885 -1.56102e-05 0)
(20.0889 -1.11449e-05 0)
(20.0892 -7.88415e-06 0)
(20.0894 -5.15137e-06 0)
(20.0896 -3.07672e-06 0)
(20.0897 -1.4946e-06 0)
(20.0898 -3.26189e-07 0)
(20.0898 7.59594e-07 0)
(20.0898 2.01904e-06 0)
(20.0898 6.06497e-06 0)
(20.0897 9.91591e-06 0)
(38.3585 0.591465 0)
(37.1103 0.354123 0)
(35.416 0.243665 0)
(33.6094 0.181942 0)
(31.8821 0.138633 0)
(30.3146 0.106954 0)
(28.9451 0.0826291 0)
(27.7902 0.0631664 0)
(26.8496 0.0473935 0)
(26.1083 0.0347457 0)
(25.5421 0.0248564 0)
(25.1217 0.017332 0)
(24.818 0.0117845 0)
(24.6038 0.00780443 0)
(24.4566 0.00502657 0)
(24.3578 0.00313946 0)
(24.2932 0.00188636 0)
(24.2522 0.00107844 0)
(24.2271 0.000571223 0)
(24.2125 0.000264285 0)
(24.2045 8.57136e-05 0)
(24.2005 -9.23163e-06 0)
(24.1992 -5.52287e-05 0)
(24.1992 -6.9972e-05 0)
(24.1999 -6.82841e-05 0)
(24.2008 -5.97811e-05 0)
(24.2017 -4.93623e-05 0)
(24.2026 -3.91126e-05 0)
(24.2033 -2.97211e-05 0)
(24.2039 -2.19527e-05 0)
(24.2043 -1.54475e-05 0)
(24.2047 -1.05469e-05 0)
(24.2049 -6.48318e-06 0)
(24.2051 -3.3636e-06 0)
(24.2052 -9.88987e-07 0)
(24.2053 7.8063e-07 0)
(24.2054 2.39574e-06 0)
(24.2054 4.29271e-06 0)
(24.2053 9.43988e-06 0)
(24.2052 1.45834e-05 0)
(38.8855 0.60311 0)
(38.3118 0.37703 0)
(37.307 0.27095 0)
(36.1187 0.211148 0)
(34.8935 0.167297 0)
(33.7037 0.133555 0)
(32.5996 0.106257 0)
(31.6179 0.0833261 0)
(30.7803 0.0639587 0)
(30.0922 0.0478902 0)
(29.5462 0.0349586 0)
(29.1261 0.0248729 0)
(28.812 0.0172647 0)
(28.5831 0.0116885 0)
(28.4203 0.00771321 0)
(28.3073 0.00495327 0)
(28.2308 0.00307941 0)
(28.1804 0.00184074 0)
(28.1481 0.00104197 0)
(28.1282 0.000542577 0)
(28.1165 0.000241116 0)
(28.1101 6.96974e-05 0)
(28.107 -2.36479e-05 0)
(28.1059 -6.53316e-05 0)
(28.106 -7.62676e-05 0)
(28.1067 -7.22628e-05 0)
(28.1075 -6.21638e-05 0)
(28.1083 -5.02136e-05 0)
(28.1091 -3.83e-05 0)
(28.1097 -2.78958e-05 0)
(28.1102 -1.89529e-05 0)
(28.1106 -1.19849e-05 0)
(28.1109 -6.21236e-06 0)
(28.1111 -1.72619e-06 0)
(28.1112 1.71785e-06 0)
(28.1113 4.34718e-06 0)
(28.1114 6.69154e-06 0)
(28.1114 9.36083e-06 0)
(28.1113 1.5544e-05 0)
(28.1112 2.21788e-05 0)
(39.1619 0.606203 0)
(38.9891 0.390643 0)
(38.4523 0.288818 0)
(37.7414 0.231995 0)
(36.9597 0.189245 0)
(36.1554 0.155218 0)
(35.3675 0.126597 0)
(34.6322 0.101573 0)
(33.9766 0.0796512 0)
(33.4161 0.0608761 0)
(32.9544 0.0453394 0)
(32.5864 0.0329173 0)
(32.3018 0.0233262 0)
(32.0873 0.0161397 0)
(31.9298 0.0109032 0)
(31.8168 0.00718572 0)
(31.7377 0.00460399 0)
(31.6838 0.00285516 0)
(31.648 0.00169775 0)
(31.625 0.000952144 0)
(31.6109 0.000486655 0)
(31.6026 0.000209313 0)
(31.5981 4.90062e-05 0)
(31.596 -3.45217e-05 0)
(31.5955 -6.90055e-05 0)
(31.5957 -7.61694e-05 0)
(31.5964 -7.00475e-05 0)
(31.5971 -5.8187e-05 0)
(31.5979 -4.44266e-05 0)
(31.5985 -3.14348e-05 0)
(31.5991 -1.97919e-05 0)
(31.5995 -1.03703e-05 0)
(31.5998 -2.49472e-06 0)
(31.6 3.76901e-06 0)
(31.6001 8.70078e-06 0)
(31.6002 1.25307e-05 0)
(31.6002 1.58158e-05 0)
(31.6002 1.93482e-05 0)
(31.6002 2.64188e-05 0)
(31.6 3.47073e-05 0)
(39.298 0.603697 0)
(39.3435 0.397849 0)
(39.0927 0.29931 0)
(38.7045 0.245393 0)
(38.2542 0.204293 0)
(37.7678 0.170889 0)
(37.2683 0.142043 0)
(36.7814 0.116059 0)
(36.33 0.0926284 0)
(35.9299 0.0720327 0)
(35.5893 0.0545866 0)
(35.3092 0.0403379 0)
(35.0859 0.0291111 0)
(34.9127 0.0205327 0)
(34.7817 0.014158 0)
(34.6851 0.00954098 0)
(34.6155 0.00626812 0)
(34.5667 0.00400221 0)
(34.5334 0.00246774 0)
(34.5114 0.00145357 0)
(34.4974 0.000802265 0)
(34.4889 0.000400363 0)
(34.4841 0.000159086 0)
(34.4817 2.38707e-05 0)
(34.4807 -4.24633e-05 0)
(34.4807 -6.72029e-05 0)
(34.4812 -6.9142e-05 0)
(34.4818 -5.96817e-05 0)
(34.4825 -4.51918e-05 0)
(34.4831 -2.99718e-05 0)
(34.4837 -1.55671e-05 0)
(34.4841 -3.40418e-06 0)
(34.4844 7.01916e-06 0)
(34.4846 1.56075e-05 0)
(34.4847 2.24875e-05 0)
(34.4847 2.77965e-05 0)
(34.4847 3.21617e-05 0)
(34.4847 3.65911e-05 0)
(34.4846 4.42966e-05 0)
(34.4844 5.43161e-05 0)
(39.3605 0.597608 0)
(39.5134 0.401059 0)
(39.4209 0.304688 0)
(39.2264 0.253095 0)
(38.9916 0.213527 0)
(38.7287 0.180971 0)
(38.4474 0.15241 0)
(38.1622 0.126165 0)
(37.8884 0.102006 0)
(37.638 0.0803596 0)
(37.4188 0.0617002 0)
(37.2338 0.0462133 0)
(37.0827 0.0338213 0)
(36.9628 0.0242087 0)
(36.8701 0.0169565 0)
(36.8003 0.0116217 0)
(36.749 0.0077789 0)
(36.7123 0.00507287 0)
(36.6868 0.00320743 0)
(36.6696 0.0019501 0)
(36.6585 0.0011254 0)
(36.6517 0.00060363 0)
(36.6479 0.000282137 0)
(36.6459 9.53681e-05 0)
(36.6451 -3.20051e-06 0)
(36.6451 -4.7126e-05 0)
(36.6455 -5.8843e-05 0)
(36.646 -5.30359e-05 0)
(36.6466 -3.85503e-05 0)
(36.6472 -2.14036e-05 0)
(36.6476 -4.22491e-06 0)
(36.648 1.09956e-05 0)
(36.6482 2.44646e-05 0)
(36.6483 3.57976e-05 0)
(36.6484 4.48483e-05 0)
(36.6484 5.17305e-05 0)
(36.6483 5.72137e-05 0)
(36.6483 6.24778e-05 0)
(36.6481 7.04629e-05 0)
(36.6479 8.21156e-05 0)
(39.387 0.589184 0)
(39.5865 0.402015 0)
(39.5735 0.30691 0)
(39.4827 0.256988 0)
(39.3712 0.218579 0)
(39.2445 0.186724 0)
(39.1042 0.15855 0)
(38.9566 0.132359 0)
(38.8102 0.107934 0)
(38.6724 0.0857707 0)
(38.5487 0.0664382 0)
(38.4419 0.0502151 0)
(38.353 0.037096 0)
(38.2813 0.0268143 0)
(38.225 0.0189768 0)
(38.182 0.0131507 0)
(38.1501 0.0089085 0)
(38.1271 0.00588723 0)
(38.1109 0.00377993 0)
(38.1 0.00234121 0)
(38.0929 0.0013848 0)
(38.0886 0.000770427 0)
(38.0862 0.000385877 0)
(38.0851 0.000158456 0)
(38.0848 3.50858e-05 0)
(38.0848 -2.34252e-05 0)
(38.0852 -4.26558e-05 0)
(38.0856 -3.94783e-05 0)
(38.086 -2.45638e-05 0)
(38.0864 -5.27686e-06 0)
(38.0867 1.49232e-05 0)
(38.0869 3.35229e-05 0)
(38.087 5.01908e-05 0)
(38.087 6.42112e-05 0)
(38.087 7.53015e-05 0)
(38.0869 8.36308e-05 0)
(38.0868 9.00928e-05 0)
(38.0866 9.59776e-05 0)
(38.0865 0.000103797 0)
(38.0862 0.00011672 0)
(39.3976 0.579112 0)
(39.6133 0.401801 0)
(39.6368 0.307391 0)
(39.5956 0.25863 0)
(39.5463 0.22103 0)
(39.492 0.189626 0)
(39.4303 0.161749 0)
(39.3629 0.135696 0)
(39.2934 0.111227 0)
(39.2258 0.0888592 0)
(39.1634 0.0692067 0)
(39.1082 0.0526008 0)
(39.0612 0.0390819 0)
(39.0226 0.0284174 0)
(38.9919 0.0202353 0)
(38.9682 0.0141136 0)
(38.9504 0.00962682 0)
(38.9374 0.00640985 0)
(38.9282 0.00415088 0)
(38.922 0.00259718 0)
(38.9179 0.00155684 0)
(38.9154 0.000883341 0)
(38.9139 0.000458425 0)
(38.9132 0.000205186 0)
(38.913 6.68183e-05 0)
(38.9129 2.39788e-07 0)
(38.913 -2.26534e-05 0)
(38.9132 -2.01118e-05 0)
(38.9133 -3.91696e-06 0)
(38.9134 1.78239e-05 0)
(38.9134 4.10568e-05 0)
(38.9134 6.27034e-05 0)
(38.9133 8.1974e-05 0)
(38.9132 9.80756e-05 0)
(38.913 0.000110685 0)
(38.9128 0.000120004 0)
(38.9126 0.000127026 0)
(38.9124 0.000133107 0)
(38.9122 0.000140283 0)
(38.9119 0.000153786 0)
(39.4018 0.567726 0)
(39.6197 0.400996 0)
(39.6593 0.307008 0)
(39.6395 0.259083 0)
(39.6178 0.222073 0)
(39.597 0.19092 0)
(39.5733 0.16322 0)
(39.5457 0.137292 0)
(39.5157 0.112869 0)
(39.485 0.0904592 0)
(39.4551 0.0706905 0)
(39.4276 0.0539185 0)
(39.4033 0.0402081 0)
(39.3826 0.029348 0)
(39.3656 0.0209815 0)
(39.352 0.0146964 0)
(39.3415 0.0100708 0)
(39.3335 0.00674063 0)
(39.3276 0.00439272 0)
(39.3233 0.00277036 0)
(39.3202 0.00167943 0)
(39.3181 0.000969989 0)
(39.3167 0.000520067 0)
(39.3157 0.000250573 0)
(39.315 0.000102702 0)
(39.3145 3.10266e-05 0)
(39.3142 5.83467e-06 0)
(39.3138 7.91168e-06 0)
(39.3135 2.48529e-05 0)
(39.3133 4.80686e-05 0)
(39.313 7.30003e-05 0)
(39.3126 9.61887e-05 0)
(39.3123 0.000116653 0)
(39.312 0.000133631 0)
(39.3117 0.000146731 0)
(39.3114 0.000156166 0)
(39.3111 0.000163002 0)
(39.3108 0.000168629 0)
(39.3105 0.000174684 0)
(39.3102 0.000187805 0)
(39.4036 0.555169 0)
(39.618 0.399838 0)
(39.6649 0.306231 0)
(39.6539 0.258953 0)
(39.6431 0.222446 0)
(39.6359 0.191439 0)
(39.6279 0.16383 0)
(39.6174 0.138003 0)
(39.6045 0.113659 0)
(39.59 0.0912876 0)
(39.5746 0.0715107 0)
(39.5594 0.0546912 0)
(39.5449 0.0409051 0)
(39.5319 0.029954 0)
(39.5205 0.0214924 0)
(39.5108 0.0151167 0)
(39.5028 0.0104094 0)
(39.4963 0.00700922 0)
(39.4911 0.00460401 0)
(39.487 0.00293498 0)
(39.4837 0.001808 0)
(39.4812 0.00107147 0)
(39.4791 0.000601063 0)
(39.4775 0.000316781 0)
(39.4761 0.000158806 0)
(39.475 8.02253e-05 0)
(39.4741 5.03942e-05 0)
(39.4733 4.9427e-05 0)
(39.4725 6.44565e-05 0)
(39.4719 8.6419e-05 0)
(39.4713 0.000110414 0)
(39.4707 0.000132803 0)
(39.4702 0.000152451 0)
(39.4697 0.000168607 0)
(39.4692 0.000180779 0)
(39.4688 0.000189151 0)
(39.4684 0.00019482 0)
(39.4681 0.000199196 0)
(39.4678 0.000203698 0)
(39.4674 0.000215373 0)
(39.4049 0.541499 0)
(39.6133 0.398376 0)
(39.6641 0.305279 0)
(39.657 0.258532 0)
(39.6501 0.222528 0)
(39.6478 0.191634 0)
(39.6455 0.16408 0)
(39.6413 0.13834 0)
(39.6348 0.114093 0)
(39.6263 0.0918001 0)
(39.6163 0.0720689 0)
(39.6055 0.0552608 0)
(39.5946 0.0414557 0)
(39.5841 0.0304636 0)
(39.5745 0.0219482 0)
(39.5659 0.0155141 0)
(39.5585 0.0107488 0)
(39.5521 0.00729513 0)
(39.5467 0.00484326 0)
(39.5421 0.00313336 0)
(39.5384 0.0019727 0)
(39.5352 0.00120891 0)
(39.5326 0.000715981 0)
(39.5304 0.000413762 0)
(39.5285 0.000241936 0)
(39.5269 0.000152431 0)
(39.5256 0.000113998 0)
(39.5244 0.000106246 0)
(39.5233 0.000115843 0)
(39.5224 0.000133369 0)
(39.5216 0.00015364 0)
(39.5209 0.00017284 0)
(39.5202 0.000189632 0)
(39.5196 0.000203267 0)
(39.5191 0.000213094 0)
(39.5186 0.000219229 0)
(39.5182 0.000222761 0)
(39.5178 0.000225114 0)
(39.5174 0.000227676 0)
(39.517 0.000236976 0)
(39.4062 0.52675 0)
(39.6073 0.396558 0)
(39.661 0.304244 0)
(39.6562 0.257937 0)
(39.6507 0.222475 0)
(39.6501 0.19171 0)
(39.6497 0.164202 0)
(39.6474 0.138551 0)
(39.643 0.114414 0)
(39.6364 0.0922222 0)
(39.6282 0.0725639 0)
(39.6188 0.0557947 0)
(39.609 0.0419951 0)
(39.5993 0.0309819 0)
(39.5901 0.0224275 0)
(39.5818 0.0159453 0)
(39.5743 0.0111282 0)
(39.5678 0.0076238 0)
(39.5622 0.00512572 0)
(39.5573 0.00337343 0)
(39.5532 0.00217644 0)
(39.5498 0.00138203 0)
(39.5468 0.00086269 0)
(39.5443 0.000538542 0)
(39.5422 0.000348971 0)
(39.5404 0.000244809 0)
(39.5388 0.000194306 0)
(39.5374 0.000176615 0)
(39.5362 0.000177962 0)
(39.5352 0.000188576 0)
(39.5343 0.000202968 0)
(39.5334 0.000217119 0)
(39.5327 0.000229466 0)
(39.5321 0.000239241 0)
(39.5315 0.000245602 0)
(39.531 0.000248562 0)
(39.5305 0.00024917 0)
(39.5301 0.000248876 0)
(39.5297 0.000249158 0)
(39.5293 0.000255424 0)
(39.4078 0.510963 0)
(39.6007 0.394285 0)
(39.6569 0.303155 0)
(39.654 0.257207 0)
(39.6493 0.222338 0)
(39.6492 0.191742 0)
(39.6494 0.164287 0)
(39.6478 0.138731 0)
(39.644 0.114718 0)
(39.6381 0.0926434 0)
(39.6304 0.0730737 0)
(39.6215 0.0563568 0)
(39.6121 0.0425727 0)
(39.6027 0.031545 0)
(39.5937 0.0229549 0)
(39.5854 0.0164252 0)
(39.5779 0.0115547 0)
(39.5714 0.00799695 0)
(39.5657 0.00544929 0)
(39.5608 0.0036506 0)
(39.5565 0.00241333 0)
(39.553 0.00158447 0)
(39.5499 0.00103493 0)
(39.5473 0.000685399 0)
(39.5451 0.000474994 0)
(39.5431 0.000353379 0)
(39.5415 0.000288334 0)
(39.5401 0.000258569 0)
(39.5388 0.00024985 0)
(39.5377 0.000252035 0)
(39.5368 0.000259273 0)
(39.5359 0.000267298 0)
(39.5351 0.000274258 0)
(39.5345 0.000279359 0)
(39.5339 0.000281512 0)
(39.5334 0.000280611 0)
(39.5329 0.000277666 0)
(39.5325 0.000274165 0)
(39.5321 0.000271721 0)
(39.5317 0.000274427 0)
(39.4097 0.494204 0)
(39.5939 0.391435 0)
(39.6523 0.302015 0)
(39.6513 0.256354 0)
(39.6472 0.222123 0)
(39.6474 0.191748 0)
(39.6479 0.164363 0)
(39.6465 0.138913 0)
(39.6429 0.115037 0)
(39.6373 0.0930932 0)
(39.6299 0.0736236 0)
(39.6213 0.0569674 0)
(39.6121 0.0432041 0)
(39.6028 0.0321635 0)
(39.594 0.0235366 0)
(39.5858 0.0169568 0)
(39.5784 0.0120289 0)
(39.5719 0.00841329 0)
(39.5662 0.00581153 0)
(39.5613 0.00396169 0)
(39.5571 0.00267992 0)
(39.5535 0.00181282 0)
(39.5504 0.00122948 0)
(39.5478 0.000851432 0)
(39.5456 0.000617478 0)
(39.5436 0.000475862 0)
(39.5419 0.000393807 0)
(39.5405 0.000349503 0)
(39.5392 0.000328287 0)
(39.5381 0.000319766 0)
(39.5371 0.000317873 0)
(39.5363 0.000318191 0)
(39.5355 0.000318599 0)
(39.5348 0.000318266 0)
(39.5342 0.000315774 0)
(39.5337 0.00031082 0)
(39.5332 0.000304291 0)
(39.5328 0.000297675 0)
(39.5325 0.00029266 0)
(39.532 0.000292016 0)
(39.4121 0.476566 0)
(39.5868 0.387874 0)
(39.6471 0.300805 0)
(39.6482 0.255381 0)
(39.6447 0.22182 0)
(39.6452 0.191729 0)
(39.6459 0.164436 0)
(39.6447 0.139105 0)
(39.6412 0.11538 0)
(39.6358 0.0935803 0)
(39.6286 0.0742216 0)
(39.6202 0.0576336 0)
(39.6112 0.0438948 0)
(39.6022 0.0328419 0)
(39.5935 0.0241762 0)
(39.5855 0.0175427 0)
(39.5782 0.0125525 0)
(39.5718 0.00887402 0)
(39.5662 0.00621329 0)
(39.5613 0.00430733 0)
(39.5571 0.00297683 0)
(39.5536 0.00206784 0)
(39.5505 0.00144746 0)
(39.5479 0.00103871 0)
(39.5456 0.000780487 0)
(39.5437 0.000619888 0)
(39.542 0.000523604 0)
(39.5406 0.000468617 0)
(39.5393 0.000438769 0)
(39.5382 0.000422492 0)
(39.5372 0.000412966 0)
(39.5363 0.000405523 0)
(39.5356 0.000397955 0)
(39.5349 0.000389782 0)
(39.5343 0.000379583 0)
(39.5338 0.000367194 0)
(39.5333 0.000353643 0)
(39.5329 0.000340608 0)
(39.5325 0.000329933 0)
(39.5321 0.00032328 0)
(39.4149 0.458177 0)
(39.5795 0.383472 0)
(39.6414 0.299495 0)
(39.6447 0.254289 0)
(39.6419 0.221414 0)
(39.6427 0.191675 0)
(39.6436 0.164505 0)
(39.6425 0.139307 0)
(39.6392 0.115748 0)
(39.634 0.0941072 0)
(39.627 0.074871 0)
(39.6189 0.0583588 0)
(39.6101 0.0446484 0)
(39.6013 0.0335836 0)
(39.5929 0.0248769 0)
(39.585 0.0181859 0)
(39.5779 0.0131281 0)
(39.5715 0.00938121 0)
(39.566 0.00665603 0)
(39.5612 0.00468795 0)
(39.5571 0.00330308 0)
(39.5535 0.00234582 0)
(39.5505 0.00167921 0)
(39.5479 0.00122592 0)
(39.5456 0.000923048 0)
(39.5437 0.000717204 0)
(39.542 0.000578444 0)
(39.5406 0.000487533 0)
(39.5393 0.000430697 0)
(39.5382 0.000396833 0)
(39.5372 0.000377985 0)
(39.5363 0.000367656 0)
(39.5356 0.000361543 0)
(39.5349 0.000357647 0)
(39.5343 0.00035296 0)
(39.5338 0.000346326 0)
(39.5333 0.000338172 0)
(39.5329 0.00032997 0)
(39.5325 0.000323473 0)
(39.5321 0.00031936 0)
(39.4182 0.439196 0)
(39.5722 0.378111 0)
(39.6351 0.298032 0)
(39.6409 0.253082 0)
(39.6388 0.220891 0)
(39.6398 0.191575 0)
(39.6409 0.164566 0)
(39.6401 0.139519 0)
(39.637 0.116141 0)
(39.6319 0.094675 0)
(39.6252 0.0755735 0)
(39.6174 0.0591456 0)
(39.6089 0.0454683 0)
(39.6003 0.0343926 0)
(39.5921 0.0256432 0)
(39.5844 0.0188919 0)
(39.5774 0.0137622 0)
(39.5712 0.00994307 0)
(39.5658 0.00715117 0)
(39.561 0.0051211 0)
(39.557 0.00369005 0)
(39.5535 0.00270748 0)
(39.5504 0.00204067 0)
(39.5478 0.00161683 0)
(39.5456 0.00136446 0)
(39.5437 0.00121299 0)
(39.542 0.00111709 0)
(39.5406 0.00104774 0)
(39.5393 0.000988572 0)
(39.5382 0.000931362 0)
(39.5372 0.000873594 0)
(39.5364 0.000814814 0)
(39.5356 0.000755853 0)
(39.5349 0.000699154 0)
(39.5343 0.000644219 0)
(39.5338 0.000591556 0)
(39.5333 0.000542417 0)
(39.5329 0.00049867 0)
(39.5325 0.000461947 0)
(39.5321 0.000431665 0)
(39.4221 0.41981 0)
(39.5649 0.371695 0)
(39.6284 0.296348 0)
(39.6366 0.251762 0)
(39.6353 0.220234 0)
(39.6366 0.191413 0)
(39.638 0.164612 0)
(39.6373 0.139737 0)
(39.6344 0.116559 0)
(39.6296 0.0952828 0)
(39.6232 0.076329 0)
(39.6156 0.059994 0)
(39.6075 0.046354 0)
(39.5992 0.0352671 0)
(39.5911 0.0264708 0)
(39.5837 0.0196516 0)
(39.5769 0.0144375 0)
(39.5708 0.0105273 0)
(39.5655 0.00763598 0)
(39.5608 0.00548067 0)
(39.5568 0.00388787 0)
(39.5534 0.00268949 0)
(39.5504 0.00175423 0)
(39.5478 0.00104281 0)
(39.5456 0.000526196 0)
(39.5437 0.0001682 0)
(39.5421 -5.76366e-05 0)
(39.5406 -0.000179722 0)
(39.5393 -0.00022519 0)
(39.5382 -0.000218049 0)
(39.5372 -0.000177371 0)
(39.5364 -0.000118491 0)
(39.5356 -5.27058e-05 0)
(39.5349 1.35812e-05 0)
(39.5343 7.34169e-05 0)
(39.5338 0.000123745 0)
(39.5333 0.000164236 0)
(39.5329 0.000196728 0)
(39.5325 0.000223531 0)
(39.5321 0.000244784 0)
(39.4265 0.400232 0)
(39.5577 0.364162 0)
(39.6211 0.294354 0)
(39.6318 0.250327 0)
(39.6315 0.219433 0)
(39.6331 0.191173 0)
(39.6347 0.164636 0)
(39.6342 0.139958 0)
(39.6315 0.116999 0)
(39.627 0.0959327 0)
(39.6209 0.0771433 0)
(39.6137 0.0609151 0)
(39.6058 0.0473247 0)
(39.5978 0.0362384 0)
(39.5901 0.0274103 0)
(39.5828 0.0205499 0)
(39.5762 0.0153008 0)
(39.5703 0.0114029 0)
(39.5651 0.00861607 0)
(39.5605 0.00669525 0)
(39.5566 0.00549333 0)
(39.5532 0.00479892 0)
(39.5502 0.00439541 0)
(39.5477 0.0041557 0)
(39.5455 0.00397729 0)
(39.5437 0.00379486 0)
(39.542 0.00359115 0)
(39.5406 0.0033633 0)
(39.5393 0.00311514 0)
(39.5382 0.00285325 0)
(39.5373 0.00258539 0)
(39.5364 0.00231832 0)
(39.5356 0.00205888 0)
(39.5349 0.00181484 0)
(39.5343 0.00158845 0)
(39.5338 0.00138215 0)
(39.5333 0.00119791 0)
(39.5329 0.00103783 0)
(39.5325 0.000902575 0)
(39.5321 0.000788187 0)
(39.4315 0.380692 0)
(39.5509 0.355501 0)
(39.6134 0.291951 0)
(39.6265 0.248767 0)
(39.6272 0.218476 0)
(39.6291 0.190834 0)
(39.6309 0.164623 0)
(39.6307 0.140171 0)
(39.6283 0.117445 0)
(39.6241 0.0965976 0)
(39.6183 0.0779739 0)
(39.6114 0.0618414 0)
(39.6039 0.0482715 0)
(39.5963 0.037127 0)
(39.5889 0.028158 0)
(39.5819 0.0210548 0)
(39.5755 0.015397 0)
(39.5698 0.0108643 0)
(39.5647 0.00716627 0)
(39.5603 0.00407224 0)
(39.5565 0.00157739 0)
(39.5532 -0.000356326 0)
(39.5503 -0.0017884 0)
(39.5478 -0.00273491 0)
(39.5456 -0.00326607 0)
(39.5437 -0.00349848 0)
(39.542 -0.00351551 0)
(39.5405 -0.00338259 0)
(39.5393 -0.00314958 0)
(39.5381 -0.00285472 0)
(39.5372 -0.00252664 0)
(39.5363 -0.00218704 0)
(39.5355 -0.00184892 0)
(39.5348 -0.0015257 0)
(39.5342 -0.00122849 0)
(39.5337 -0.00096407 0)
(39.5332 -0.000734456 0)
(39.5328 -0.000537623 0)
(39.5325 -0.000370555 0)
(39.532 -0.00023116 0)
(39.437 0.361429 0)
(39.5444 0.345754 0)
(39.6052 0.289032 0)
(39.6206 0.247066 0)
(39.6225 0.217364 0)
(39.6247 0.19039 0)
(39.6267 0.164587 0)
(39.6268 0.140417 0)
(39.6247 0.117978 0)
(39.6207 0.0974157 0)
(39.6153 0.0790512 0)
(39.6089 0.0631531 0)
(39.6018 0.0498253 0)
(39.5945 0.0389938 0)
(39.5874 0.0305223 0)
(39.5807 0.0242518 0)
(39.5745 0.0198738 0)
(39.5689 0.0171136 0)
(39.5639 0.0155499 0)
(39.5596 0.0146805 0)
(39.5558 0.0141891 0)
(39.5526 0.0137748 0)
(39.5498 0.013242 0)
(39.5474 0.0125914 0)
(39.5454 0.0118144 0)
(39.5436 0.0109866 0)
(39.542 0.0101398 0)
(39.5406 0.00928932 0)
(39.5394 0.00844733 0)
(39.5383 0.00762436 0)
(39.5374 0.00682989 0)
(39.5365 0.00607115 0)
(39.5357 0.00535418 0)
(39.535 0.00467468 0)
(39.5344 0.00404871 0)
(39.5339 0.00347957 0)
(39.5334 0.00297024 0)
(39.5329 0.00252381 0)
(39.5326 0.0021399 0)
(39.5322 0.00180824 0)
(39.4428 0.342677 0)
(39.5384 0.335022 0)
(39.5967 0.285485 0)
(39.6141 0.245163 0)
(39.6172 0.216034 0)
(39.6198 0.189717 0)
(39.622 0.164329 0)
(39.6224 0.140386 0)
(39.6206 0.118097 0)
(39.617 0.0975838 0)
(39.6121 0.0790791 0)
(39.6061 0.0627452 0)
(39.5995 0.0485486 0)
(39.5927 0.0362363 0)
(39.586 0.0255115 0)
(39.5798 0.0161605 0)
(39.574 0.00796913 0)
(39.5688 0.00104634 0)
(39.5642 -0.00453895 0)
(39.56 -0.00884931 0)
(39.5563 -0.011733 0)
(39.553 -0.0134473 0)
(39.5501 -0.0141544 0)
(39.5475 -0.0142287 0)
(39.5453 -0.0139088 0)
(39.5434 -0.0132679 0)
(39.5417 -0.0123991 0)
(39.5402 -0.0113881 0)
(39.539 -0.0103025 0)
(39.5378 -0.00919528 0)
(39.5369 -0.00810617 0)
(39.536 -0.00706516 0)
(39.5352 -0.00609501 0)
(39.5346 -0.00521487 0)
(39.534 -0.00441702 0)
(39.5335 -0.00369659 0)
(39.533 -0.00305447 0)
(39.5327 -0.00249213 0)
(39.5323 -0.00200592 0)
(39.5319 -0.00158471 0)
(39.4491 0.324685 0)
(39.5329 0.323531 0)
(39.588 0.281345 0)
(39.607 0.243224 0)
(39.6113 0.214851 0)
(39.6142 0.189413 0)
(39.6168 0.164836 0)
(39.6174 0.141678 0)
(39.616 0.120372 0)
(39.6127 0.101204 0)
(39.6082 0.0845755 0)
(39.6025 0.0708728 0)
(39.5962 0.0603008 0)
(39.5896 0.0527427 0)
(39.5831 0.0478421 0)
(39.5769 0.0450419 0)
(39.5711 0.0435025 0)
(39.5661 0.0425982 0)
(39.5616 0.0417266 0)
(39.5578 0.0404361 0)
(39.5546 0.0385966 0)
(39.5519 0.0364365 0)
(39.5495 0.0342387 0)
(39.5473 0.0319348 0)
(39.5455 0.0295559 0)
(39.5438 0.0271306 0)
(39.5424 0.0246986 0)
(39.5411 0.0223013 0)
(39.5399 0.0199777 0)
(39.5388 0.0177611 0)
(39.5378 0.0156778 0)
(39.537 0.013747 0)
(39.5362 0.0119807 0)
(39.5354 0.0103839 0)
(39.5348 0.00895408 0)
(39.5342 0.00768996 0)
(39.5337 0.00657976 0)
(39.5332 0.00560363 0)
(39.5328 0.00475128 0)
(39.5324 0.00400254 0)
(39.4555 0.307452 0)
(39.5281 0.311103 0)
(39.5791 0.275838 0)
(39.5992 0.239952 0)
(39.6049 0.211784 0)
(39.6082 0.186235 0)
(39.611 0.160987 0)
(39.6121 0.136294 0)
(39.6112 0.112405 0)
(39.6086 0.0893344 0)
(39.6048 0.0671815 0)
(39.6002 0.0461749 0)
(39.5949 0.0266216 0)
(39.5894 0.00879653 0)
(39.5838 -0.00688074 0)
(39.5784 -0.0199548 0)
(39.5731 -0.0303953 0)
(39.5682 -0.0377394 0)
(39.5635 -0.0422792 0)
(39.5592 -0.0443465 0)
(39.5553 -0.0449547 0)
(39.5519 -0.0444035 0)
(39.549 -0.0429465 0)
(39.5464 -0.0407847 0)
(39.5441 -0.0381205 0)
(39.5422 -0.0351397 0)
(39.5405 -0.031989 0)
(39.5391 -0.0287892 0)
(39.5378 -0.0256378 0)
(39.5368 -0.0226097 0)
(39.5359 -0.0197597 0)
(39.5351 -0.0171247 0)
(39.5344 -0.0147266 0)
(39.5338 -0.0125731 0)
(39.5333 -0.0106658 0)
(39.5329 -0.0089969 0)
(39.5325 -0.0075514 0)
(39.5322 -0.00631296 0)
(39.5319 -0.0052564 0)
(39.5314 -0.00432573 0)
(39.462 0.292582 0)
(39.5237 0.300481 0)
(39.5701 0.273006 0)
(39.5906 0.241668 0)
(39.5973 0.216749 0)
(39.6009 0.195462 0)
(39.6037 0.176036 0)
(39.6047 0.159021 0)
(39.6036 0.145022 0)
(39.6008 0.134164 0)
(39.5967 0.126308 0)
(39.5917 0.121108 0)
(39.5862 0.118 0)
(39.5805 0.116152 0)
(39.5751 0.114715 0)
(39.5702 0.113044 0)
(39.5659 0.110207 0)
(39.5623 0.105976 0)
(39.5593 0.100838 0)
(39.5566 0.0954615 0)
(39.5541 0.0898306 0)
(39.552 0.0839193 0)
(39.5501 0.0777832 0)
(39.5484 0.0715446 0)
(39.5468 0.065302 0)
(39.5454 0.0591463 0)
(39.5441 0.0531684 0)
(39.5428 0.0474472 0)
(39.5416 0.0420456 0)
(39.5405 0.0370106 0)
(39.5394 0.0323732 0)
(39.5384 0.0281498 0)
(39.5375 0.0243436 0)
(39.5366 0.0209482 0)
(39.5358 0.017946 0)
(39.5351 0.0153131 0)
(39.5345 0.0130234 0)
(39.5339 0.0110492 0)
(39.5334 0.00935914 0)
(39.533 0.00791055 0)
(39.4688 0.27233 0)
(39.5205 0.27952 0)
(39.5619 0.25382 0)
(39.5827 0.219438 0)
(39.5909 0.186588 0)
(39.5957 0.153775 0)
(39.5997 0.119287 0)
(39.6023 0.0837135 0)
(39.6031 0.0482694 0)
(39.6023 0.0140443 0)
(39.6001 -0.0179428 0)
(39.5969 -0.0466947 0)
(39.5927 -0.0713386 0)
(39.5878 -0.0914231 0)
(39.5824 -0.106352 0)
(39.5767 -0.115996 0)
(39.5709 -0.120645 0)
(39.5654 -0.122044 0)
(39.5603 -0.12094 0)
(39.5558 -0.117771 0)
(39.5518 -0.112874 0)
(39.5482 -0.106697 0)
(39.5451 -0.0996273 0)
(39.5425 -0.0919741 0)
(39.5402 -0.0840205 0)
(39.5384 -0.0760121 0)
(39.5368 -0.0681457 0)
(39.5355 -0.0605749 0)
(39.5345 -0.0534153 0)
(39.5336 -0.0467482 0)
(39.533 -0.0406249 0)
(39.5324 -0.035071 0)
(39.532 -0.0300912 0)
(39.5317 -0.0256729 0)
(39.5314 -0.0217923 0)
(39.5313 -0.0184164 0)
(39.5311 -0.015505 0)
(39.531 -0.013012 0)
(39.5309 -0.0108882 0)
(39.5304 -0.00906105 0)
(39.4734 0.283382 0)
(39.5149 0.302601 0)
(39.5498 0.297053 0)
(39.5683 0.286127 0)
(39.5754 0.280187 0)
(39.5785 0.278733 0)
(39.5804 0.2792 0)
(39.5811 0.280428 0)
(39.5804 0.281856 0)
(39.5787 0.282875 0)
(39.5762 0.282883 0)
(39.5734 0.281345 0)
(39.5705 0.277853 0)
(39.5678 0.271771 0)
(39.5657 0.262687 0)
(39.5641 0.251128 0)
(39.5626 0.238694 0)
(39.5611 0.225662 0)
(39.5598 0.21199 0)
(39.5586 0.197775 0)
(39.5573 0.183289 0)
(39.5561 0.168716 0)
(39.5549 0.154236 0)
(39.5536 0.140046 0)
(39.5523 0.12632 0)
(39.551 0.113198 0)
(39.5495 0.100795 0)
(39.5481 0.0892007 0)
(39.5466 0.0784737 0)
(39.5452 0.0686471 0)
(39.5438 0.0597292 0)
(39.5424 0.0517081 0)
(39.541 0.0445544 0)
(39.5398 0.0382257 0)
(39.5386 0.0326688 0)
(39.5375 0.0278239 0)
(39.5366 0.0236283 0)
(39.5357 0.0200193 0)
(39.5349 0.0169313 0)
(39.5345 0.0142601 0)
(39.4859 0.184937 0)
(39.5213 0.172928 0)
(39.5537 0.13166 0)
(39.5746 0.0758465 0)
(39.5861 0.0174583 0)
(39.5932 -0.0392903 0)
(39.5983 -0.0931909 0)
(39.6015 -0.142858 0)
(39.6024 -0.186814 0)
(39.6012 -0.224031 0)
(39.5983 -0.253942 0)
(39.594 -0.276124 0)
(39.5883 -0.290222 0)
(39.5815 -0.296764 0)
(39.5742 -0.297079 0)
(39.5672 -0.29284 0)
(39.5606 -0.284875 0)
(39.5545 -0.273646 0)
(39.5489 -0.259878 0)
(39.5441 -0.244284 0)
(39.5398 -0.227412 0)
(39.5362 -0.209799 0)
(39.5333 -0.191923 0)
(39.5309 -0.174175 0)
(39.529 -0.156871 0)
(39.5277 -0.14027 0)
(39.5267 -0.124566 0)
(39.5261 -0.109898 0)
(39.5258 -0.0963524 0)
(39.5257 -0.0839759 0)
(39.5257 -0.0727786 0)
(39.5259 -0.0627414 0)
(39.5262 -0.0538223 0)
(39.5266 -0.045962 0)
(39.527 -0.0390895 0)
(39.5273 -0.0331261 0)
(39.5277 -0.0279883 0)
(39.5281 -0.0235896 0)
(39.5284 -0.0198366 0)
(39.5281 -0.0165848 0)
(39.4677 0.425628 0)
(39.4883 0.486261 0)
(39.5077 0.530525 0)
(39.5199 0.564504 0)
(39.5264 0.59272 0)
(39.531 0.614931 0)
(39.5356 0.629589 0)
(39.5402 0.636265 0)
(39.5445 0.635422 0)
(39.5485 0.627733 0)
(39.5522 0.613871 0)
(39.556 0.594297 0)
(39.5597 0.569397 0)
(39.563 0.541365 0)
(39.5659 0.511877 0)
(39.5683 0.48131 0)
(39.5702 0.449849 0)
(39.5717 0.418052 0)
(39.5726 0.386336 0)
(39.573 0.355013 0)
(39.5729 0.32442 0)
(39.5724 0.29484 0)
(39.5715 0.266497 0)
(39.5701 0.239583 0)
(39.5684 0.214247 0)
(39.5664 0.190594 0)
(39.5642 0.168689 0)
(39.5618 0.148561 0)
(39.5593 0.130204 0)
(39.5568 0.113587 0)
(39.5542 0.0986504 0)
(39.5518 0.085318 0)
(39.5494 0.0734966 0)
(39.5471 0.0630822 0)
(39.545 0.0539637 0)
(39.5431 0.0460265 0)
(39.5413 0.0391557 0)
(39.5398 0.0332382 0)
(39.5384 0.0281557 0)
(39.5378 0.0237373 0)
(39.538 -0.178153 0)
(39.563 -0.253953 0)
(39.586 -0.342243 0)
(39.6012 -0.429708 0)
(39.6081 -0.505862 0)
(39.6096 -0.567171 0)
(39.6079 -0.61409 0)
(39.6041 -0.647634 0)
(39.5982 -0.668546 0)
(39.5907 -0.677677 0)
(39.5819 -0.676192 0)
(39.5718 -0.665647 0)
(39.5615 -0.647994 0)
(39.5517 -0.62449 0)
(39.5424 -0.596372 0)
(39.5339 -0.564618 0)
(39.5263 -0.53039 0)
(39.5197 -0.494563 0)
(39.5141 -0.457921 0)
(39.5096 -0.421192 0)
(39.5062 -0.384964 0)
(39.5037 -0.349711 0)
(39.5022 -0.315827 0)
(39.5014 -0.28361 0)
(39.5014 -0.253278 0)
(39.5019 -0.22498 0)
(39.5029 -0.198807 0)
(39.5042 -0.174795 0)
(39.5059 -0.152935 0)
(39.5077 -0.133183 0)
(39.5097 -0.115461 0)
(39.5116 -0.0996721 0)
(39.5136 -0.0856983 0)
(39.5155 -0.0734112 0)
(39.5173 -0.0626749 0)
(39.519 -0.0533508 0)
(39.5205 -0.0452999 0)
(39.5219 -0.0383829 0)
(39.523 -0.0324483 0)
(39.5233 -0.0272717 0)
(39.3818 1.02183 0)
(39.3856 1.15746 0)
(39.3983 1.25299 0)
(39.4158 1.30932 0)
(39.4349 1.33493 0)
(39.4545 1.33744 0)
(39.4743 1.32124 0)
(39.4939 1.28925 0)
(39.5129 1.2444 0)
(39.5308 1.18967 0)
(39.5473 1.12788 0)
(39.5623 1.06179 0)
(39.5755 0.993999 0)
(39.587 0.92554 0)
(39.5965 0.857463 0)
(39.6042 0.790856 0)
(39.6101 0.726339 0)
(39.6143 0.66438 0)
(39.6169 0.605337 0)
(39.618 0.549413 0)
(39.6179 0.496736 0)
(39.6165 0.447382 0)
(39.6142 0.401371 0)
(39.611 0.358685 0)
(39.607 0.31928 0)
(39.6026 0.283087 0)
(39.5977 0.250012 0)
(39.5926 0.219941 0)
(39.5873 0.192744 0)
(39.5821 0.168275 0)
(39.5769 0.146376 0)
(39.5719 0.12688 0)
(39.5671 0.109615 0)
(39.5627 0.0944023 0)
(39.5586 0.081065 0)
(39.5548 0.0694267 0)
(39.5514 0.0593139 0)
(39.5484 0.0505545 0)
(39.5458 0.0429655 0)
(39.5443 0.0363174 0)
)
;

boundaryField
{
    inlet
    {
        type            fixedValue;
        value           uniform (39.53 0 0);
    }
    outlet
    {
        type            zeroGradient;
    }
    plate
    {
        type            noSlip;
    }
    farfield
    {
        type            fixedValue;
        value           uniform (39.53 0 0);
    }
    upstreamSlip
    {
        type            symmetry;
    }
    frontAndBack
    {
        type            empty;
    }
}


// ************************************************************************* //
