/*--------------------------------*- C++ -*----------------------------------*\
| =========                 |                                                 |
| \\      /  F ield         | OpenFOAM: The Open Source CFD Toolbox           |
|  \\    /   O peration     | Version:  2512                                  |
|   \\  /    A nd           | Website:  www.openfoam.com                      |
|    \\/     M anipulation  |                                                 |
\*---------------------------------------------------------------------------*/
FoamFile
{
    version     2.0;
    format      ascii;
    arch        "LSB;label=32;scalar=64";
    class       volVectorField;
    location    "0.0499697";
    object      U;
}
// * * * * * * * * * * * * * * * * * * * * * * * * * * * * * * * * * * * * * //

dimensions      [0 1 -1 0 0 0 0];

internalField   nonuniform List<vector> 
1800
(
(39.5288 1.58182e-05 0)
(39.5245 3.01269e-05 0)
(39.5164 4.93912e-05 0)
(39.5038 7.30582e-05 0)
(39.4857 0.000105368 0)
(39.4596 0.00015565 0)
(39.4203 0.000240064 0)
(39.3589 0.00053259 0)
(39.1812 0.000815027 0)
(39.1004 0.0811146 0)
(39.5288 4.93905e-05 0)
(39.5245 9.40236e-05 0)
(39.5164 0.000154103 0)
(39.5038 0.000227922 0)
(39.4857 0.000328705 0)
(39.4596 0.000485554 0)
(39.4203 0.000748933 0)
(39.3589 0.00165981 0)
(39.182 0.00253456 0)
(39.1019 0.193367 0)
(39.5288 8.68773e-05 0)
(39.5245 0.000165574 0)
(39.5164 0.000271202 0)
(39.5038 0.000401088 0)
(39.4857 0.000578427 0)
(39.4596 0.000854282 0)
(39.4203 0.00131798 0)
(39.3589 0.00290601 0)
(39.1835 0.00447069 0)
(39.1045 0.275954 0)
(39.5288 0.000128499 0)
(39.5245 0.000245617 0)
(39.5164 0.00040193 0)
(39.5038 0.000594407 0)
(39.4857 0.000857212 0)
(39.4596 0.00126557 0)
(39.4203 0.00195326 0)
(39.3589 0.00426632 0)
(39.1856 0.00669286 0)
(39.108 0.327813 0)
(39.5288 0.000174782 0)
(39.5245 0.000335284 0)
(39.5164 0.000547993 0)
(39.5038 0.000810367 0)
(39.4857 0.00116863 0)
(39.4597 0.00172455 0)
(39.4203 0.00266294 0)
(39.359 0.0057472 0)
(39.1881 0.00925058 0)
(39.1122 0.359114 0)
(39.5288 0.000226262 0)
(39.5245 0.000435763 0)
(39.5164 0.000711218 0)
(39.5038 0.00105164 0)
(39.4857 0.00151653 0)
(39.4597 0.00223675 0)
(39.4204 0.00345571 0)
(39.359 0.00735668 0)
(39.1912 0.0121873 0)
(39.117 0.377336 0)
(39.5288 0.000283505 0)
(39.5245 0.000548356 0)
(39.5164 0.000893602 0)
(39.5038 0.00132118 0)
(39.4857 0.00190512 0)
(39.4597 0.00280821 0)
(39.4204 0.00434101 0)
(39.3591 0.00910355 0)
(39.1946 0.0155469 0)
(39.1225 0.386904 0)
(39.5288 0.000347144 0)
(39.5245 0.000674513 0)
(39.5164 0.00109738 0)
(39.5038 0.00162224 0)
(39.4858 0.00233912 0)
(39.4597 0.00344567 0)
(39.4205 0.00532924 0)
(39.3592 0.0109984 0)
(39.1984 0.019372 0)
(39.1285 0.390678 0)
(39.5288 0.000417892 0)
(39.5245 0.000815854 0)
(39.5164 0.00132505 0)
(39.5038 0.00195849 0)
(39.4858 0.00282378 0)
(39.4597 0.00415665 0)
(39.4206 0.00643182 0)
(39.3594 0.0130543 0)
(39.2026 0.0237005 0)
(39.1352 0.390686 0)
(39.5288 0.000496558 0)
(39.5245 0.000974176 0)
(39.5164 0.00157941 0)
(39.5039 0.00233402 0)
(39.4858 0.00336495 0)
(39.4598 0.00494951 0)
(39.4207 0.00766125 0)
(39.3596 0.0152871 0)
(39.2072 0.0285635 0)
(39.1425 0.388313 0)
(39.5288 0.000584054 0)
(39.5245 0.00115148 0)
(39.5164 0.00186358 0)
(39.5039 0.00275338 0)
(39.4858 0.00396915 0)
(39.4598 0.00583356 0)
(39.4208 0.00903119 0)
(39.3599 0.0177156 0)
(39.2123 0.0339819 0)
(39.1505 0.384427 0)
(39.5288 0.000681407 0)
(39.5245 0.00134996 0)
(39.5164 0.00218102 0)
(39.5039 0.00322164 0)
(39.4858 0.0046436 0)
(39.4599 0.00681911 0)
(39.421 0.0105565 0)
(39.3603 0.0203611 0)
(39.2179 0.039965 0)
(39.1592 0.379524 0)
(39.5288 0.000789778 0)
(39.5245 0.00157208 0)
(39.5164 0.00253562 0)
(39.5039 0.00374444 0)
(39.4859 0.00539633 0)
(39.46 0.00791754 0)
(39.4212 0.0122531 0)
(39.3609 0.0232475 0)
(39.224 0.0465077 0)
(39.1686 0.373873 0)
(39.5288 0.000910468 0)
(39.5245 0.00182053 0)
(39.5164 0.00293165 0)
(39.5039 0.00432801 0)
(39.4859 0.00623618 0)
(39.4601 0.00914137 0)
(39.4215 0.0141384 0)
(39.3615 0.0264001 0)
(39.2307 0.0535889 0)
(39.1788 0.36761 0)
(39.5288 0.00104493 0)
(39.5245 0.00209831 0)
(39.5164 0.00337388 0)
(39.504 0.00497926 0)
(39.486 0.00717289 0)
(39.4602 0.0105042 0)
(39.4218 0.0162305 0)
(39.3624 0.029845 0)
(39.2379 0.0611699 0)
(39.1898 0.360814 0)
(39.5288 0.00119479 0)
(39.5245 0.0024087 0)
(39.5164 0.00386756 0)
(39.504 0.00570577 0)
(39.4861 0.00821714 0)
(39.4604 0.0120209 0)
(39.4223 0.0185486 0)
(39.3635 0.0336076 0)
(39.2457 0.0691939 0)
(39.2016 0.353541 0)
(39.5288 0.00136186 0)
(39.5245 0.00275532 0)
(39.5165 0.00441847 0)
(39.5041 0.00651587 0)
(39.4862 0.00938051 0)
(39.4606 0.0137072 0)
(39.4228 0.0211125 0)
(39.3649 0.037711 0)
(39.2541 0.0775851 0)
(39.2141 0.345843 0)
(39.5288 0.00154811 0)
(39.5245 0.00314214 0)
(39.5165 0.00503292 0)
(39.5041 0.00741864 0)
(39.4864 0.0106755 0)
(39.4609 0.0155799 0)
(39.4235 0.0239419 0)
(39.3667 0.0421742 0)
(39.2632 0.0862504 0)
(39.2274 0.337781 0)
(39.5288 0.00175573 0)
(39.5246 0.00357348 0)
(39.5165 0.00571779 0)
(39.5042 0.00842386 0)
(39.4865 0.0121156 0)
(39.4613 0.0176565 0)
(39.4244 0.027056 0)
(39.3688 0.0470094 0)
(39.2729 0.0950799 0)
(39.2414 0.329423 0)
(39.5288 0.00198711 0)
(39.5246 0.00405403 0)
(39.5166 0.0064805 0)
(39.5044 0.00954203 0)
(39.4868 0.0137148 0)
(39.4618 0.0199547 0)
(39.4254 0.0304725 0)
(39.3713 0.0522203 0)
(39.2832 0.10395 0)
(39.2561 0.320845 0)
(39.5288 0.00224482 0)
(39.5246 0.00458886 0)
(39.5167 0.00732893 0)
(39.5045 0.0107842 0)
(39.4871 0.0154878 0)
(39.4623 0.0224921 0)
(39.4267 0.0342063 0)
(39.3744 0.0577987 0)
(39.2941 0.112728 0)
(39.2713 0.312126 0)
(39.5288 0.00253163 0)
(39.5246 0.00518333 0)
(39.5167 0.00827143 0)
(39.5047 0.0121619 0)
(39.4874 0.0174492 0)
(39.463 0.0252853 0)
(39.4282 0.0382681 0)
(39.378 0.063723 0)
(39.3056 0.121276 0)
(39.287 0.303347 0)
(39.5288 0.00285043 0)
(39.5247 0.00584308 0)
(39.5169 0.00931655 0)
(39.5049 0.0136868 0)
(39.4879 0.0196134 0)
(39.4639 0.0283488 0)
(39.43 0.0426621 0)
(39.3823 0.0699557 0)
(39.3177 0.129457 0)
(39.3031 0.294587 0)
(39.5288 0.00320428 0)
(39.5247 0.0065739 0)
(39.517 0.0104729 0)
(39.5052 0.0153701 0)
(39.4884 0.0219936 0)
(39.465 0.0316938 0)
(39.4323 0.0473847 0)
(39.3872 0.0764422 0)
(39.3302 0.137141 0)
(39.3194 0.285921 0)
(39.5288 0.00359622 0)
(39.5248 0.00738155 0)
(39.5172 0.0117487 0)
(39.5056 0.0172223 0)
(39.4891 0.0246008 0)
(39.4663 0.0353265 0)
(39.4349 0.0524216 0)
(39.3928 0.0831112 0)
(39.3432 0.144213 0)
(39.3358 0.277415 0)
(39.5288 0.00402928 0)
(39.5249 0.00827151 0)
(39.5174 0.0131514 0)
(39.506 0.019252 0)
(39.49 0.0274425 0)
(39.4679 0.0392463 0)
(39.438 0.0577457 0)
(39.3992 0.0898756 0)
(39.3565 0.150581 0)
(39.3522 0.269128 0)
(39.5289 0.00450629 0)
(39.525 0.00924862 0)
(39.5176 0.0146868 0)
(39.5066 0.0214648 0)
(39.491 0.030521 0)
(39.4699 0.0434432 0)
(39.4416 0.0633156 0)
(39.4062 0.0966358 0)
(39.3701 0.156177 0)
(39.3684 0.26111 0)
(39.5289 0.00502975 0)
(39.5251 0.0103166 0)
(39.5179 0.0163583 0)
(39.5072 0.0238622 0)
(39.4923 0.0338313 0)
(39.4721 0.0478957 0)
(39.4458 0.0690747 0)
(39.414 0.103285 0)
(39.3839 0.160971 0)
(39.3843 0.253417 0)
(39.5289 0.00560164 0)
(39.5252 0.0114772 0)
(39.5183 0.0181651 0)
(39.508 0.0264388 0)
(39.4938 0.0373585 0)
(39.4748 0.0525682 0)
(39.4506 0.0749487 0)
(39.4224 0.109705 0)
(39.3977 0.164922 0)
(39.3997 0.245992 0)
(39.529 0.00622327 0)
(39.5254 0.0127297 0)
(39.5188 0.0201011 0)
(39.509 0.0291808 0)
(39.4956 0.041076 0)
(39.478 0.0574177 0)
(39.456 0.0808965 0)
(39.4314 0.115946 0)
(39.4115 0.168458 0)
(39.4144 0.239721 0)
(39.529 0.00689539 0)
(39.5256 0.0140693 0)
(39.5193 0.0221521 0)
(39.5101 0.0320596 0)
(39.4977 0.0449039 0)
(39.4816 0.0621955 0)
(39.462 0.0862527 0)
(39.441 0.120534 0)
(39.4252 0.168794 0)
(39.4287 0.229461 0)
(39.529 0.00761885 0)
(39.5258 0.015486 0)
(39.5199 0.024306 0)
(39.5115 0.0351873 0)
(39.5001 0.0494671 0)
(39.4856 0.0688331 0)
(39.4683 0.0955626 0)
(39.4503 0.132532 0)
(39.4376 0.18206 0)
(39.4407 0.241258 0)
(39.5291 0.00839672 0)
(39.526 0.0169123 0)
(39.5207 0.0259694 0)
(39.5132 0.0361759 0)
(39.5034 0.0482406 0)
(39.4912 0.0631457 0)
(39.4771 0.0822372 0)
(39.4632 0.106963 0)
(39.4543 0.137588 0)
(39.4584 0.169572 0)
(39.5291 0.00936592 0)
(39.526 0.0199003 0)
(39.5207 0.0336216 0)
(39.5133 0.0523952 0)
(39.5034 0.0778491 0)
(39.4912 0.111825 0)
(39.477 0.156474 0)
(39.4627 0.213828 0)
(39.452 0.284487 0)
(39.4504 0.364921 0)
(39.5295 0.00774535 0)
(39.5283 0.0104449 0)
(39.5263 0.00879625 0)
(39.5237 0.00362931 0)
(39.5202 -0.00498097 0)
(39.5159 -0.0173946 0)
(39.5114 -0.0343355 0)
(39.5084 -0.0570582 0)
(39.5096 -0.0877965 0)
(39.5188 -0.130499 0)
(39.5267 0.023456 0)
(39.5191 0.0543316 0)
(39.5098 0.0952749 0)
(39.4984 0.148505 0)
(39.4842 0.217245 0)
(39.4667 0.305453 0)
(39.4458 0.41709 0)
(39.4223 0.554694 0)
(39.3988 0.716768 0)
(39.3794 0.894354 0)
(9.72738 0.0931715 0)
(4.42873 0.00758501 0)
(3.15246 0.00132449 0)
(2.5639 0.000640128 0)
(2.21984 0.000400114 0)
(1.98719 0.000286431 0)
(1.81488 0.000219374 0)
(1.68049 0.00017425 0)
(1.57217 0.000142224 0)
(1.48262 0.000118836 0)
(1.40701 0.000101263 0)
(1.34206 8.7664e-05 0)
(1.28547 7.687e-05 0)
(1.23559 6.8125e-05 0)
(1.19117 6.09238e-05 0)
(1.1513 5.49072e-05 0)
(1.11524 4.98179e-05 0)
(1.08241 4.54712e-05 0)
(1.05235 4.17171e-05 0)
(1.02471 3.84567e-05 0)
(0.999155 3.55998e-05 0)
(0.975449 3.3083e-05 0)
(0.953374 3.0857e-05 0)
(0.932751 2.88674e-05 0)
(0.91343 2.7088e-05 0)
(0.895279 2.54784e-05 0)
(0.878186 2.4021e-05 0)
(0.862056 2.26873e-05 0)
(0.846805 2.14638e-05 0)
(0.83236 2.0331e-05 0)
(0.818659 1.92774e-05 0)
(0.805649 1.82893e-05 0)
(0.793285 1.73516e-05 0)
(0.781533 1.64505e-05 0)
(0.770369 1.55657e-05 0)
(0.759769 1.47313e-05 0)
(0.749714 1.35895e-05 0)
(0.740757 1.00034e-05 0)
(0.735039 1.56092e-05 0)
(0.707364 5.44631e-05 0)
(21.3051 0.245058 0)
(13.2164 0.0618461 0)
(9.75994 0.0196097 0)
(7.98523 0.00989208 0)
(6.91975 0.00614456 0)
(6.19526 0.00432411 0)
(5.65885 0.00327639 0)
(5.24051 0.00259287 0)
(4.90311 0.00211414 0)
(4.62398 0.00176507 0)
(4.3882 0.00150256 0)
(4.1856 0.00129952 0)
(4.00906 0.00113859 0)
(3.85342 0.00100844 0)
(3.71485 0.000901416 0)
(3.59045 0.000812153 0)
(3.47793 0.000736785 0)
(3.37551 0.000672466 0)
(3.28175 0.000617035 0)
(3.19549 0.00056887 0)
(3.11579 0.000526693 0)
(3.04183 0.000489505 0)
(2.97297 0.000456525 0)
(2.90864 0.000427079 0)
(2.84837 0.000400673 0)
(2.79175 0.000376837 0)
(2.73843 0.000355242 0)
(2.68811 0.000335553 0)
(2.64053 0.000317535 0)
(2.59547 0.000300938 0)
(2.55272 0.000285579 0)
(2.51212 0.000271253 0)
(2.47353 0.000257772 0)
(2.43683 0.000244909 0)
(2.40195 0.00023252 0)
(2.36882 0.000220575 0)
(2.33739 0.000203864 0)
(2.30914 0.000162819 0)
(2.28862 0.000301671 0)
(2.2135 0.000394966 0)
(28.5267 0.369272 0)
(21.1231 0.13324 0)
(16.6064 0.0567022 0)
(13.8526 0.031011 0)
(12.0811 0.0196572 0)
(10.8451 0.0138777 0)
(9.92086 0.010515 0)
(9.19626 0.00832463 0)
(8.60962 0.00679255 0)
(8.12293 0.00567428 0)
(7.71102 0.00483193 0)
(7.3566 0.00417972 0)
(7.04745 0.0036625 0)
(6.77471 0.00324407 0)
(6.53175 0.00289993 0)
(6.3135 0.00261287 0)
(6.11605 0.00237049 0)
(5.93626 0.00216363 0)
(5.77164 0.00198537 0)
(5.62016 0.00183045 0)
(5.48015 0.00169479 0)
(5.35024 0.00157517 0)
(5.22925 0.00146904 0)
(5.11621 0.0013743 0)
(5.0103 0.00128932 0)
(4.91079 0.00121263 0)
(4.81707 0.00114315 0)
(4.72862 0.00107985 0)
(4.64497 0.00102194 0)
(4.56573 0.000968641 0)
(4.49055 0.000919367 0)
(4.41913 0.000873463 0)
(4.35124 0.000830347 0)
(4.28665 0.000789306 0)
(4.22524 0.000749898 0)
(4.16686 0.000711618 0)
(4.1115 0.000659467 0)
(4.06133 0.000548365 0)
(4.0213 0.000940875 0)
(3.90554 0.00105574 0)
(33.007 0.461829 0)
(27.409 0.206535 0)
(23.0044 0.10676 0)
(19.8052 0.0642825 0)
(17.5234 0.04249 0)
(15.8433 0.0304893 0)
(14.5521 0.0232587 0)
(13.5241 0.0184863 0)
(12.6833 0.0151264 0)
(11.9808 0.0126615 0)
(11.3832 0.0107969 0)
(10.8671 0.00934875 0)
(10.4157 0.0081979 0)
(10.0166 0.00726543 0)
(9.66048 0.00649759 0)
(9.34015 0.00585651 0)
(9.05001 0.0053148 0)
(8.78559 0.00485216 0)
(8.54329 0.00445331 0)
(8.32019 0.00410653 0)
(8.11388 0.00380276 0)
(7.92233 0.00353481 0)
(7.74388 0.00329701 0)
(7.5771 0.00308469 0)
(7.42076 0.00289418 0)
(7.27383 0.00272229 0)
(7.13542 0.00256653 0)
(7.00475 0.00242464 0)
(6.88114 0.00229486 0)
(6.76401 0.00217547 0)
(6.65286 0.00206514 0)
(6.54724 0.00196243 0)
(6.44678 0.00186608 0)
(6.35118 0.00177452 0)
(6.26022 0.00168677 0)
(6.1737 0.00160104 0)
(6.09167 0.00148739 0)
(6.01671 0.00127697 0)
(5.95213 0.00202887 0)
(5.80317 0.00206713 0)
(35.7522 0.526093 0)
(31.9849 0.270129 0)
(28.3782 0.159512 0)
(25.3273 0.105133 0)
(22.8919 0.0734165 0)
(20.9585 0.0542749 0)
(19.4008 0.0420725 0)
(18.1227 0.0337632 0)
(17.0562 0.0278057 0)
(16.1522 0.0233806 0)
(15.3752 0.0200025 0)
(14.6991 0.0173612 0)
(14.1041 0.0152517 0)
(13.5757 0.0135362 0)
(13.1025 0.0121194 0)
(12.6755 0.0109338 0)
(12.2878 0.00992999 0)
(11.9338 0.00907137 0)
(11.6088 0.00833017 0)
(11.3092 0.00768503 0)
(11.0317 0.00711937 0)
(10.7738 0.00662001 0)
(10.5333 0.00617651 0)
(10.3083 0.00578034 0)
(10.0973 0.00542465 0)
(9.89884 0.00510362 0)
(9.71176 0.00481262 0)
(9.53504 0.0045475 0)
(9.36777 0.00430496 0)
(9.2092 0.00408189 0)
(9.05863 0.00387577 0)
(8.91549 0.003684 0)
(8.77927 0.00350423 0)
(8.64956 0.00333371 0)
(8.52604 0.00317045 0)
(8.40847 0.00301019 0)
(8.29695 0.00280413 0)
(8.1942 0.00247646 0)
(8.10041 0.00363302 0)
(7.92485 0.00343763 0)
(37.3962 0.567594 0)
(35.0983 0.319603 0)
(32.4876 0.207016 0)
(29.9779 0.147089 0)
(27.7538 0.108651 0)
(25.8362 0.0834459 0)
(24.1936 0.0663126 0)
(22.7849 0.0541054 0)
(21.5709 0.0450769 0)
(20.5173 0.03822 0)
(19.5953 0.0328987 0)
(18.7819 0.0286864 0)
(18.0586 0.0252908 0)
(17.4107 0.0225094 0)
(16.8264 0.0201993 0)
(16.2964 0.018257 0)
(15.8129 0.0166065 0)
(15.3696 0.0151901 0)
(14.9613 0.0139643 0)
(14.5838 0.0128949 0)
(14.2334 0.0119555 0)
(13.907 0.0111248 0)
(13.602 0.0103861 0)
(13.3163 0.00972529 0)
(13.0479 0.0091314 0)
(12.7951 0.00859493 0)
(12.5565 0.00810823 0)
(12.3309 0.00766456 0)
(12.1172 0.00725847 0)
(11.9143 0.00688489 0)
(11.7216 0.00653963 0)
(11.5381 0.00621849 0)
(11.3634 0.00591757 0)
(11.1969 0.00563252 0)
(11.0382 0.00535981 0)
(10.887 0.00509103 0)
(10.7434 0.00475676 0)
(10.61 0.00430411 0)
(10.4834 0.00583866 0)
(10.2859 0.0051872 0)
(38.3482 0.591818 0)
(37.0929 0.354876 0)
(35.3842 0.245132 0)
(33.549 0.184647 0)
(31.7677 0.14333 0)
(30.1058 0.114486 0)
(28.5853 0.0937221 0)
(27.2101 0.07819 0)
(25.974 0.0662445 0)
(24.8648 0.0568882 0)
(23.8684 0.0494488 0)
(22.9706 0.0434465 0)
(22.1587 0.0385347 0)
(21.4214 0.0344629 0)
(20.749 0.0310482 0)
(20.1333 0.0281544 0)
(19.5671 0.0256789 0)
(19.0446 0.023543 0)
(18.5606 0.0216857 0)
(18.1109 0.020059 0)
(17.6917 0.0186251 0)
(17.2997 0.0173534 0)
(16.9323 0.0162195 0)
(16.587 0.015203 0)
(16.2618 0.0142876 0)
(15.9549 0.0134592 0)
(15.6646 0.0127066 0)
(15.3895 0.0120196 0)
(15.1284 0.0113901 0)
(14.8803 0.0108105 0)
(14.6441 0.0102744 0)
(14.419 0.00977568 0)
(14.2043 0.00930835 0)
(13.9995 0.008866 0)
(13.8039 0.0084429 0)
(13.6173 0.00802462 0)
(13.4399 0.00752218 0)
(13.2737 0.00694135 0)
(13.1124 0.00875808 0)
(12.8956 0.00735372 0)
(38.8754 0.603566 0)
(38.2954 0.377985 0)
(37.278 0.272824 0)
(36.0647 0.214639 0)
(34.7913 0.173419 0)
(33.5158 0.143464 0)
(32.272 0.120978 0)
(31.0828 0.10344 0)
(29.9619 0.0894198 0)
(28.9151 0.0780594 0)
(27.9426 0.0687601 0)
(27.0416 0.0610709 0)
(26.2073 0.0546486 0)
(25.4346 0.049233 0)
(24.7182 0.0446258 0)
(24.0528 0.0406744 0)
(23.4336 0.0372595 0)
(22.8561 0.0342875 0)
(22.3165 0.0316838 0)
(21.8111 0.0293888 0)
(21.3367 0.0273544 0)
(20.8905 0.0255413 0)
(20.47 0.0239177 0)
(20.073 0.0224567 0)
(19.6975 0.0211365 0)
(19.3416 0.0199384 0)
(19.0039 0.0188469 0)
(18.6829 0.0178484 0)
(18.3774 0.0169314 0)
(18.0862 0.0160857 0)
(17.8084 0.0153024 0)
(17.543 0.0145727 0)
(17.2894 0.0138886 0)
(17.0468 0.013241 0)
(16.8148 0.0126213 0)
(16.5929 0.0120072 0)
(16.3815 0.0112945 0)
(16.182 0.0105792 0)
(15.9863 0.0125243 0)
(15.7516 0.00999233 0)
(39.1521 0.606762 0)
(38.9738 0.391792 0)
(38.4265 0.291077 0)
(37.6951 0.236236 0)
(36.874 0.196744 0)
(35.9984 0.167462 0)
(35.0925 0.144949 0)
(34.1785 0.126869 0)
(33.2742 0.111961 0)
(32.3928 0.099509 0)
(31.5424 0.0890218 0)
(30.728 0.0801226 0)
(29.952 0.0725151 0)
(29.2149 0.065967 0)
(28.5163 0.0602951 0)
(27.8551 0.055353 0)
(27.2293 0.0510226 0)
(26.6372 0.047208 0)
(26.0767 0.0438304 0)
(25.5456 0.0408252 0)
(25.0422 0.0381393 0)
(24.5644 0.035728 0)
(24.1105 0.0335546 0)
(23.6788 0.0315875 0)
(23.2678 0.0298008 0)
(22.876 0.0281717 0)
(22.5023 0.0266813 0)
(22.1452 0.0253128 0)
(21.8039 0.0240518 0)
(21.4773 0.0228853 0)
(21.1644 0.0218019 0)
(20.8646 0.0207906 0)
(20.577 0.0198406 0)
(20.3012 0.0189403 0)
(20.0365 0.0180775 0)
(19.7827 0.0172208 0)
(19.5401 0.0162576 0)
(19.3094 0.0153932 0)
(19.0826 0.0172712 0)
(18.8323 0.0131676 0)
(39.2883 0.604358 0)
(39.3289 0.399179 0)
(39.0697 0.301914 0)
(38.6656 0.250295 0)
(38.1853 0.21301 0)
(37.6447 0.185226 0)
(37.0545 0.163704 0)
(36.4278 0.146168 0)
(35.778 0.131421 0)
(35.1168 0.118831 0)
(34.4534 0.107984 0)
(33.7952 0.0985704 0)
(33.1474 0.0903464 0)
(32.5142 0.0831208 0)
(31.8983 0.0767412 0)
(31.3015 0.0710838 0)
(30.7249 0.0660463 0)
(30.1689 0.0615432 0)
(29.6336 0.0575028 0)
(29.1187 0.0538646 0)
(28.6238 0.0505772 0)
(28.1483 0.0475969 0)
(27.6914 0.0448864 0)
(27.2525 0.0424136 0)
(26.8307 0.0401508 0)
(26.4253 0.0380738 0)
(26.0355 0.036162 0)
(25.6605 0.0343968 0)
(25.2997 0.0327621 0)
(24.9523 0.0312429 0)
(24.6177 0.0298261 0)
(24.2954 0.0284986 0)
(23.9848 0.0272475 0)
(23.6854 0.0260587 0)
(23.3969 0.024916 0)
(23.1192 0.0237787 0)
(22.8526 0.0225341 0)
(22.5972 0.0214972 0)
(22.3466 0.0230914 0)
(22.0852 0.0169331 0)
(39.3509 0.598375 0)
(39.4995 0.402558 0)
(39.4 0.307592 0)
(39.1935 0.258547 0)
(38.9372 0.223238 0)
(38.6363 0.197017 0)
(38.2915 0.176802 0)
(37.9075 0.160312 0)
(37.4913 0.146343 0)
(37.0496 0.134282 0)
(36.5891 0.123749 0)
(36.1152 0.114466 0)
(35.6331 0.106222 0)
(35.1471 0.0988574 0)
(34.6607 0.0922454 0)
(34.1768 0.0862854 0)
(33.698 0.0808943 0)
(33.226 0.0760024 0)
(32.7622 0.0715505 0)
(32.3078 0.0674881 0)
(31.8635 0.0637714 0)
(31.4299 0.0603627 0)
(31.0072 0.0572289 0)
(30.5957 0.0543411 0)
(30.1955 0.0516738 0)
(29.8064 0.0492046 0)
(29.4283 0.0469134 0)
(29.0612 0.0447821 0)
(28.7047 0.0427947 0)
(28.3586 0.0409361 0)
(28.0227 0.0391923 0)
(27.6968 0.0375495 0)
(27.3805 0.0359935 0)
(27.0738 0.0345083 0)
(26.7765 0.0330738 0)
(26.4887 0.0316407 0)
(26.2107 0.0301045 0)
(25.9425 0.0288722 0)
(25.68 0.0299696 0)
(25.4161 0.0212967 0)
(39.3776 0.59006 0)
(39.5731 0.403676 0)
(39.5541 0.310076 0)
(39.454 0.262883 0)
(39.3274 0.229052 0)
(39.1757 0.204046 0)
(38.9948 0.184974 0)
(38.7844 0.169539 0)
(38.5468 0.156502 0)
(38.2844 0.145236 0)
(38.0004 0.13536 0)
(37.6977 0.126601 0)
(37.3792 0.118757 0)
(37.0477 0.111678 0)
(36.7061 0.105251 0)
(36.3567 0.0993885 0)
(36.0018 0.0940193 0)
(35.6434 0.0890858 0)
(35.2832 0.0845394 0)
(34.9227 0.0803393 0)
(34.5632 0.0764501 0)
(34.2058 0.0728413 0)
(33.8515 0.0694863 0)
(33.5009 0.0663612 0)
(33.1548 0.0634451 0)
(32.8136 0.0607189 0)
(32.4777 0.0581658 0)
(32.1474 0.0557699 0)
(31.8231 0.0535169 0)
(31.5049 0.0513932 0)
(31.1929 0.0493858 0)
(30.8873 0.047481 0)
(30.5881 0.0456645 0)
(30.2955 0.0439193 0)
(30.0096 0.0422221 0)
(29.7308 0.0405168 0)
(29.4594 0.0387124 0)
(29.1955 0.0372768 0)
(28.9379 0.0376996 0)
(28.6841 0.026176 0)
(39.3882 0.580105 0)
(39.6001 0.403625 0)
(39.6183 0.310797 0)
(39.5696 0.26489 0)
(39.5093 0.232069 0)
(39.4388 0.207837 0)
(39.3528 0.189541 0)
(39.2493 0.174898 0)
(39.1281 0.162636 0)
(38.9896 0.152106 0)
(38.8343 0.142913 0)
(38.6632 0.134776 0)
(38.4772 0.127488 0)
(38.2775 0.120897 0)
(38.0655 0.114888 0)
(37.8423 0.109377 0)
(37.6095 0.104296 0)
(37.3683 0.0995915 0)
(37.1199 0.0952198 0)
(36.8656 0.0911447 0)
(36.6064 0.0873363 0)
(36.3435 0.0837688 0)
(36.0777 0.0804202 0)
(35.8099 0.0772711 0)
(35.5409 0.0743045 0)
(35.2714 0.071505 0)
(35.0019 0.0688589 0)
(34.7332 0.0663534 0)
(34.4656 0.0639765 0)
(34.1996 0.0617166 0)
(33.9356 0.0595623 0)
(33.6739 0.0575014 0)
(33.415 0.05552 0)
(33.159 0.0536007 0)
(32.9065 0.0517175 0)
(32.6578 0.0498098 0)
(32.4136 0.0478025 0)
(32.1739 0.0461841 0)
(31.9402 0.0458229 0)
(31.7113 0.0313575 0)
(39.3924 0.568846 0)
(39.6067 0.40299 0)
(39.6412 0.310649 0)
(39.6149 0.265665 0)
(39.5847 0.233551 0)
(39.5528 0.20974 0)
(39.5146 0.191867 0)
(39.4679 0.177695 0)
(39.4119 0.165934 0)
(39.3465 0.155918 0)
(39.2711 0.147242 0)
(39.1855 0.139617 0)
(39.0898 0.132826 0)
(38.9839 0.12671 0)
(38.8682 0.121151 0)
(38.7431 0.116058 0)
(38.6089 0.111361 0)
(38.4661 0.107007 0)
(38.3155 0.102949 0)
(38.1575 0.0991534 0)
(37.9928 0.0955897 0)
(37.8219 0.0922338 0)
(37.6456 0.089065 0)
(37.4644 0.0860659 0)
(37.2789 0.0832214 0)
(37.0897 0.0805179 0)
(36.8972 0.0779436 0)
(36.7021 0.0754876 0)
(36.5047 0.0731397 0)
(36.3056 0.0708897 0)
(36.1051 0.0687277 0)
(35.9037 0.0666424 0)
(35.7018 0.0646204 0)
(35.4997 0.0626441 0)
(35.298 0.0606852 0)
(35.0971 0.05868 0)
(34.8976 0.0565679 0)
(34.7 0.0548171 0)
(34.5073 0.0536532 0)
(34.3165 0.0364991 0)
(39.3943 0.55643 0)
(39.6051 0.402016 0)
(39.6471 0.310114 0)
(39.6301 0.265843 0)
(39.6119 0.234299 0)
(39.5963 0.210702 0)
(39.579 0.193007 0)
(39.5583 0.179056 0)
(39.5338 0.167551 0)
(39.5051 0.157817 0)
(39.4719 0.149445 0)
(39.4336 0.142142 0)
(39.3899 0.135686 0)
(39.3405 0.129913 0)
(39.2851 0.124699 0)
(39.2237 0.11995 0)
(39.1561 0.115591 0)
(39.0824 0.111565 0)
(39.0027 0.107824 0)
(38.917 0.10433 0)
(38.8256 0.101053 0)
(38.7287 0.0979658 0)
(38.6264 0.0950482 0)
(38.519 0.0922818 0)
(38.4069 0.0896511 0)
(38.2902 0.0871427 0)
(38.1694 0.084745 0)
(38.0446 0.0824472 0)
(37.9162 0.0802396 0)
(37.7846 0.0781125 0)
(37.6499 0.0760561 0)
(37.5126 0.0740594 0)
(37.3728 0.0721089 0)
(37.2311 0.0701862 0)
(37.0877 0.0682605 0)
(36.943 0.066266 0)
(36.7975 0.0641522 0)
(36.6519 0.0623322 0)
(36.5101 0.0604349 0)
(36.3648 0.0412102 0)
(39.3956 0.542915 0)
(39.6004 0.400755 0)
(39.6465 0.309422 0)
(39.6336 0.265739 0)
(39.6199 0.234738 0)
(39.6104 0.21127 0)
(39.6012 0.193621 0)
(39.5908 0.179741 0)
(39.5793 0.168332 0)
(39.5666 0.158714 0)
(39.5523 0.150479 0)
(39.5362 0.143331 0)
(39.5179 0.13705 0)
(39.497 0.131467 0)
(39.4735 0.126456 0)
(39.4469 0.121921 0)
(39.4171 0.117786 0)
(39.3839 0.113988 0)
(39.3473 0.11048 0)
(39.307 0.10722 0)
(39.263 0.104176 0)
(39.2154 0.10132 0)
(39.164 0.0986295 0)
(39.1089 0.0960846 0)
(39.0501 0.0936689 0)
(38.9878 0.0913678 0)
(38.9219 0.089169 0)
(38.8526 0.0870609 0)
(38.7799 0.0850332 0)
(38.7041 0.0830755 0)
(38.6252 0.0811775 0)
(38.5434 0.0793277 0)
(38.4589 0.0775116 0)
(38.3719 0.0757094 0)
(38.2825 0.0738878 0)
(38.1911 0.0719796 0)
(38.0979 0.0699384 0)
(38.0037 0.0680988 0)
(37.9123 0.0655946 0)
(37.8118 0.0451906 0)
(39.397 0.528338 0)
(39.5945 0.39916 0)
(39.6436 0.30867 0)
(39.6331 0.265484 0)
(39.6211 0.235055 0)
(39.6138 0.211705 0)
(39.6074 0.194045 0)
(39.6007 0.180166 0)
(39.5938 0.168772 0)
(39.587 0.159179 0)
(39.58 0.15098 0)
(39.5727 0.143883 0)
(39.5648 0.137666 0)
(39.5563 0.13216 0)
(39.5468 0.12724 0)
(39.5362 0.122807 0)
(39.5243 0.118784 0)
(39.5111 0.115109 0)
(39.4962 0.111731 0)
(39.4797 0.10861 0)
(39.4614 0.10571 0)
(39.4411 0.103003 0)
(39.4189 0.100466 0)
(39.3945 0.0980765 0)
(39.3681 0.0958185 0)
(39.3394 0.0936758 0)
(39.3086 0.0916352 0)
(39.2755 0.0896841 0)
(39.2402 0.0878114 0)
(39.2027 0.0860059 0)
(39.163 0.0842564 0)
(39.1211 0.0825502 0)
(39.077 0.080872 0)
(39.031 0.0792002 0)
(38.9829 0.0774994 0)
(38.9331 0.075701 0)
(38.8816 0.0737581 0)
(38.8291 0.0719156 0)
(38.7789 0.068943 0)
(38.7154 0.0483407 0)
(39.3986 0.512741 0)
(39.588 0.397133 0)
(39.6397 0.307892 0)
(39.6312 0.265124 0)
(39.6202 0.235315 0)
(39.6137 0.21211 0)
(39.6083 0.194424 0)
(39.6028 0.180517 0)
(39.5975 0.169103 0)
(39.5925 0.159496 0)
(39.5879 0.151287 0)
(39.5836 0.144189 0)
(39.5795 0.137978 0)
(39.5753 0.132487 0)
(39.5711 0.127591 0)
(39.5667 0.12319 0)
(39.5619 0.119207 0)
(39.5568 0.115579 0)
(39.5512 0.112257 0)
(39.545 0.109196 0)
(39.5381 0.106364 0)
(39.5305 0.103731 0)
(39.5221 0.101273 0)
(39.5128 0.0989678 0)
(39.5025 0.0967979 0)
(39.4912 0.0947473 0)
(39.4789 0.092802 0)
(39.4654 0.0909489 0)
(39.4508 0.0891763 0)
(39.435 0.0874723 0)
(39.418 0.0858252 0)
(39.3998 0.0842214 0)
(39.3803 0.0826446 0)
(39.3597 0.0810722 0)
(39.3378 0.0794667 0)
(39.3148 0.0777592 0)
(39.2908 0.0758985 0)
(39.2662 0.0740391 0)
(39.2438 0.0707151 0)
(39.2059 0.0507887 0)
(39.4006 0.496192 0)
(39.5813 0.394553 0)
(39.6352 0.307093 0)
(39.6287 0.264675 0)
(39.6185 0.235532 0)
(39.6125 0.212519 0)
(39.6076 0.19481 0)
(39.6026 0.180864 0)
(39.5978 0.169419 0)
(39.5934 0.159781 0)
(39.5896 0.151545 0)
(39.5862 0.144422 0)
(39.5831 0.138193 0)
(39.5803 0.132691 0)
(39.5778 0.127788 0)
(39.5753 0.123386 0)
(39.573 0.119407 0)
(39.5706 0.115788 0)
(39.5683 0.112478 0)
(39.5658 0.109435 0)
(39.5632 0.106625 0)
(39.5605 0.104018 0)
(39.5575 0.101589 0)
(39.5542 0.0993172 0)
(39.5506 0.0971841 0)
(39.5467 0.0951734 0)
(39.5424 0.0932709 0)
(39.5376 0.0914634 0)
(39.5324 0.0897387 0)
(39.5268 0.0880846 0)
(39.5207 0.0864888 0)
(39.514 0.0849374 0)
(39.5068 0.0834134 0)
(39.4991 0.0818929 0)
(39.4909 0.0803376 0)
(39.4821 0.0786785 0)
(39.4729 0.0768581 0)
(39.4638 0.0749447 0)
(39.4567 0.071344 0)
(39.4337 0.052717 0)
(39.403 0.478788 0)
(39.5743 0.391292 0)
(39.6302 0.306258 0)
(39.626 0.264143 0)
(39.6165 0.235698 0)
(39.6109 0.212936 0)
(39.6064 0.195216 0)
(39.6017 0.181229 0)
(39.5971 0.169749 0)
(39.593 0.160076 0)
(39.5894 0.151804 0)
(39.5863 0.14465 0)
(39.5835 0.138393 0)
(39.5811 0.132868 0)
(39.579 0.127946 0)
(39.5772 0.123529 0)
(39.5755 0.119539 0)
(39.574 0.115913 0)
(39.5726 0.112598 0)
(39.5713 0.109554 0)
(39.57 0.106745 0)
(39.5687 0.104141 0)
(39.5675 0.101718 0)
(39.5662 0.0994549 0)
(39.5649 0.0973326 0)
(39.5636 0.0953352 0)
(39.5621 0.0934483 0)
(39.5606 0.0916588 0)
(39.5589 0.0899544 0)
(39.5572 0.0883231 0)
(39.5553 0.0867524 0)
(39.5532 0.0852281 0)
(39.5511 0.083733 0)
(39.5487 0.0822429 0)
(39.5463 0.0807186 0)
(39.5438 0.0790918 0)
(39.5411 0.0772975 0)
(39.5389 0.075325 0)
(39.5384 0.0715308 0)
(39.5229 0.0545963 0)
(39.4059 0.460655 0)
(39.5671 0.38722 0)
(39.6247 0.305357 0)
(39.6229 0.263532 0)
(39.6142 0.235803 0)
(39.6091 0.213355 0)
(39.605 0.195646 0)
(39.6005 0.181619 0)
(39.5961 0.170102 0)
(39.5922 0.160391 0)
(39.5887 0.152081 0)
(39.5857 0.14489 0)
(39.5831 0.138602 0)
(39.5808 0.133049 0)
(39.5789 0.128104 0)
(39.5772 0.123667 0)
(39.5757 0.11966 0)
(39.5744 0.11602 0)
(39.5732 0.112693 0)
(39.5722 0.109639 0)
(39.5713 0.106821 0)
(39.5705 0.10421 0)
(39.5697 0.10178 0)
(39.569 0.099509 0)
(39.5683 0.0973789 0)
(39.5677 0.0953726 0)
(39.5671 0.0934754 0)
(39.5665 0.0916735 0)
(39.566 0.0899542 0)
(39.5654 0.0883047 0)
(39.5649 0.0867122 0)
(39.5643 0.085162 0)
(39.5638 0.0836361 0)
(39.5634 0.0821097 0)
(39.5629 0.080543 0)
(39.5625 0.0788682 0)
(39.5623 0.0770121 0)
(39.5625 0.0748927 0)
(39.5641 0.0708757 0)
(39.552 0.0556933 0)
(39.4093 0.441955 0)
(39.56 0.382221 0)
(39.6187 0.304342 0)
(39.6194 0.262848 0)
(39.6116 0.235832 0)
(39.607 0.213766 0)
(39.6033 0.196096 0)
(39.5991 0.182034 0)
(39.595 0.170481 0)
(39.5912 0.16073 0)
(39.5878 0.15238 0)
(39.5849 0.145151 0)
(39.5824 0.138828 0)
(39.5802 0.133245 0)
(39.5783 0.128275 0)
(39.5767 0.123816 0)
(39.5753 0.119792 0)
(39.5741 0.116137 0)
(39.573 0.112801 0)
(39.572 0.10974 0)
(39.5712 0.106921 0)
(39.5705 0.104312 0)
(39.5698 0.10189 0)
(39.5693 0.099634 0)
(39.5688 0.0975253 0)
(39.5683 0.0955482 0)
(39.5679 0.0936886 0)
(39.5676 0.0919335 0)
(39.5673 0.0902706 0)
(39.5671 0.0886878 0)
(39.5669 0.0871722 0)
(39.5668 0.0857092 0)
(39.5667 0.0842808 0)
(39.5667 0.0828614 0)
(39.5669 0.081411 0)
(39.5671 0.0798619 0)
(39.5675 0.0781323 0)
(39.5684 0.0760779 0)
(39.5702 0.0721237 0)
(39.5598 0.0589627 0)
(39.4133 0.422878 0)
(39.5529 0.376201 0)
(39.6122 0.303145 0)
(39.6155 0.262093 0)
(39.6088 0.235772 0)
(39.6047 0.214156 0)
(39.6014 0.196563 0)
(39.5975 0.182472 0)
(39.5936 0.170882 0)
(39.59 0.161093 0)
(39.5868 0.1527 0)
(39.584 0.14543 0)
(39.5816 0.139069 0)
(39.5795 0.133451 0)
(39.5776 0.128449 0)
(39.5761 0.12396 0)
(39.5747 0.119906 0)
(39.5735 0.11622 0)
(39.5725 0.112849 0)
(39.5716 0.109748 0)
(39.5708 0.106879 0)
(39.5701 0.104211 0)
(39.5695 0.101716 0)
(39.569 0.0993698 0)
(39.5685 0.0971531 0)
(39.5681 0.0950476 0)
(39.5678 0.0930375 0)
(39.5675 0.0911085 0)
(39.5673 0.0892475 0)
(39.5671 0.0874417 0)
(39.567 0.0856782 0)
(39.567 0.0839425 0)
(39.567 0.0822168 0)
(39.5672 0.0804762 0)
(39.5674 0.0786812 0)
(39.5678 0.0767657 0)
(39.5683 0.0746401 0)
(39.5692 0.0721092 0)
(39.5708 0.0676961 0)
(39.5613 0.0558546 0)
(39.4178 0.403638 0)
(39.5459 0.369101 0)
(39.6053 0.30168 0)
(39.6112 0.261268 0)
(39.6057 0.235612 0)
(39.6021 0.214508 0)
(39.5992 0.197038 0)
(39.5957 0.182931 0)
(39.592 0.171309 0)
(39.5886 0.161484 0)
(39.5855 0.153051 0)
(39.5829 0.145743 0)
(39.5806 0.13935 0)
(39.5785 0.133711 0)
(39.5768 0.128697 0)
(39.5753 0.124212 0)
(39.5739 0.120179 0)
(39.5728 0.116536 0)
(39.5718 0.113234 0)
(39.5709 0.110234 0)
(39.5702 0.107502 0)
(39.5695 0.105011 0)
(39.5689 0.102738 0)
(39.5684 0.100662 0)
(39.568 0.0987659 0)
(39.5676 0.0970324 0)
(39.5673 0.0954463 0)
(39.567 0.0939924 0)
(39.5668 0.0926561 0)
(39.5666 0.0914224 0)
(39.5665 0.0902754 0)
(39.5665 0.0891973 0)
(39.5666 0.0881666 0)
(39.5667 0.0871547 0)
(39.567 0.0861187 0)
(39.5674 0.08499 0)
(39.5679 0.0836698 0)
(39.5687 0.0819247 0)
(39.5698 0.0784272 0)
(39.5615 0.0692153 0)
(39.423 0.384467 0)
(39.5393 0.36091 0)
(39.5979 0.299848 0)
(39.6065 0.260363 0)
(39.6022 0.235341 0)
(39.5991 0.2148 0)
(39.5967 0.197506 0)
(39.5936 0.183396 0)
(39.5902 0.171739 0)
(39.587 0.161867 0)
(39.5841 0.153375 0)
(39.5816 0.145997 0)
(39.5794 0.139522 0)
(39.5774 0.133782 0)
(39.5758 0.128642 0)
(39.5743 0.123993 0)
(39.5731 0.119746 0)
(39.572 0.115829 0)
(39.571 0.112179 0)
(39.5702 0.108747 0)
(39.5695 0.105491 0)
(39.5688 0.102379 0)
(39.5683 0.0993828 0)
(39.5678 0.0964815 0)
(39.5674 0.0936584 0)
(39.5671 0.0909005 0)
(39.5668 0.0881974 0)
(39.5666 0.0855407 0)
(39.5664 0.0829232 0)
(39.5663 0.0803378 0)
(39.5662 0.0777768 0)
(39.5662 0.0752306 0)
(39.5663 0.0726852 0)
(39.5664 0.0701189 0)
(39.5667 0.0674947 0)
(39.5671 0.0647489 0)
(39.5676 0.0617776 0)
(39.5683 0.058319 0)
(39.5689 0.0531881 0)
(39.5609 0.0436822 0)
(39.4286 0.365604 0)
(39.5331 0.351672 0)
(39.5902 0.297545 0)
(39.6012 0.259364 0)
(39.5983 0.234962 0)
(39.5958 0.215031 0)
(39.5938 0.197989 0)
(39.5912 0.183926 0)
(39.5881 0.172281 0)
(39.5851 0.162429 0)
(39.5824 0.153981 0)
(39.58 0.14669 0)
(39.5779 0.140371 0)
(39.5761 0.134881 0)
(39.5745 0.13011 0)
(39.5731 0.125974 0)
(39.5719 0.122406 0)
(39.5708 0.119352 0)
(39.5699 0.116763 0)
(39.5691 0.114594 0)
(39.5684 0.112805 0)
(39.5677 0.111356 0)
(39.5672 0.110211 0)
(39.5667 0.109333 0)
(39.5663 0.10869 0)
(39.5659 0.108251 0)
(39.5656 0.107984 0)
(39.5654 0.107863 0)
(39.5652 0.107862 0)
(39.565 0.107955 0)
(39.5649 0.108119 0)
(39.5649 0.108329 0)
(39.565 0.108559 0)
(39.5651 0.108777 0)
(39.5653 0.10894 0)
(39.5657 0.108981 0)
(39.5661 0.108795 0)
(39.5666 0.108127 0)
(39.5668 0.106037 0)
(39.561 0.100871 0)
(39.4347 0.347284 0)
(39.5274 0.341487 0)
(39.5822 0.294654 0)
(39.5954 0.258201 0)
(39.594 0.234397 0)
(39.5921 0.215052 0)
(39.5906 0.198245 0)
(39.5884 0.184132 0)
(39.5856 0.172305 0)
(39.5829 0.162161 0)
(39.5805 0.153274 0)
(39.5783 0.14535 0)
(39.5763 0.13816 0)
(39.5747 0.131509 0)
(39.5732 0.125249 0)
(39.572 0.119265 0)
(39.5709 0.113477 0)
(39.57 0.107828 0)
(39.5692 0.102284 0)
(39.5685 0.0968239 0)
(39.5679 0.0914404 0)
(39.5674 0.0861319 0)
(39.5669 0.0809016 0)
(39.5666 0.0757553 0)
(39.5662 0.070699 0)
(39.566 0.0657387 0)
(39.5657 0.0608791 0)
(39.5656 0.0561231 0)
(39.5654 0.0514714 0)
(39.5653 0.0469223 0)
(39.5653 0.0424707 0)
(39.5653 0.0381073 0)
(39.5654 0.0338171 0)
(39.5656 0.0295755 0)
(39.5658 0.0253419 0)
(39.5661 0.021048 0)
(39.5665 0.0165741 0)
(39.567 0.0116388 0)
(39.5669 0.00541871 0)
(39.5593 -0.00281524 0)
(39.4412 0.32976 0)
(39.5223 0.330587 0)
(39.574 0.291228 0)
(39.589 0.257076 0)
(39.5892 0.234077 0)
(39.5879 0.215581 0)
(39.5869 0.199471 0)
(39.5851 0.185972 0)
(39.5827 0.174933 0)
(39.5802 0.16593 0)
(39.5779 0.158657 0)
(39.5758 0.152925 0)
(39.574 0.148579 0)
(39.5723 0.145468 0)
(39.5708 0.143441 0)
(39.5695 0.142356 0)
(39.5683 0.142073 0)
(39.5673 0.142462 0)
(39.5664 0.143402 0)
(39.5656 0.144786 0)
(39.5649 0.146521 0)
(39.5643 0.148525 0)
(39.5637 0.150728 0)
(39.5632 0.153072 0)
(39.5628 0.155508 0)
(39.5625 0.157996 0)
(39.5622 0.160501 0)
(39.562 0.162996 0)
(39.5618 0.165457 0)
(39.5617 0.167864 0)
(39.5616 0.1702 0)
(39.5616 0.172447 0)
(39.5617 0.174588 0)
(39.5618 0.176601 0)
(39.5621 0.178455 0)
(39.5623 0.1801 0)
(39.5626 0.181449 0)
(39.5629 0.182297 0)
(39.5625 0.182099 0)
(39.5607 0.180231 0)
(39.4479 0.313003 0)
(39.5179 0.31874 0)
(39.5658 0.286385 0)
(39.5822 0.254496 0)
(39.5839 0.231629 0)
(39.5834 0.2128 0)
(39.5828 0.195624 0)
(39.5816 0.180058 0)
(39.5798 0.165885 0)
(39.5779 0.152593 0)
(39.5761 0.139792 0)
(39.5745 0.127278 0)
(39.5731 0.114962 0)
(39.5719 0.102815 0)
(39.5709 0.0908497 0)
(39.5701 0.0791008 0)
(39.5693 0.0676093 0)
(39.5687 0.0564153 0)
(39.5681 0.0455524 0)
(39.5676 0.0350464 0)
(39.5672 0.0249149 0)
(39.5668 0.0151682 0)
(39.5664 0.00580956 0)
(39.5661 -0.00316284 0)
(39.5659 -0.0117556 0)
(39.5656 -0.0199788 0)
(39.5654 -0.0278457 0)
(39.5653 -0.0353721 0)
(39.5651 -0.042576 0)
(39.565 -0.0494776 0)
(39.565 -0.0561001 0)
(39.565 -0.0624697 0)
(39.565 -0.0686179 0)
(39.5651 -0.0745842 0)
(39.5653 -0.0804219 0)
(39.5655 -0.0862089 0)
(39.5658 -0.0920708 0)
(39.5659 -0.0982478 0)
(39.5652 -0.105156 0)
(39.5558 -0.112121 0)
(39.4547 0.298776 0)
(39.514 0.308981 0)
(39.5574 0.284685 0)
(39.5745 0.257666 0)
(39.5776 0.238428 0)
(39.5775 0.224284 0)
(39.5772 0.213355 0)
(39.576 0.20581 0)
(39.5741 0.201687 0)
(39.5719 0.200517 0)
(39.5697 0.201725 0)
(39.5677 0.204799 0)
(39.5658 0.20929 0)
(39.5642 0.214809 0)
(39.5627 0.221033 0)
(39.5615 0.2277 0)
(39.5604 0.234608 0)
(39.5594 0.241604 0)
(39.5586 0.248569 0)
(39.5579 0.255419 0)
(39.5573 0.262094 0)
(39.5569 0.26855 0)
(39.5565 0.274759 0)
(39.5562 0.280704 0)
(39.5559 0.286375 0)
(39.5557 0.291767 0)
(39.5556 0.29688 0)
(39.5555 0.301718 0)
(39.5554 0.306283 0)
(39.5554 0.310582 0)
(39.5555 0.314618 0)
(39.5556 0.318395 0)
(39.5558 0.321914 0)
(39.556 0.325171 0)
(39.5562 0.328155 0)
(39.5565 0.330838 0)
(39.5568 0.333163 0)
(39.5568 0.334994 0)
(39.5563 0.336015 0)
(39.561 0.335469 0)
(39.462 0.278524 0)
(39.5115 0.287806 0)
(39.5502 0.264875 0)
(39.5679 0.234112 0)
(39.5728 0.205886 0)
(39.5744 0.178791 0)
(39.5756 0.151058 0)
(39.5761 0.122985 0)
(39.576 0.0952422 0)
(39.5755 0.0681812 0)
(39.5749 0.0420101 0)
(39.5742 0.0169096 0)
(39.5736 -0.00698258 0)
(39.5729 -0.0295898 0)
(39.5723 -0.0508874 0)
(39.5716 -0.0708876 0)
(39.571 -0.0896276 0)
(39.5705 -0.107161 0)
(39.5699 -0.123552 0)
(39.5694 -0.138868 0)
(39.5689 -0.15318 0)
(39.5684 -0.166557 0)
(39.568 -0.179067 0)
(39.5675 -0.190774 0)
(39.5671 -0.201738 0)
(39.5668 -0.212017 0)
(39.5664 -0.221666 0)
(39.5661 -0.230734 0)
(39.5658 -0.239271 0)
(39.5656 -0.247323 0)
(39.5654 -0.254937 0)
(39.5653 -0.262158 0)
(39.5652 -0.269033 0)
(39.5652 -0.275614 0)
(39.5652 -0.28196 0)
(39.5652 -0.288143 0)
(39.5652 -0.294259 0)
(39.565 -0.300428 0)
(39.5637 -0.306614 0)
(39.5489 -0.311103 0)
(39.4669 0.292212 0)
(39.5063 0.314741 0)
(39.5386 0.31364 0)
(39.5541 0.308544 0)
(39.558 0.309991 0)
(39.5579 0.317575 0)
(39.5571 0.328751 0)
(39.5557 0.342279 0)
(39.5539 0.357455 0)
(39.5519 0.373525 0)
(39.5501 0.389814 0)
(39.5486 0.40585 0)
(39.5473 0.421342 0)
(39.5463 0.436111 0)
(39.5455 0.450059 0)
(39.5449 0.463143 0)
(39.5444 0.475359 0)
(39.5441 0.486724 0)
(39.5439 0.497273 0)
(39.5438 0.507047 0)
(39.5438 0.516094 0)
(39.5439 0.524458 0)
(39.5439 0.532188 0)
(39.5441 0.539326 0)
(39.5443 0.545913 0)
(39.5445 0.551989 0)
(39.5447 0.557587 0)
(39.5449 0.562739 0)
(39.5452 0.567472 0)
(39.5455 0.571812 0)
(39.5459 0.575777 0)
(39.5462 0.579385 0)
(39.5466 0.582647 0)
(39.547 0.58557 0)
(39.5474 0.58815 0)
(39.5478 0.590375 0)
(39.5481 0.592206 0)
(39.5482 0.593539 0)
(39.5485 0.594036 0)
(39.5632 0.59216 0)
(39.4807 0.188101 0)
(39.5144 0.176753 0)
(39.5449 0.13629 0)
(39.5637 0.0814496 0)
(39.5728 0.0241474 0)
(39.5778 -0.0316207 0)
(39.5811 -0.0850586 0)
(39.5832 -0.135383 0)
(39.5841 -0.181862 0)
(39.5841 -0.224247 0)
(39.5836 -0.262664 0)
(39.5828 -0.297385 0)
(39.5818 -0.328722 0)
(39.5807 -0.356998 0)
(39.5795 -0.382529 0)
(39.5783 -0.405612 0)
(39.5772 -0.426516 0)
(39.576 -0.445484 0)
(39.5749 -0.46273 0)
(39.5738 -0.478444 0)
(39.5728 -0.492789 0)
(39.5719 -0.505913 0)
(39.571 -0.517941 0)
(39.5701 -0.528986 0)
(39.5693 -0.539146 0)
(39.5685 -0.548507 0)
(39.5678 -0.557147 0)
(39.5672 -0.565133 0)
(39.5666 -0.57253 0)
(39.566 -0.579392 0)
(39.5655 -0.585772 0)
(39.5651 -0.591719 0)
(39.5647 -0.597279 0)
(39.5644 -0.602497 0)
(39.5641 -0.607414 0)
(39.5638 -0.612071 0)
(39.5635 -0.616483 0)
(39.5627 -0.620575 0)
(39.5601 -0.623826 0)
(39.536 -0.623951 0)
(39.461 0.44473 0)
(39.4794 0.512188 0)
(39.4961 0.565326 0)
(39.5051 0.610688 0)
(39.5081 0.653257 0)
(39.5089 0.693201 0)
(39.5097 0.729273 0)
(39.5106 0.761177 0)
(39.5114 0.789313 0)
(39.5123 0.814122 0)
(39.5132 0.835945 0)
(39.5143 0.855104 0)
(39.5154 0.871925 0)
(39.5165 0.886708 0)
(39.5177 0.899721 0)
(39.5189 0.911192 0)
(39.5201 0.921318 0)
(39.5213 0.930268 0)
(39.5224 0.938186 0)
(39.5235 0.945195 0)
(39.5246 0.951398 0)
(39.5256 0.956885 0)
(39.5266 0.961731 0)
(39.5276 0.966 0)
(39.5285 0.969746 0)
(39.5294 0.973014 0)
(39.5303 0.975843 0)
(39.5311 0.978264 0)
(39.5319 0.980302 0)
(39.5327 0.981975 0)
(39.5335 0.983296 0)
(39.5343 0.984272 0)
(39.5351 0.984904 0)
(39.5358 0.985186 0)
(39.5366 0.985107 0)
(39.5373 0.984652 0)
(39.538 0.983787 0)
(39.5387 0.982402 0)
(39.5409 0.97999 0)
(39.5694 0.974274 0)
(39.5376 -0.190777 0)
(39.5625 -0.271399 0)
(39.5857 -0.366003 0)
(39.6011 -0.461724 0)
(39.6086 -0.548602 0)
(39.6112 -0.623678 0)
(39.6113 -0.687992 0)
(39.6101 -0.743102 0)
(39.6078 -0.79016 0)
(39.6049 -0.83021 0)
(39.6017 -0.864319 0)
(39.5985 -0.893478 0)
(39.5953 -0.918516 0)
(39.5922 -0.94011 0)
(39.5892 -0.958814 0)
(39.5865 -0.975085 0)
(39.5839 -0.989296 0)
(39.5814 -1.00175 0)
(39.5792 -1.01271 0)
(39.5771 -1.02237 0)
(39.5751 -1.03091 0)
(39.5733 -1.03846 0)
(39.5716 -1.04515 0)
(39.57 -1.05107 0)
(39.5685 -1.05632 0)
(39.5671 -1.06095 0)
(39.5658 -1.06503 0)
(39.5646 -1.06861 0)
(39.5634 -1.07174 0)
(39.5624 -1.07443 0)
(39.5614 -1.07674 0)
(39.5605 -1.07867 0)
(39.5596 -1.08024 0)
(39.5588 -1.08147 0)
(39.558 -1.08236 0)
(39.5572 -1.08289 0)
(39.5562 -1.08299 0)
(39.5546 -1.08239 0)
(39.5498 -1.08017 0)
(39.5123 -1.07404 0)
(39.3685 1.06955 0)
(39.3678 1.22137 0)
(39.3749 1.33762 0)
(39.3855 1.42014 0)
(39.3965 1.47823 0)
(39.4069 1.52009 0)
(39.4164 1.55035 0)
(39.4252 1.57172 0)
(39.4332 1.58643 0)
(39.4403 1.59637 0)
(39.4466 1.60291 0)
(39.4523 1.60699 0)
(39.4574 1.60925 0)
(39.462 1.61017 0)
(39.4661 1.61009 0)
(39.4698 1.60927 0)
(39.4732 1.60788 0)
(39.4763 1.60605 0)
(39.4792 1.60389 0)
(39.4818 1.60144 0)
(39.4843 1.59877 0)
(39.4865 1.59592 0)
(39.4886 1.59289 0)
(39.4906 1.58971 0)
(39.4925 1.58639 0)
(39.4942 1.58293 0)
(39.4959 1.57932 0)
(39.4975 1.57556 0)
(39.499 1.57162 0)
(39.5005 1.5675 0)
(39.5019 1.56315 0)
(39.5034 1.55855 0)
(39.5048 1.55364 0)
(39.5062 1.5484 0)
(39.5075 1.54277 0)
(39.5089 1.53675 0)
(39.5105 1.53036 0)
(39.5127 1.52363 0)
(39.5191 1.51622 0)
(39.5637 1.50582 0)
)
;

boundaryField
{
    inlet
    {
        type            fixedValue;
        value           uniform (39.53 0 0);
    }
    outlet
    {
        type            zeroGradient;
    }
    plate
    {
        type            noSlip;
    }
    farfield
    {
        type            fixedValue;
        value           uniform (39.53 0 0);
    }
    upstreamSlip
    {
        type            symmetry;
    }
    frontAndBack
    {
        type            empty;
    }
}


// ************************************************************************* //
