/*--------------------------------*- C++ -*----------------------------------*\
| =========                 |                                                 |
| \\      /  F ield         | OpenFOAM: The Open Source CFD Toolbox           |
|  \\    /   O peration     | Version:  2512                                  |
|   \\  /    A nd           | Website:  www.openfoam.com                      |
|    \\/     M anipulation  |                                                 |
\*---------------------------------------------------------------------------*/
FoamFile
{
    version     2.0;
    format      ascii;
    arch        "LSB;label=32;scalar=64";
    class       surfaceScalarField;
    location    "0.0199697";
    object      phi;
}
// * * * * * * * * * * * * * * * * * * * * * * * * * * * * * * * * * * * * * //

dimensions      [1 0 -1 0 0 0 0];

oriented        oriented;

internalField   nonuniform List<scalar> 
3514
(
1.07551e-06
8.9173e-11
1.07534e-06
1.70048e-10
1.07506e-06
2.78752e-10
1.07465e-06
4.12338e-10
1.07405e-06
5.94693e-10
1.07317e-06
8.78402e-10
1.07182e-06
1.35482e-09
1.06882e-06
3.00003e-09
1.06421e-06
4.6121e-09
4.00039e-07
6.64169e-07
1.2027e-06
1.88883e-10
1.20251e-06
3.60215e-10
1.20219e-06
5.90469e-10
1.20173e-06
8.73431e-10
1.20107e-06
1.2597e-09
1.20009e-06
1.8606e-09
1.19857e-06
2.86982e-09
1.19523e-06
6.34577e-09
1.19014e-06
9.69504e-09
6.71437e-07
9.18745e-07
1.34492e-06
2.99917e-10
1.34471e-06
5.73233e-10
1.34436e-06
9.38862e-10
1.34385e-06
1.3887e-09
1.34311e-06
2.0028e-09
1.34201e-06
2.95733e-09
1.34032e-06
4.56296e-09
1.33665e-06
1.00113e-08
1.33081e-06
1.55374e-08
8.51792e-07
1.15045e-06
1.50397e-06
4.23513e-10
1.50373e-06
8.11895e-10
1.50335e-06
1.32824e-09
1.50277e-06
1.96447e-09
1.50194e-06
2.8331e-09
1.50072e-06
4.18167e-09
1.49882e-06
6.45496e-09
1.49482e-06
1.40124e-08
1.48811e-06
2.22541e-08
9.67896e-07
1.372e-06
1.68183e-06
5.61024e-10
1.68156e-06
1.07931e-09
1.68113e-06
1.76338e-09
1.68049e-06
2.60776e-09
1.67956e-06
3.76072e-09
1.67819e-06
5.54815e-09
1.67608e-06
8.56876e-09
1.67172e-06
1.83671e-08
1.66401e-06
2.99704e-08
1.03897e-06
1.59293e-06
1.88072e-06
7.13974e-10
1.88042e-06
1.37898e-09
1.87994e-06
2.24965e-09
1.87922e-06
3.32646e-09
1.87818e-06
4.79696e-09
1.87666e-06
7.07297e-09
1.8743e-06
1.09298e-08
1.86957e-06
2.30972e-08
1.86072e-06
3.88151e-08
1.07899e-06
1.8207e-06
2.10313e-06
8.84052e-10
2.1028e-06
1.71479e-09
2.10225e-06
2.79299e-09
2.10145e-06
4.1293e-09
2.10029e-06
5.9544e-09
2.09859e-06
8.77413e-09
2.09596e-06
1.35661e-08
2.09082e-06
2.82296e-08
2.08072e-06
4.89143e-08
1.09812e-06
2.0616e-06
2.35185e-06
1.07317e-09
2.35147e-06
2.09108e-09
2.35086e-06
3.40011e-09
2.34997e-06
5.02609e-09
2.34867e-06
7.2471e-09
2.34678e-06
1.06717e-08
2.34383e-06
1.65084e-08
2.33827e-06
3.37973e-08
2.3268e-06
6.03845e-08
1.10357e-06
2.32134e-06
2.62997e-06
1.28345e-09
2.62955e-06
2.51266e-09
2.62887e-06
4.07842e-09
2.62787e-06
6.02771e-09
2.62643e-06
8.69067e-09
2.62431e-06
1.27881e-08
2.62103e-06
1.97906e-08
2.61499e-06
3.98408e-08
2.60204e-06
7.33256e-08
1.1003e-06
2.60532e-06
2.94099e-06
1.51733e-09
2.94052e-06
2.98488e-09
2.93976e-06
4.83628e-09
2.93864e-06
7.14635e-09
2.93703e-06
1.03025e-08
2.93467e-06
1.51482e-08
2.93101e-06
2.34494e-08
2.92444e-06
4.64087e-08
2.90995e-06
8.78138e-08
1.09149e-06
2.91876e-06
3.28879e-06
1.77752e-09
3.28826e-06
3.51366e-09
3.28741e-06
5.68293e-09
3.28616e-06
8.39552e-09
3.28436e-06
1.21021e-08
3.28173e-06
1.77796e-08
3.27765e-06
2.7525e-08
3.27051e-06
5.35572e-08
3.25443e-06
1.03894e-07
1.07909e-06
3.26683e-06
3.67771e-06
2.06711e-09
3.67712e-06
4.10556e-09
3.67617e-06
6.62872e-09
3.67478e-06
9.79032e-09
3.67277e-06
1.41107e-08
3.66984e-06
2.07129e-08
3.6653e-06
3.20611e-08
3.65751e-06
6.13501e-08
3.63983e-06
1.21574e-07
1.06416e-06
3.65476e-06
4.11263e-06
2.38955e-09
4.11197e-06
4.76783e-09
4.11091e-06
7.68511e-09
4.10936e-06
1.13474e-08
4.10711e-06
1.63521e-08
4.10385e-06
2.39817e-08
4.0988e-06
3.71044e-08
4.0903e-06
6.98572e-08
4.07105e-06
1.40818e-07
1.04729e-06
4.08792e-06
4.59898e-06
2.74872e-09
4.59824e-06
5.50848e-09
4.59706e-06
8.86487e-09
4.59533e-06
1.30854e-08
4.59283e-06
1.88526e-08
4.58918e-06
2.76228e-08
4.58358e-06
4.27051e-08
4.57429e-06
7.91515e-08
4.55357e-06
1.61541e-07
1.02878e-06
4.57208e-06
5.14285e-06
3.14895e-09
5.14202e-06
6.33633e-09
5.14071e-06
1.01821e-08
5.13877e-06
1.50245e-08
5.13598e-06
2.16409e-08
5.13193e-06
3.16763e-08
5.12572e-06
4.89159e-08
5.11556e-06
8.93066e-08
5.09349e-06
1.83608e-07
1.00882e-06
5.11345e-06
5.75104e-06
3.59507e-09
5.75011e-06
7.26113e-09
5.74864e-06
1.16522e-08
5.74648e-06
1.71873e-08
5.74337e-06
2.47484e-08
5.73886e-06
3.61855e-08
5.73199e-06
5.57919e-08
5.7209e-06
1.00392e-07
5.69768e-06
2.0683e-07
9.87563e-07
5.71894e-06
6.43114e-06
4.09241e-09
6.43011e-06
8.29353e-09
6.42847e-06
1.32924e-08
6.42606e-06
1.95983e-08
6.4226e-06
2.8209e-08
6.41759e-06
4.11964e-08
6.40999e-06
6.33891e-08
6.39792e-06
1.12468e-07
6.37378e-06
2.30965e-07
9.65175e-07
6.39617e-06
7.19168e-06
4.64687e-09
7.19053e-06
9.44524e-09
7.1887e-06
1.51213e-08
7.18601e-06
2.22841e-08
7.18216e-06
3.20594e-08
7.1766e-06
4.67572e-08
7.16823e-06
7.17627e-08
7.15512e-06
1.25579e-07
7.13036e-06
2.55725e-07
9.41839e-07
7.15369e-06
8.04216e-06
5.26489e-09
8.04087e-06
1.0729e-08
8.03883e-06
1.71589e-08
8.03585e-06
2.52732e-08
8.03157e-06
3.63383e-08
8.02541e-06
5.2918e-08
8.0162e-06
8.09652e-08
8.00203e-06
1.39751e-07
7.97698e-06
2.80777e-07
9.17764e-07
8.00105e-06
8.99321e-06
5.95347e-09
8.99178e-06
1.21585e-08
8.98951e-06
1.94269e-08
8.98619e-06
2.85961e-08
8.98144e-06
4.10864e-08
8.97463e-06
5.97288e-08
8.96455e-06
9.10431e-08
8.94932e-06
1.54977e-07
8.92435e-06
3.05754e-07
8.93176e-07
8.94893e-06
1.00567e-05
6.72016e-09
1.00551e-05
1.37484e-08
1.00526e-05
2.19482e-08
1.00489e-05
3.22848e-08
1.00437e-05
4.63451e-08
1.00362e-05
6.72379e-08
1.00252e-05
1.02033e-07
1.00089e-05
1.71215e-07
9.98442e-06
3.30269e-07
8.6831e-07
1.00093e-05
1.1246e-05
7.57299e-09
1.12443e-05
1.55145e-08
1.12415e-05
2.47468e-08
1.12374e-05
3.6372e-08
1.12316e-05
5.21557e-08
1.12233e-05
7.54899e-08
1.12114e-05
1.13957e-07
1.11942e-05
1.88384e-07
1.11706e-05
3.53928e-07
8.43399e-07
1.11955e-05
1.2576e-05
8.52038e-09
1.2574e-05
1.74727e-08
1.25709e-05
2.78469e-08
1.25664e-05
4.08901e-08
1.256e-05
5.85572e-08
1.25509e-05
8.45214e-08
1.25381e-05
1.26817e-07
1.25201e-05
2.06351e-07
1.24977e-05
3.76353e-07
8.18669e-07
1.25224e-05
1.40632e-05
9.571e-09
1.4061e-05
1.96396e-08
1.40576e-05
3.12725e-08
1.40526e-05
4.58702e-08
1.40456e-05
6.55842e-08
1.40357e-05
9.43579e-08
1.4022e-05
1.40588e-07
1.40034e-05
2.2494e-07
1.39825e-05
3.97194e-07
7.94322e-07
1.40069e-05
1.57263e-05
1.07335e-08
1.57239e-05
2.20311e-08
1.57201e-05
3.50459e-08
1.57146e-05
5.13393e-08
1.57069e-05
7.32634e-08
1.56963e-05
1.05008e-07
1.56817e-05
1.55211e-07
1.56627e-05
2.43923e-07
1.56437e-05
4.16156e-07
7.70541e-07
1.56675e-05
1.7586e-05
1.20163e-08
1.75834e-05
2.4662e-08
1.75793e-05
3.91862e-08
1.75733e-05
5.73183e-08
1.75649e-05
8.16092e-08
1.75535e-05
1.16457e-07
1.75381e-05
1.70591e-07
1.7519e-05
2.63035e-07
1.75021e-05
4.33013e-07
7.47482e-07
1.75252e-05
1.96657e-05
1.3427e-08
1.96629e-05
2.75447e-08
1.96583e-05
4.37067e-08
1.96518e-05
6.38175e-08
1.96428e-05
9.06186e-08
1.96306e-05
1.28661e-07
1.96146e-05
1.86589e-07
1.95957e-05
2.81981e-07
1.95811e-05
4.47625e-07
7.2528e-07
1.96033e-05
2.19914e-05
1.4972e-08
2.19883e-05
3.06874e-08
2.19833e-05
4.86119e-08
2.19763e-05
7.08323e-08
2.19667e-05
1.00264e-07
2.19538e-05
1.41541e-07
2.19374e-05
2.03022e-07
2.19189e-05
3.00453e-07
2.19066e-05
4.59947e-07
7.04063e-07
2.19278e-05
2.45921e-05
1.6656e-08
2.45887e-05
3.40922e-08
2.45834e-05
5.3893e-08
2.45759e-05
7.83365e-08
2.45657e-05
1.10488e-07
2.45522e-05
1.54973e-07
2.45356e-05
2.19663e-07
2.45179e-05
3.18153e-07
2.45078e-05
4.70032e-07
6.83962e-07
2.45279e-05
2.75003e-05
1.84819e-08
2.74967e-05
3.77525e-08
2.7491e-05
5.95223e-08
2.74831e-05
8.62749e-08
2.74724e-05
1.21191e-07
2.74586e-05
1.6879e-07
2.7442e-05
2.36255e-07
2.74253e-05
3.34819e-07
2.74173e-05
4.78051e-07
6.65152e-07
2.74361e-05
3.07525e-05
2.04511e-08
3.07486e-05
4.16493e-08
3.07427e-05
6.54458e-08
3.07344e-05
9.45545e-08
3.07234e-05
1.32222e-07
3.07094e-05
1.82757e-07
3.06932e-05
2.52484e-07
3.06778e-05
3.50191e-07
3.06717e-05
4.84187e-07
6.47739e-07
3.06891e-05
3.43893e-05
2.25667e-08
3.43852e-05
4.57475e-08
3.43791e-05
7.15757e-08
3.43706e-05
1.03053e-07
3.43594e-05
1.43434e-07
3.43454e-05
1.96713e-07
3.43297e-05
2.6824e-07
3.43155e-05
3.64406e-07
3.43105e-05
4.89171e-07
6.32487e-07
3.43257e-05
3.84562e-05
2.48431e-08
3.8452e-05
4.99783e-08
3.84458e-05
7.76811e-08
3.84376e-05
1.11324e-07
3.84269e-05
1.5411e-07
3.8414e-05
2.09653e-07
3.83999e-05
2.82288e-07
3.83881e-05
3.7619e-07
3.83854e-05
4.91885e-07
6.17702e-07
3.84002e-05
4.30039e-05
2.73829e-08
4.29992e-05
5.46604e-08
4.29924e-05
8.45026e-08
4.29831e-05
1.20632e-07
4.29711e-05
1.66095e-07
4.29566e-05
2.24114e-07
4.29409e-05
2.9807e-07
4.29268e-05
3.9025e-07
4.292e-05
4.98687e-07
6.11271e-07
4.29264e-05
4.80908e-05
2.87719e-08
4.80889e-05
5.65865e-08
4.80862e-05
8.71747e-08
4.80825e-05
1.24406e-07
4.80776e-05
1.70921e-07
4.80722e-05
2.29577e-07
4.80673e-05
3.02911e-07
4.80658e-05
3.91741e-07
4.80721e-05
4.92445e-07
5.93131e-07
4.80902e-05
5.37682e-05
5.37583e-05
5.37447e-05
5.37274e-05
5.3706e-05
5.36798e-05
5.36494e-05
5.36172e-05
5.35879e-05
5.3568e-05
1.93083e-07
4.71086e-07
1.0272e-07
9.03628e-08
7.75822e-08
2.51376e-08
6.50049e-08
1.25773e-08
5.71813e-08
7.82367e-09
5.16756e-08
5.50567e-09
4.7506e-08
4.16962e-09
4.4208e-08
3.29799e-09
4.15202e-08
2.68778e-09
3.92773e-08
2.24291e-09
3.73688e-08
1.90854e-09
3.57192e-08
1.64957e-09
3.42748e-08
1.44446e-09
3.29968e-08
1.27796e-09
3.18558e-08
1.14119e-09
3.08294e-08
1.02619e-09
2.99004e-08
9.29298e-10
2.90549e-08
8.4526e-10
2.82821e-08
7.73052e-10
2.75731e-08
7.08669e-10
2.69209e-08
6.5236e-10
2.63197e-08
6.00853e-10
2.57647e-08
5.55026e-10
2.5252e-08
5.12243e-10
2.47783e-08
4.7334e-10
2.4341e-08
4.36741e-10
2.39376e-08
4.02681e-10
2.3566e-08
3.70769e-10
2.32245e-08
3.40325e-10
2.29114e-08
3.12233e-10
2.26249e-08
2.84812e-10
2.23636e-08
2.60196e-10
2.21258e-08
2.35614e-10
2.19102e-08
2.14365e-10
2.17151e-08
1.9264e-10
2.1539e-08
1.74458e-10
2.13833e-08
1.53205e-10
2.12647e-08
1.16621e-10
2.10553e-08
2.05114e-10
3.18791e-10
5.25893e-07
8.63937e-07
3.48604e-07
2.67652e-07
2.69473e-07
1.04268e-07
2.26501e-07
5.55496e-08
1.99328e-07
3.49965e-08
1.80163e-07
2.46708e-08
1.65652e-07
1.86807e-08
1.54169e-07
1.47806e-08
1.44803e-07
1.20535e-08
1.36983e-07
1.00634e-08
1.30326e-07
8.56526e-09
1.24572e-07
7.40441e-09
1.19532e-07
6.48381e-09
1.15073e-07
5.73723e-09
1.11092e-07
5.12291e-09
1.0751e-07
4.60752e-09
1.04268e-07
4.17164e-09
1.01317e-07
3.79552e-09
9.86204e-08
3.47042e-09
9.61461e-08
3.1825e-09
9.38699e-08
2.92884e-09
9.17714e-08
2.69869e-09
8.98343e-08
2.49219e-09
8.80447e-08
2.3011e-09
8.63914e-08
2.12626e-09
8.48648e-08
1.96254e-09
8.34566e-08
1.81002e-09
8.21598e-08
1.66658e-09
8.09678e-08
1.53088e-09
7.98748e-08
1.40408e-09
7.8875e-08
1.28261e-09
7.7963e-08
1.17083e-09
7.71334e-08
1.06266e-09
7.6381e-08
9.65361e-10
7.57003e-08
8.70417e-10
7.50862e-08
7.8694e-10
7.45426e-08
6.938e-10
7.41116e-08
5.45643e-10
7.33927e-08
9.19369e-10
1.15755e-09
8.45435e-07
1.16895e-06
6.40508e-07
4.7258e-07
5.1737e-07
2.27406e-07
4.40711e-07
1.32208e-07
3.89642e-07
8.60656e-08
3.52928e-07
6.13851e-08
3.24906e-07
4.67023e-08
3.02627e-07
3.70593e-08
2.84394e-07
3.02867e-08
2.69132e-07
2.53259e-08
2.56119e-07
2.15782e-08
2.44855e-07
1.86681e-08
2.34983e-07
1.63558e-08
2.26241e-07
1.44794e-08
2.18431e-07
1.29327e-08
2.11403e-07
1.16358e-08
2.05038e-07
1.05368e-08
1.99243e-07
9.58994e-09
1.93945e-07
8.76917e-09
1.89082e-07
8.04448e-09
1.84608e-07
7.40329e-09
1.80482e-07
6.8243e-09
1.76672e-07
6.3021e-09
1.73151e-07
5.82128e-09
1.69898e-07
5.37944e-09
1.66893e-07
4.96701e-09
1.6412e-07
4.58192e-09
1.61566e-07
4.22003e-09
1.59217e-07
3.87812e-09
1.57063e-07
3.55723e-09
1.55092e-07
3.25194e-09
1.53293e-07
2.96804e-09
1.51656e-07
2.69701e-09
1.50171e-07
2.44875e-09
1.48827e-07
2.21157e-09
1.47615e-07
1.99743e-09
1.46539e-07
1.76611e-09
1.45654e-07
1.42897e-09
1.44309e-07
2.25904e-09
2.51326e-09
1.15042e-06
1.39054e-06
9.57346e-07
6.65655e-07
8.13263e-07
3.71489e-07
7.09389e-07
2.36082e-07
6.34144e-07
1.61311e-07
5.77674e-07
1.17855e-07
5.33599e-07
9.07767e-08
4.98092e-07
7.25672e-08
4.68774e-07
5.96049e-08
4.44079e-07
5.00201e-08
4.22931e-07
4.27268e-08
4.04565e-07
3.7034e-08
3.88428e-07
3.24928e-08
3.7411e-07
2.87977e-08
3.61299e-07
2.57444e-08
3.49754e-07
2.31806e-08
3.39287e-07
2.10037e-08
3.29749e-07
1.91276e-08
3.2102e-07
1.74981e-08
3.13004e-07
1.60602e-08
3.05622e-07
1.47853e-08
2.98811e-07
1.36355e-08
2.92516e-07
1.25962e-08
2.86696e-07
1.16407e-08
2.81314e-07
1.07611e-08
2.76339e-07
9.94073e-09
2.71746e-07
9.17416e-09
2.67512e-07
8.4532e-09
2.63616e-07
7.77265e-09
2.60039e-07
7.13232e-09
2.56764e-07
6.52483e-09
2.53773e-07
5.95711e-09
2.5105e-07
5.418e-09
2.48576e-07
4.92029e-09
2.46336e-07
4.44861e-09
2.44313e-07
4.01762e-09
2.42515e-07
3.56112e-09
2.40978e-07
2.96308e-09
2.38899e-07
4.33324e-09
4.41952e-09
1.44258e-06
1.54089e-06
1.28219e-06
8.26039e-07
1.14108e-06
5.12601e-07
1.02478e-06
3.5238e-07
9.31973e-07
2.5412e-07
8.57765e-07
1.92062e-07
7.97496e-07
1.51046e-07
7.47675e-07
1.22387e-07
7.05811e-07
1.01469e-07
6.70105e-07
8.57256e-08
6.39245e-07
7.3587e-08
6.1226e-07
6.40193e-08
5.88423e-07
5.63294e-08
5.67183e-07
5.00376e-08
5.48114e-07
4.48138e-08
5.30881e-07
4.04131e-08
5.15221e-07
3.66641e-08
5.00922e-07
3.3427e-08
4.87812e-07
3.06078e-08
4.75754e-07
2.81184e-08
4.64633e-07
2.59058e-08
4.54358e-07
2.39107e-08
4.44851e-07
2.2103e-08
4.36049e-07
2.04421e-08
4.27899e-07
1.89101e-08
4.20358e-07
1.74817e-08
4.13386e-07
1.61451e-08
4.0695e-07
1.48877e-08
4.01021e-07
1.37003e-08
3.95571e-07
1.25809e-08
3.90574e-07
1.15202e-08
3.86004e-07
1.05252e-08
3.81836e-07
9.58329e-09
3.78046e-07
8.70841e-09
3.74608e-07
7.88348e-09
3.71501e-07
7.12216e-09
3.68727e-07
6.33122e-09
3.66286e-07
5.40151e-09
3.63329e-07
7.28538e-09
6.9149e-09
1.72681e-06
1.63478e-06
1.60578e-06
9.47074e-07
1.48442e-06
6.33961e-07
1.3722e-06
4.64601e-07
1.27376e-06
3.5256e-07
1.1891e-06
2.76723e-07
1.11656e-06
2.23586e-07
1.05423e-06
1.84719e-07
1.00034e-06
1.55351e-07
9.5341e-07
1.32659e-07
9.12194e-07
1.14803e-07
8.75708e-07
1.00505e-07
8.43166e-07
8.88711e-08
8.13945e-07
7.92593e-08
7.87543e-07
7.12156e-08
7.63559e-07
6.43969e-08
7.41668e-07
5.85558e-08
7.21603e-07
5.34918e-08
7.03147e-07
4.90636e-08
6.86122e-07
4.51431e-08
6.7038e-07
4.16475e-08
6.558e-07
3.84905e-08
6.4228e-07
3.56228e-08
6.29736e-07
3.29852e-08
6.18098e-07
3.05476e-08
6.07307e-07
2.82725e-08
5.9731e-07
2.61408e-08
5.88064e-07
2.41324e-08
5.79529e-07
2.22344e-08
5.71667e-07
2.04416e-08
5.64442e-07
1.87424e-08
5.57822e-07
1.71438e-08
5.51771e-07
1.56315e-08
5.46256e-07
1.42211e-08
5.41243e-07
1.28932e-08
5.36703e-07
1.16597e-08
5.32632e-07
1.03987e-08
5.28968e-07
9.06195e-09
5.24936e-07
1.13129e-08
1.00699e-08
2.00991e-06
1.68647e-06
1.92604e-06
1.03094e-06
1.8322e-06
7.27806e-07
1.73636e-06
5.60438e-07
1.64477e-06
4.44149e-07
1.56007e-06
3.61419e-07
1.48305e-06
3.00615e-07
1.41361e-06
2.54149e-07
1.35128e-06
2.17689e-07
1.29532e-06
1.88612e-07
1.245e-06
1.65124e-07
1.1996e-06
1.45908e-07
1.15848e-06
1.29993e-07
1.12109e-06
1.16653e-07
1.08695e-06
1.05354e-07
1.05566e-06
9.56808e-08
1.0269e-06
8.73229e-08
1.00036e-06
8.00263e-08
9.7582e-07
7.3605e-08
9.5307e-07
6.78924e-08
9.31944e-07
6.27735e-08
9.12299e-07
5.81351e-08
8.94017e-07
5.39049e-08
8.76997e-07
5.00049e-08
8.61155e-07
4.63892e-08
8.46419e-07
4.30077e-08
8.32727e-07
3.98316e-08
8.20025e-07
3.68332e-08
8.08264e-07
3.39943e-08
7.97398e-07
3.13061e-08
7.87383e-07
2.87553e-08
7.78178e-07
2.63477e-08
7.69738e-07
2.40689e-08
7.62022e-07
2.19349e-08
7.54986e-07
1.99258e-08
7.48595e-07
1.80479e-08
7.42833e-07
1.61578e-08
7.37571e-07
1.43198e-08
7.322e-07
1.66797e-08
1.39914e-08
2.29953e-06
1.70828e-06
2.24619e-06
1.08428e-06
2.18032e-06
7.93674e-07
2.10676e-06
6.34e-07
2.03087e-06
5.20037e-07
1.9558e-06
4.36492e-07
1.88335e-06
3.73066e-07
1.81461e-06
3.2289e-07
1.75013e-06
2.82161e-07
1.6901e-06
2.48647e-07
1.63442e-06
2.20806e-07
1.58286e-06
1.9746e-07
1.53515e-06
1.77705e-07
1.49097e-06
1.60838e-07
1.45e-06
1.4632e-07
1.41196e-06
1.33718e-07
1.37659e-06
1.22698e-07
1.34364e-06
1.12977e-07
1.3129e-06
1.04343e-07
1.28419e-06
9.66029e-08
1.25735e-06
8.96166e-08
1.23223e-06
8.32486e-08
1.20873e-06
7.74078e-08
1.18674e-06
7.19983e-08
1.16617e-06
6.696e-08
1.14694e-06
6.22305e-08
1.129e-06
5.77716e-08
1.11229e-06
5.35481e-08
1.09674e-06
4.9537e-08
1.08232e-06
4.57262e-08
1.06897e-06
4.21008e-08
1.05665e-06
3.86666e-08
1.04531e-06
3.54094e-08
1.0349e-06
3.23466e-08
1.02536e-06
2.94577e-08
1.01666e-06
2.67436e-08
1.00877e-06
2.40466e-08
1.0015e-06
2.15876e-08
9.94471e-07
2.37046e-08
1.88266e-08
2.60367e-06
1.70993e-06
2.57283e-06
1.11512e-06
2.53089e-06
8.35609e-07
2.47979e-06
6.85103e-07
2.42326e-06
5.76565e-07
2.3638e-06
4.95951e-07
2.30311e-06
4.33757e-07
2.24253e-06
3.8347e-07
2.18308e-06
3.41614e-07
2.12545e-06
3.06276e-07
2.07008e-06
2.76176e-07
2.01721e-06
2.50331e-07
1.96694e-06
2.27973e-07
1.91928e-06
2.08495e-07
1.87418e-06
1.9142e-07
1.83155e-06
1.76351e-07
1.79127e-06
1.62975e-07
1.75323e-06
1.51018e-07
1.71731e-06
1.40269e-07
1.68338e-06
1.30527e-07
1.65135e-06
1.21648e-07
1.62112e-06
1.13484e-07
1.59259e-06
1.05934e-07
1.56569e-06
9.88933e-08
1.54036e-06
9.22912e-08
1.51654e-06
8.60577e-08
1.49416e-06
8.01481e-08
1.47318e-06
7.45223e-08
1.45356e-06
6.91543e-08
1.43526e-06
6.40308e-08
1.41822e-06
5.9137e-08
1.40241e-06
5.44798e-08
1.38777e-06
5.00476e-08
1.37425e-06
4.58596e-08
1.36181e-06
4.18969e-08
1.3504e-06
3.81536e-08
1.33997e-06
3.44726e-08
1.33031e-06
3.12486e-08
1.3213e-06
3.27074e-08
2.47252e-08
2.93024e-06
1.69845e-06
2.9144e-06
1.13095e-06
2.89044e-06
8.5957e-07
2.85829e-06
7.1725e-07
2.82028e-06
6.14584e-07
2.77799e-06
5.38238e-07
2.73252e-06
4.79223e-07
2.68489e-06
4.31102e-07
2.63601e-06
3.90492e-07
2.58666e-06
3.55628e-07
2.53745e-06
3.25387e-07
2.48885e-06
2.98927e-07
2.44123e-06
2.75601e-07
2.39482e-06
2.549e-07
2.34982e-06
2.36426e-07
2.30632e-06
2.19844e-07
2.26441e-06
2.04888e-07
2.22411e-06
1.91317e-07
2.18544e-06
1.78943e-07
2.14838e-06
1.67584e-07
2.11293e-06
1.57101e-07
2.07905e-06
1.47356e-07
2.04674e-06
1.38247e-07
2.01596e-06
1.29671e-07
1.9867e-06
1.21557e-07
1.95892e-06
1.13832e-07
1.93262e-06
1.06452e-07
1.90776e-06
9.93771e-08
1.88434e-06
9.25816e-08
1.86231e-06
8.60545e-08
1.84166e-06
7.97847e-08
1.82236e-06
7.3783e-08
1.80436e-06
6.80426e-08
1.78763e-06
6.25873e-08
1.77213e-06
5.74012e-08
1.75781e-06
5.24745e-08
1.74461e-06
4.76633e-08
1.73233e-06
4.353e-08
1.72114e-06
4.38927e-08
3.17884e-08
3.28678e-06
1.67851e-06
3.28003e-06
1.1377e-06
3.26808e-06
8.71514e-07
3.24984e-06
7.35494e-07
3.22671e-06
6.37717e-07
3.19965e-06
5.65298e-07
3.16914e-06
5.09732e-07
3.13569e-06
4.64552e-07
3.09986e-06
4.26318e-07
3.06221e-06
3.93278e-07
3.02325e-06
3.64352e-07
2.98342e-06
3.38757e-07
2.94311e-06
3.15905e-07
2.90267e-06
2.95344e-07
2.86237e-06
2.7673e-07
2.82243e-06
2.59779e-07
2.78305e-06
2.44264e-07
2.74439e-06
2.29984e-07
2.70656e-06
2.16777e-07
2.66965e-06
2.04486e-07
2.63376e-06
1.92991e-07
2.59895e-06
1.82168e-07
2.56527e-06
1.71927e-07
2.53277e-06
1.62172e-07
2.50149e-06
1.52839e-07
2.47146e-06
1.43863e-07
2.44271e-06
1.35202e-07
2.41526e-06
1.26824e-07
2.38913e-06
1.18707e-07
2.36434e-06
1.10848e-07
2.34088e-06
1.03243e-07
2.31875e-06
9.59102e-08
2.29795e-06
8.8851e-08
2.27844e-06
8.20958e-08
2.2602e-06
7.56359e-08
2.24322e-06
6.94592e-08
2.22743e-06
6.34498e-08
2.21266e-06
5.83024e-08
2.19938e-06
5.71703e-08
3.99763e-08
3.68039e-06
1.65288e-06
3.67863e-06
1.13946e-06
3.67387e-06
8.76272e-07
3.66462e-06
7.44749e-07
3.65182e-06
6.50509e-07
3.63619e-06
5.80926e-07
3.61784e-06
5.28091e-07
3.59686e-06
4.85529e-07
3.57347e-06
4.49704e-07
3.54794e-06
4.18813e-07
3.52053e-06
3.91758e-07
3.49154e-06
3.6775e-07
3.46124e-06
3.46207e-07
3.42989e-06
3.26689e-07
3.39775e-06
3.08869e-07
3.36505e-06
2.92483e-07
3.33199e-06
2.77326e-07
3.29876e-06
2.63213e-07
3.26553e-06
2.50005e-07
3.23245e-06
2.37561e-07
3.19967e-06
2.25774e-07
3.1673e-06
2.14536e-07
3.13546e-06
2.03766e-07
3.10426e-06
1.9338e-07
3.07377e-06
1.83321e-07
3.0441e-06
1.73532e-07
3.01533e-06
1.63982e-07
2.98751e-06
1.54642e-07
2.96071e-06
1.45504e-07
2.93499e-06
1.36572e-07
2.91038e-06
1.27851e-07
2.88692e-06
1.19371e-07
2.86463e-06
1.11143e-07
2.84352e-06
1.03209e-07
2.82359e-06
9.55665e-08
2.80484e-06
8.82083e-08
2.78724e-06
8.10519e-08
2.77067e-06
7.48741e-08
2.75588e-06
7.19613e-08
4.90269e-08
4.11776e-06
1.62304e-06
4.11856e-06
1.13866e-06
4.11764e-06
8.77183e-07
4.11355e-06
7.48846e-07
4.10701e-06
6.5705e-07
4.09875e-06
5.89179e-07
4.08878e-06
5.38064e-07
4.077e-06
4.97309e-07
4.0634e-06
4.63303e-07
4.04803e-06
4.34186e-07
4.03096e-06
4.08828e-07
4.01229e-06
3.86416e-07
3.99215e-06
3.66345e-07
3.97068e-06
3.48163e-07
3.94802e-06
3.31533e-07
3.92431e-06
3.16187e-07
3.89972e-06
3.0192e-07
3.87438e-06
2.88549e-07
3.84845e-06
2.75936e-07
3.82207e-06
2.63946e-07
3.79537e-06
2.52476e-07
3.76848e-06
2.41422e-07
3.74154e-06
2.30709e-07
3.71466e-06
2.20256e-07
3.68797e-06
2.10012e-07
3.66158e-06
1.99926e-07
3.63559e-06
1.89971e-07
3.6101e-06
1.80128e-07
3.58522e-06
1.70393e-07
3.56101e-06
1.6078e-07
3.53756e-06
1.51306e-07
3.51492e-06
1.42007e-07
3.49316e-06
1.3291e-07
3.4723e-06
1.24064e-07
3.45239e-06
1.15477e-07
3.43346e-06
1.07148e-07
3.41548e-06
9.90315e-08
3.39843e-06
9.19215e-08
3.38327e-06
8.71253e-08
5.8417e-08
4.60541e-06
1.58971e-06
4.60754e-06
1.13653e-06
4.60849e-06
8.7624e-07
4.60705e-06
7.50279e-07
4.60381e-06
6.60293e-07
4.59966e-06
5.93333e-07
4.59463e-06
5.43088e-07
4.58861e-06
5.03331e-07
4.5815e-06
4.70412e-07
4.57325e-06
4.42436e-07
4.56383e-06
4.1825e-07
4.55322e-06
3.97022e-07
4.54144e-06
3.78127e-07
4.52851e-06
3.61095e-07
4.51447e-06
3.45572e-07
4.49938e-06
3.31278e-07
4.4833e-06
3.17994e-07
4.46632e-06
3.05531e-07
4.44852e-06
2.93743e-07
4.42998e-06
2.82486e-07
4.4108e-06
2.71656e-07
4.39107e-06
2.61144e-07
4.37091e-06
2.50871e-07
4.35042e-06
2.40755e-07
4.32969e-06
2.30743e-07
4.30883e-06
2.20784e-07
4.28795e-06
2.10852e-07
4.26715e-06
2.0093e-07
4.24652e-06
1.9102e-07
4.22617e-06
1.81138e-07
4.20617e-06
1.71309e-07
4.1866e-06
1.61576e-07
4.16754e-06
1.51976e-07
4.14904e-06
1.42565e-07
4.13116e-06
1.33361e-07
4.11394e-06
1.24369e-07
4.09741e-06
1.15573e-07
4.0816e-06
1.07728e-07
4.06758e-06
1.01155e-07
6.74561e-08
5.14999e-06
1.55317e-06
5.153e-06
1.13352e-06
5.15476e-06
8.74488e-07
5.15461e-06
7.50428e-07
5.15289e-06
6.62012e-07
5.15068e-06
5.95539e-07
5.14815e-06
5.45622e-07
5.14519e-06
5.06291e-07
5.14172e-06
4.73881e-07
5.13768e-06
4.46479e-07
5.133e-06
4.22926e-07
5.12764e-06
4.02382e-07
5.12155e-06
3.84212e-07
5.11472e-06
3.67934e-07
5.1071e-06
3.53183e-07
5.09872e-06
3.39667e-07
5.08955e-06
3.27157e-07
5.07963e-06
3.15453e-07
5.06897e-06
3.04398e-07
5.05762e-06
2.93844e-07
5.0456e-06
2.83673e-07
5.03297e-06
2.73771e-07
5.01979e-06
2.64052e-07
5.00612e-06
2.54428e-07
4.99202e-06
2.44839e-07
4.97758e-06
2.35232e-07
4.96285e-06
2.25575e-07
4.94793e-06
2.1585e-07
4.9329e-06
2.06058e-07
4.91782e-06
1.96216e-07
4.90278e-06
1.8635e-07
4.88785e-06
1.76509e-07
4.8731e-06
1.66732e-07
4.85859e-06
1.57081e-07
4.84437e-06
1.47581e-07
4.8305e-06
1.3824e-07
4.81702e-06
1.29065e-07
4.80403e-06
1.20719e-07
4.79254e-06
1.12648e-07
7.5495e-08
5.75854e-06
1.51357e-06
5.76241e-06
1.12965e-06
5.76449e-06
8.72409e-07
5.76497e-06
7.49941e-07
5.76389e-06
6.63099e-07
5.76246e-06
5.96966e-07
5.76098e-06
5.47105e-07
5.75938e-06
5.07883e-07
5.75763e-06
4.75635e-07
5.75567e-06
4.48439e-07
5.75346e-06
4.25136e-07
5.75096e-06
4.04887e-07
5.74811e-06
3.87058e-07
5.74489e-06
3.71159e-07
5.74125e-06
3.56822e-07
5.73716e-06
3.43749e-07
5.73262e-06
3.31703e-07
5.72759e-06
3.2048e-07
5.72207e-06
3.09915e-07
5.71607e-06
2.99853e-07
5.70957e-06
2.90171e-07
5.70259e-06
2.80747e-07
5.69516e-06
2.71488e-07
5.68728e-06
2.62301e-07
5.679e-06
2.5312e-07
5.67035e-06
2.43884e-07
5.66137e-06
2.34558e-07
5.6521e-06
2.25119e-07
5.6426e-06
2.15564e-07
5.63291e-06
2.05908e-07
5.62308e-06
1.96178e-07
5.61317e-06
1.8642e-07
5.60323e-06
1.76676e-07
5.59331e-06
1.67008e-07
5.58345e-06
1.57444e-07
5.5737e-06
1.47995e-07
5.56409e-06
1.38678e-07
5.55478e-06
1.30038e-07
5.54661e-06
1.20825e-07
8.21611e-08
6.43873e-06
1.47101e-06
6.44365e-06
1.12473e-06
6.44586e-06
8.70203e-07
6.44672e-06
7.49081e-07
6.44589e-06
6.63926e-07
6.44471e-06
5.9815e-07
6.44358e-06
5.48239e-07
6.44248e-06
5.08979e-07
6.44139e-06
4.76727e-07
6.44028e-06
4.49546e-07
6.43913e-06
4.26283e-07
6.43792e-06
4.06103e-07
6.4366e-06
3.88373e-07
6.43516e-06
3.72605e-07
6.43355e-06
3.58426e-07
6.43176e-06
3.45538e-07
6.42977e-06
3.337e-07
6.42754e-06
3.22707e-07
6.42506e-06
3.1239e-07
6.42233e-06
3.02591e-07
6.41932e-06
2.93182e-07
6.41602e-06
2.84039e-07
6.41245e-06
2.75064e-07
6.40859e-06
2.66162e-07
6.40445e-06
2.57259e-07
6.40004e-06
2.48294e-07
6.39537e-06
2.39225e-07
6.39046e-06
2.30026e-07
6.38534e-06
2.2069e-07
6.38002e-06
2.11231e-07
6.37453e-06
2.0167e-07
6.36889e-06
1.92054e-07
6.36315e-06
1.82423e-07
6.35732e-06
1.72838e-07
6.35144e-06
1.63327e-07
6.34554e-06
1.53903e-07
6.33964e-06
1.44583e-07
6.3339e-06
1.35781e-07
6.32898e-06
1.25758e-07
8.74604e-08
7.19906e-06
1.42564e-06
7.20534e-06
1.11844e-06
7.20761e-06
8.67933e-07
7.20876e-06
7.47937e-07
7.20807e-06
6.6461e-07
7.20693e-06
5.99292e-07
7.20586e-06
5.4931e-07
7.20488e-06
5.09956e-07
7.20398e-06
4.77631e-07
7.20314e-06
4.50386e-07
7.20236e-06
4.27067e-07
7.20161e-06
4.06849e-07
7.20088e-06
3.891e-07
7.20016e-06
3.73333e-07
7.19941e-06
3.59173e-07
7.19862e-06
3.46322e-07
7.19779e-06
3.34539e-07
7.19688e-06
3.23616e-07
7.19588e-06
3.13383e-07
7.19479e-06
3.03682e-07
7.19359e-06
2.94382e-07
7.19227e-06
2.85361e-07
7.19082e-06
2.76516e-07
7.18923e-06
2.67751e-07
7.1875e-06
2.58991e-07
7.18562e-06
2.50171e-07
7.1836e-06
2.41249e-07
7.18143e-06
2.32197e-07
7.17911e-06
2.23004e-07
7.17666e-06
2.13681e-07
7.17409e-06
2.0425e-07
7.17139e-06
1.94752e-07
7.16858e-06
1.85229e-07
7.16569e-06
1.75738e-07
7.16271e-06
1.66309e-07
7.15966e-06
1.56951e-07
7.15657e-06
1.47679e-07
7.15358e-06
1.38775e-07
7.15115e-06
1.28189e-07
9.17004e-08
8.049e-06
1.3777e-06
8.057e-06
1.11043e-06
8.05934e-06
8.65598e-07
8.06074e-06
7.46538e-07
8.06019e-06
6.65163e-07
8.05903e-06
6.00449e-07
8.05792e-06
5.50415e-07
8.05693e-06
5.10949e-07
8.05603e-06
4.78529e-07
8.05523e-06
4.51187e-07
8.05452e-06
4.27776e-07
8.05389e-06
4.07476e-07
8.05334e-06
3.89658e-07
8.05283e-06
3.73835e-07
8.05237e-06
3.59632e-07
8.05195e-06
3.46751e-07
8.05154e-06
3.34948e-07
8.05113e-06
3.24017e-07
8.05073e-06
3.13784e-07
8.05032e-06
3.04093e-07
8.04989e-06
2.94813e-07
8.04943e-06
2.85819e-07
8.04894e-06
2.77008e-07
8.0484e-06
2.68286e-07
8.04782e-06
2.59575e-07
8.04718e-06
2.50813e-07
8.04647e-06
2.41953e-07
8.0457e-06
2.32968e-07
8.04486e-06
2.23846e-07
8.04394e-06
2.14597e-07
8.04295e-06
2.05241e-07
8.04189e-06
1.95818e-07
8.04075e-06
1.86369e-07
8.03954e-06
1.76949e-07
8.03826e-06
1.67587e-07
8.03692e-06
1.58292e-07
8.03553e-06
1.49071e-07
8.03423e-06
1.40081e-07
8.03332e-06
1.29096e-07
9.52936e-08
8.99914e-06
1.3275e-06
9.00924e-06
1.10033e-06
9.0117e-06
8.63143e-07
9.01333e-06
7.449e-07
9.01294e-06
6.65559e-07
9.01176e-06
6.01623e-07
9.0106e-06
5.51581e-07
9.00955e-06
5.12002e-07
9.0086e-06
4.79477e-07
9.00776e-06
4.52028e-07
9.00703e-06
4.28508e-07
9.00639e-06
4.08107e-07
9.00585e-06
3.90199e-07
9.00539e-06
3.74298e-07
9.00499e-06
3.60028e-07
9.00465e-06
3.47089e-07
9.00437e-06
3.35237e-07
9.00412e-06
3.24264e-07
9.00391e-06
3.13997e-07
9.00372e-06
3.04278e-07
9.00356e-06
2.94975e-07
9.00341e-06
2.85966e-07
9.00327e-06
2.77146e-07
9.00314e-06
2.68421e-07
9.003e-06
2.59713e-07
9.00285e-06
2.50961e-07
9.00269e-06
2.42117e-07
9.0025e-06
2.33155e-07
9.00229e-06
2.24062e-07
9.00204e-06
2.14846e-07
9.00175e-06
2.05529e-07
9.00142e-06
1.96149e-07
9.00104e-06
1.86746e-07
9.00062e-06
1.77374e-07
9.00014e-06
1.68061e-07
8.99962e-06
1.58817e-07
8.99905e-06
1.49637e-07
8.99857e-06
1.40563e-07
8.99837e-06
1.29296e-07
9.85794e-08
1.00613e-05
1.27543e-06
1.00739e-05
1.08777e-06
1.00766e-05
8.60465e-07
1.00784e-05
7.43038e-07
1.00782e-05
6.65761e-07
1.00771e-05
6.02792e-07
1.00758e-05
5.52808e-07
1.00747e-05
5.13121e-07
1.00737e-05
4.80491e-07
1.00728e-05
4.52929e-07
1.0072e-05
4.29293e-07
1.00713e-05
4.08781e-07
1.00708e-05
3.90773e-07
1.00703e-05
3.74782e-07
1.00699e-05
3.60433e-07
1.00695e-05
3.47424e-07
1.00693e-05
3.3551e-07
1.00691e-05
3.24482e-07
1.00689e-05
3.14166e-07
1.00688e-05
3.04404e-07
1.00687e-05
2.95064e-07
1.00686e-05
2.86022e-07
1.00686e-05
2.77174e-07
1.00686e-05
2.68428e-07
1.00686e-05
2.59705e-07
1.00686e-05
2.50943e-07
1.00686e-05
2.42097e-07
1.00686e-05
2.33138e-07
1.00686e-05
2.24055e-07
1.00686e-05
2.14856e-07
1.00686e-05
2.05562e-07
1.00685e-05
1.96209e-07
1.00684e-05
1.8684e-07
1.00683e-05
1.77504e-07
1.00681e-05
1.68232e-07
1.00679e-05
1.59032e-07
1.00677e-05
1.49888e-07
1.00675e-05
1.40737e-07
1.00675e-05
1.2929e-07
1.01756e-07
1.12489e-05
1.22201e-06
1.12642e-05
1.07246e-06
1.12673e-05
8.57409e-07
1.12693e-05
7.40964e-07
1.12694e-05
6.65728e-07
1.12682e-05
6.03923e-07
1.1267e-05
5.54086e-07
1.12658e-05
5.14306e-07
1.12647e-05
4.81572e-07
1.12637e-05
4.53896e-07
1.12629e-05
4.30138e-07
1.12622e-05
4.09508e-07
1.12615e-05
3.91391e-07
1.1261e-05
3.75303e-07
1.12606e-05
3.60867e-07
1.12602e-05
3.47781e-07
1.12599e-05
3.35797e-07
1.12597e-05
3.24707e-07
1.12595e-05
3.14335e-07
1.12594e-05
3.04523e-07
1.12593e-05
2.95138e-07
1.12593e-05
2.86056e-07
1.12593e-05
2.77175e-07
1.12593e-05
2.68399e-07
1.12594e-05
2.59654e-07
1.12595e-05
2.50876e-07
1.12595e-05
2.4202e-07
1.12596e-05
2.33059e-07
1.12597e-05
2.23981e-07
1.12598e-05
2.14793e-07
1.12598e-05
2.05517e-07
1.12598e-05
1.96188e-07
1.12598e-05
1.86849e-07
1.12598e-05
1.77547e-07
1.12597e-05
1.68315e-07
1.12596e-05
1.59158e-07
1.12594e-05
1.5005e-07
1.12593e-05
1.40838e-07
1.12593e-05
1.2932e-07
1.04877e-07
1.25766e-05
1.16779e-06
1.25949e-05
1.05415e-06
1.25986e-05
8.53761e-07
1.26009e-05
7.38689e-07
1.26012e-05
6.65422e-07
1.26001e-05
6.04972e-07
1.25988e-05
5.55399e-07
1.25976e-05
5.15551e-07
1.25964e-05
4.82717e-07
1.25954e-05
4.54928e-07
1.25945e-05
4.31044e-07
1.25937e-05
4.1029e-07
1.2593e-05
3.92057e-07
1.25925e-05
3.75864e-07
1.2592e-05
3.61334e-07
1.25916e-05
3.48164e-07
1.25913e-05
3.36105e-07
1.25911e-05
3.24947e-07
1.25909e-05
3.14513e-07
1.25908e-05
3.04647e-07
1.25907e-05
2.95212e-07
1.25907e-05
2.86086e-07
1.25907e-05
2.77166e-07
1.25907e-05
2.68359e-07
1.25908e-05
2.59587e-07
1.25909e-05
2.5079e-07
1.2591e-05
2.41923e-07
1.25911e-05
2.32957e-07
1.25912e-05
2.23882e-07
1.25913e-05
2.14705e-07
1.25913e-05
2.05446e-07
1.25914e-05
1.96141e-07
1.25914e-05
1.86833e-07
1.25914e-05
1.77567e-07
1.25913e-05
1.68377e-07
1.25912e-05
1.59267e-07
1.2591e-05
1.50201e-07
1.25909e-05
1.40953e-07
1.25908e-05
1.29477e-07
1.08013e-07
1.40613e-05
1.11341e-06
1.40827e-05
1.03274e-06
1.40872e-05
8.49263e-07
1.40896e-05
7.36207e-07
1.40903e-05
6.64811e-07
1.40893e-05
6.0589e-07
1.4088e-05
5.56721e-07
1.40867e-05
5.16843e-07
1.40855e-05
4.83918e-07
1.40844e-05
4.5602e-07
1.40835e-05
4.32009e-07
1.40826e-05
4.11125e-07
1.40819e-05
3.9277e-07
1.40813e-05
3.76467e-07
1.40808e-05
3.61836e-07
1.40804e-05
3.48576e-07
1.40801e-05
3.36435e-07
1.40798e-05
3.25205e-07
1.40796e-05
3.14705e-07
1.40795e-05
3.04779e-07
1.40794e-05
2.9529e-07
1.40794e-05
2.86117e-07
1.40794e-05
2.77156e-07
1.40794e-05
2.68313e-07
1.40795e-05
2.59514e-07
1.40796e-05
2.50696e-07
1.40797e-05
2.41815e-07
1.40798e-05
2.32845e-07
1.40799e-05
2.23773e-07
1.408e-05
2.14607e-07
1.40801e-05
2.05367e-07
1.40802e-05
1.96089e-07
1.40802e-05
1.86815e-07
1.40802e-05
1.77589e-07
1.40801e-05
1.68446e-07
1.408e-05
1.5939e-07
1.40798e-05
1.50374e-07
1.40796e-05
1.41123e-07
1.40793e-05
1.29812e-07
1.10927e-07
1.57214e-05
1.05956e-06
1.57459e-05
1.00825e-06
1.57515e-05
8.43618e-07
1.57542e-05
7.33489e-07
1.57552e-05
6.6387e-07
1.57544e-05
6.06618e-07
1.57531e-05
5.58018e-07
1.57518e-05
5.18167e-07
1.57506e-05
4.85166e-07
1.57494e-05
4.57164e-07
1.57484e-05
4.33027e-07
1.57475e-05
4.1201e-07
1.57468e-05
3.93528e-07
1.57461e-05
3.77107e-07
1.57456e-05
3.6237e-07
1.57451e-05
3.49013e-07
1.57448e-05
3.36785e-07
1.57445e-05
3.25476e-07
1.57443e-05
3.14904e-07
1.57442e-05
3.04914e-07
1.57441e-05
2.95366e-07
1.57441e-05
2.86142e-07
1.57441e-05
2.77135e-07
1.57442e-05
2.68254e-07
1.57443e-05
2.59424e-07
1.57444e-05
2.50583e-07
1.57445e-05
2.41688e-07
1.57446e-05
2.32711e-07
1.57448e-05
2.23642e-07
1.57449e-05
2.14488e-07
1.5745e-05
2.05268e-07
1.5745e-05
1.96018e-07
1.57451e-05
1.8678e-07
1.57451e-05
1.77598e-07
1.5745e-05
1.68506e-07
1.57449e-05
1.5951e-07
1.57447e-05
1.50556e-07
1.57445e-05
1.4134e-07
1.5744e-05
1.303e-07
1.14187e-07
1.75779e-05
1.00689e-06
1.76052e-05
9.80884e-07
1.76123e-05
8.36528e-07
1.76153e-05
7.30471e-07
1.76166e-05
6.62581e-07
1.76161e-05
6.07096e-07
1.76149e-05
5.59244e-07
1.76136e-05
5.19498e-07
1.76123e-05
4.86444e-07
1.76111e-05
4.58349e-07
1.76101e-05
4.34092e-07
1.76091e-05
4.12942e-07
1.76083e-05
3.94329e-07
1.76076e-05
3.77787e-07
1.76071e-05
3.6294e-07
1.76066e-05
3.49482e-07
1.76062e-05
3.37164e-07
1.76059e-05
3.25772e-07
1.76057e-05
3.15126e-07
1.76055e-05
3.05068e-07
1.76055e-05
2.9546e-07
1.76054e-05
2.86181e-07
1.76054e-05
2.77127e-07
1.76055e-05
2.68206e-07
1.76056e-05
2.59343e-07
1.76057e-05
2.50478e-07
1.76058e-05
2.41568e-07
1.76059e-05
2.32586e-07
1.7606e-05
2.2352e-07
1.76061e-05
2.14379e-07
1.76062e-05
2.05182e-07
1.76063e-05
1.95964e-07
1.76063e-05
1.86765e-07
1.76062e-05
1.77632e-07
1.76062e-05
1.68599e-07
1.7606e-05
1.59674e-07
1.76057e-05
1.50799e-07
1.76054e-05
1.4167e-07
1.76047e-05
1.31012e-07
1.1629e-07
1.96541e-05
9.56096e-07
1.96839e-05
9.51027e-07
1.96927e-05
8.27723e-07
1.96961e-05
7.27051e-07
1.96978e-05
6.60927e-07
1.96976e-05
6.07261e-07
1.96965e-05
5.60343e-07
1.96952e-05
5.20802e-07
1.9694e-05
4.87726e-07
1.96928e-05
4.59552e-07
1.96917e-05
4.3518e-07
1.96907e-05
4.13896e-07
1.96899e-05
3.95147e-07
1.96892e-05
3.78476e-07
1.96886e-05
3.63509e-07
1.96882e-05
3.49943e-07
1.96878e-05
3.37525e-07
1.96875e-05
3.26043e-07
1.96873e-05
3.15316e-07
1.96872e-05
3.05184e-07
1.96872e-05
2.95511e-07
1.96872e-05
2.86174e-07
1.96872e-05
2.77069e-07
1.96873e-05
2.68105e-07
1.96875e-05
2.59208e-07
1.96876e-05
2.50318e-07
1.96878e-05
2.41392e-07
1.9688e-05
2.32404e-07
1.96882e-05
2.23343e-07
1.96883e-05
2.14215e-07
1.96885e-05
2.05042e-07
1.96886e-05
1.95857e-07
1.96886e-05
1.86701e-07
1.96887e-05
1.77621e-07
1.96886e-05
1.68653e-07
1.96885e-05
1.59808e-07
1.96882e-05
1.51028e-07
1.96879e-05
1.4203e-07
1.9687e-05
1.31857e-07
1.20431e-07
2.19761e-05
9.07777e-07
2.20079e-05
9.19241e-07
2.20186e-05
8.17011e-07
2.20226e-05
7.23091e-07
2.20246e-05
6.58896e-07
2.20248e-05
6.07062e-07
2.20239e-05
5.61257e-07
2.20226e-05
5.22052e-07
2.20214e-05
4.89007e-07
2.20201e-05
4.60784e-07
2.2019e-05
4.36321e-07
2.2018e-05
4.14922e-07
2.20171e-05
3.96051e-07
2.20163e-05
3.7926e-07
2.20156e-05
3.6418e-07
2.2015e-05
3.50507e-07
2.20146e-05
3.3799e-07
2.20142e-05
3.26416e-07
2.20139e-05
3.15603e-07
2.20137e-05
3.05392e-07
2.20136e-05
2.95645e-07
2.20135e-05
2.86243e-07
2.20135e-05
2.7708e-07
2.20135e-05
2.68067e-07
2.20136e-05
2.5913e-07
2.20137e-05
2.5021e-07
2.20138e-05
2.41265e-07
2.2014e-05
2.32269e-07
2.20141e-05
2.2321e-07
2.20142e-05
2.14097e-07
2.20143e-05
2.04948e-07
2.20144e-05
1.95798e-07
2.20144e-05
1.86689e-07
2.20143e-05
1.77667e-07
2.20142e-05
1.6877e-07
2.2014e-05
1.60016e-07
2.20137e-05
1.51358e-07
2.20131e-05
1.42557e-07
2.20122e-05
1.32854e-07
1.20194e-07
2.45732e-05
8.62487e-07
2.46062e-05
8.86242e-07
2.46189e-05
8.04311e-07
2.46236e-05
7.18412e-07
2.4626e-05
6.5644e-07
2.46267e-05
6.06409e-07
2.46261e-05
5.61854e-07
2.4625e-05
5.23102e-07
2.46239e-05
4.90124e-07
2.46229e-05
4.6185e-07
2.46219e-05
4.37288e-07
2.46211e-05
4.15763e-07
2.46203e-05
3.96759e-07
2.46198e-05
3.79843e-07
2.46193e-05
3.64648e-07
2.46189e-05
3.50873e-07
2.46187e-05
3.38265e-07
2.46185e-05
3.2661e-07
2.46183e-05
3.15723e-07
2.46183e-05
3.05445e-07
2.46183e-05
2.95639e-07
2.46183e-05
2.86183e-07
2.46185e-05
2.76973e-07
2.46186e-05
2.6792e-07
2.46188e-05
2.58951e-07
2.4619e-05
2.50007e-07
2.46192e-05
2.41048e-07
2.46194e-05
2.32047e-07
2.46196e-05
2.22995e-07
2.46198e-05
2.13898e-07
2.462e-05
2.04778e-07
2.46201e-05
1.95668e-07
2.46202e-05
1.86611e-07
2.46202e-05
1.77655e-07
2.46201e-05
1.68842e-07
2.462e-05
1.60197e-07
2.46196e-05
1.51688e-07
2.46191e-05
1.43137e-07
2.46177e-05
1.34212e-07
1.27139e-07
2.74779e-05
8.20736e-07
2.75112e-05
8.52916e-07
2.75257e-05
7.89781e-07
2.75312e-05
7.12942e-07
2.7534e-05
6.53658e-07
2.75349e-05
6.0547e-07
2.75344e-05
5.62353e-07
2.75332e-05
5.24281e-07
2.75319e-05
4.91512e-07
2.75304e-05
4.6327e-07
2.75291e-05
4.38657e-07
2.75278e-05
4.17026e-07
2.75267e-05
3.97884e-07
2.75257e-05
3.80818e-07
2.75249e-05
3.65474e-07
2.75242e-05
3.51556e-07
2.75236e-05
3.38813e-07
2.75232e-05
3.27033e-07
2.75229e-05
3.16032e-07
2.75227e-05
3.05651e-07
2.75226e-05
2.95752e-07
2.75226e-05
2.86215e-07
2.75226e-05
2.76935e-07
2.75227e-05
2.67823e-07
2.75228e-05
2.58806e-07
2.7523e-05
2.49827e-07
2.75232e-05
2.40844e-07
2.75234e-05
2.31833e-07
2.75236e-05
2.22783e-07
2.75238e-05
2.137e-07
2.7524e-05
2.04606e-07
2.75242e-05
1.95533e-07
2.75242e-05
1.86525e-07
2.75243e-05
1.77632e-07
2.75242e-05
1.68902e-07
2.7524e-05
1.6037e-07
2.75237e-05
1.52031e-07
2.75231e-05
1.43759e-07
2.75222e-05
1.35036e-07
1.21662e-07
3.0727e-05
7.82803e-07
3.076e-05
8.19993e-07
3.07763e-05
7.73406e-07
3.07832e-05
7.06089e-07
3.0787e-05
6.49815e-07
3.07892e-05
6.03295e-07
3.079e-05
5.61553e-07
3.07901e-05
5.24229e-07
3.07898e-05
4.91748e-07
3.07895e-05
4.63623e-07
3.07891e-05
4.39068e-07
3.07886e-05
4.17454e-07
3.07882e-05
3.98303e-07
3.07878e-05
3.81212e-07
3.07875e-05
3.65834e-07
3.07871e-05
3.51877e-07
3.07869e-05
3.3909e-07
3.07866e-05
3.27263e-07
3.07864e-05
3.16213e-07
3.07863e-05
3.05782e-07
3.07862e-05
2.95833e-07
3.07862e-05
2.86247e-07
3.07862e-05
2.76922e-07
3.07863e-05
2.67769e-07
3.07864e-05
2.58718e-07
3.07865e-05
2.49714e-07
3.07866e-05
2.40715e-07
3.07867e-05
2.31698e-07
3.07869e-05
2.22655e-07
3.0787e-05
2.13592e-07
3.0787e-05
2.04531e-07
3.07871e-05
1.95506e-07
3.0787e-05
1.86562e-07
3.07869e-05
1.77751e-07
3.07867e-05
1.6913e-07
3.07863e-05
1.60748e-07
3.07857e-05
1.52634e-07
3.07847e-05
1.44785e-07
3.07822e-05
1.37483e-07
1.34838e-07
3.43588e-05
7.49745e-07
3.43893e-05
7.89445e-07
3.44056e-05
7.57152e-07
3.44119e-05
6.99804e-07
3.44144e-05
6.47303e-07
3.44151e-05
6.02621e-07
3.44143e-05
5.62267e-07
3.44129e-05
5.25672e-07
3.44113e-05
4.93356e-07
3.44098e-05
4.65139e-07
3.44084e-05
4.40403e-07
3.44073e-05
4.18575e-07
3.44064e-05
3.99199e-07
3.44057e-05
3.81894e-07
3.44053e-05
3.6632e-07
3.44049e-05
3.52189e-07
3.44048e-05
3.3925e-07
3.44047e-05
3.2729e-07
3.44048e-05
3.16125e-07
3.4405e-05
3.05594e-07
3.44053e-05
2.95559e-07
3.44056e-05
2.859e-07
3.44061e-05
2.76512e-07
3.44065e-05
2.67309e-07
3.4407e-05
2.58218e-07
3.44075e-05
2.49185e-07
3.44081e-05
2.40168e-07
3.44086e-05
2.31144e-07
3.44092e-05
2.22104e-07
3.44097e-05
2.13054e-07
3.44102e-05
2.04017e-07
3.44107e-05
1.95027e-07
3.44111e-05
1.86131e-07
3.44115e-05
1.77383e-07
3.44118e-05
1.68848e-07
3.44119e-05
1.60594e-07
3.44119e-05
1.52675e-07
3.44116e-05
1.45054e-07
3.44122e-05
1.3696e-07
1.19812e-07
3.84308e-05
7.19107e-07
3.84619e-05
7.58333e-07
3.84825e-05
7.36636e-07
3.84939e-05
6.88359e-07
3.85011e-05
6.40108e-07
3.8506e-05
5.97764e-07
3.85088e-05
5.59403e-07
3.85102e-05
5.24321e-07
3.85106e-05
4.9295e-07
3.85104e-05
4.65312e-07
3.85099e-05
4.40955e-07
3.85091e-05
4.1937e-07
3.85081e-05
4.00133e-07
3.85071e-05
3.82891e-07
3.85061e-05
3.67332e-07
3.85051e-05
3.5318e-07
3.85042e-05
3.40198e-07
3.85033e-05
3.28179e-07
3.85025e-05
3.16946e-07
3.85017e-05
3.06343e-07
3.8501e-05
2.96235e-07
3.85004e-05
2.86504e-07
3.84999e-05
2.7705e-07
3.84994e-05
2.67787e-07
3.8499e-05
2.58647e-07
3.84986e-05
2.49575e-07
3.84982e-05
2.40533e-07
3.84979e-05
2.31497e-07
3.84975e-05
2.22462e-07
3.84971e-05
2.13433e-07
3.84967e-05
2.04433e-07
3.84963e-05
1.95498e-07
3.84957e-05
1.86676e-07
3.84951e-05
1.78027e-07
3.84943e-05
1.69626e-07
3.84933e-05
1.61565e-07
3.8492e-05
1.53969e-07
3.849e-05
1.4707e-07
3.84851e-05
1.41821e-07
1.43977e-07
4.29447e-05
7.00833e-07
4.29638e-05
7.39211e-07
4.29753e-05
7.2512e-07
4.29802e-05
6.83471e-07
4.29826e-05
6.37771e-07
4.29842e-05
5.96129e-07
4.29854e-05
5.58206e-07
4.29863e-05
5.23382e-07
4.29873e-05
4.92014e-07
4.29883e-05
4.64255e-07
4.29895e-05
4.39775e-07
4.29908e-05
4.18092e-07
4.29921e-05
3.9878e-07
4.29935e-05
3.81482e-07
4.2995e-05
3.65884e-07
4.29965e-05
3.51708e-07
4.29979e-05
3.3871e-07
4.29994e-05
3.26682e-07
4.30009e-05
3.15442e-07
4.30025e-05
3.04833e-07
4.3004e-05
2.94718e-07
4.30055e-05
2.8498e-07
4.3007e-05
2.75517e-07
4.30086e-05
2.66246e-07
4.30101e-05
2.57096e-07
4.30117e-05
2.48017e-07
4.30132e-05
2.38969e-07
4.30148e-05
2.29933e-07
4.30164e-05
2.20901e-07
4.30179e-05
2.11882e-07
4.30194e-05
2.029e-07
4.30209e-05
1.93994e-07
4.30224e-05
1.85213e-07
4.30238e-05
1.76623e-07
4.30251e-05
1.68307e-07
4.30263e-05
1.60371e-07
4.30273e-05
1.52928e-07
4.30285e-05
1.4589e-07
4.30326e-05
1.37692e-07
1.14693e-07
4.81187e-05
6.72384e-07
4.81481e-05
7.09807e-07
4.81695e-05
7.03685e-07
4.81815e-05
6.71477e-07
4.81872e-05
6.32046e-07
4.81893e-05
5.94013e-07
4.8189e-05
5.58551e-07
4.81869e-05
5.25469e-07
4.81838e-05
4.95144e-07
4.81801e-05
4.67898e-07
4.81763e-05
4.43618e-07
4.81724e-05
4.21957e-07
4.81686e-05
4.02555e-07
4.8165e-05
3.851e-07
4.81616e-05
3.69309e-07
4.81584e-05
3.54926e-07
4.81554e-05
3.41723e-07
4.81526e-05
3.29497e-07
4.81499e-05
3.18073e-07
4.81475e-05
3.07296e-07
4.81452e-05
2.97033e-07
4.8143e-05
2.87165e-07
4.81409e-05
2.77593e-07
4.81389e-05
2.68233e-07
4.8137e-05
2.59015e-07
4.81351e-05
2.49888e-07
4.81333e-05
2.40811e-07
4.81314e-05
2.31764e-07
4.81296e-05
2.22738e-07
4.81278e-05
2.13741e-07
4.81259e-05
2.04794e-07
4.81239e-05
1.95935e-07
4.81219e-05
1.87215e-07
4.81198e-05
1.78704e-07
4.81177e-05
1.70494e-07
4.81153e-05
1.62729e-07
4.81126e-05
1.55663e-07
4.81086e-05
1.49839e-07
4.80992e-05
1.47079e-07
1.54862e-07
5.35618e-05
5.35675e-05
5.35795e-05
5.35934e-05
5.36073e-05
5.36207e-05
5.36332e-05
5.36446e-05
5.36548e-05
5.3664e-05
5.36723e-05
5.36798e-05
5.36865e-05
5.36927e-05
5.36984e-05
5.37036e-05
5.37086e-05
5.37132e-05
5.37177e-05
5.3722e-05
5.37262e-05
5.37303e-05
5.37344e-05
5.37385e-05
5.37426e-05
5.37467e-05
5.37508e-05
5.3755e-05
5.37592e-05
5.37635e-05
5.37677e-05
5.37719e-05
5.37761e-05
5.37801e-05
5.3784e-05
5.37878e-05
5.37915e-05
5.37962e-05
5.38076e-05
)
;

boundaryField
{
    inlet
    {
        type            calculated;
        value           nonuniform List<scalar> 
36
(
-1.0756e-06
-1.2028e-06
-1.34504e-06
-1.5041e-06
-1.68197e-06
-1.88087e-06
-2.1033e-06
-2.35204e-06
-2.63018e-06
-2.94122e-06
-3.28905e-06
-3.678e-06
-4.11295e-06
-4.59934e-06
-5.14325e-06
-5.75148e-06
-6.43164e-06
-7.19223e-06
-8.04277e-06
-8.9939e-06
-1.00575e-05
-1.12469e-05
-1.25769e-05
-1.40642e-05
-1.57274e-05
-1.75873e-05
-1.96671e-05
-2.19929e-05
-2.45938e-05
-2.75022e-05
-3.07545e-05
-3.43914e-05
-3.84585e-05
-4.30064e-05
-4.80922e-05
-5.37795e-05
)
;
    }
    outlet
    {
        type            calculated;
        value           nonuniform List<scalar> 
36
(
2.07357e-08
7.25537e-08
1.42952e-07
2.36992e-07
3.60831e-07
5.21779e-07
7.28275e-07
9.89634e-07
1.3154e-06
1.71408e-06
2.19119e-06
2.74683e-06
3.37389e-06
4.05855e-06
4.78451e-06
5.53995e-06
6.32368e-06
7.14692e-06
8.02973e-06
8.99509e-06
1.00643e-05
1.12561e-05
1.25876e-05
1.40764e-05
1.57407e-05
1.76026e-05
1.96829e-05
2.20124e-05
2.46108e-05
2.75277e-05
3.0769e-05
3.44272e-05
3.8461e-05
4.30619e-05
4.80591e-05
5.38536e-05
)
;
    }
    plate
    {
        type            calculated;
        value           uniform 0;
    }
    farfield
    {
        type            calculated;
        value           nonuniform List<scalar> 
50
(
3.99852e-08
6.65018e-08
1.00783e-07
1.41679e-07
1.92399e-07
2.55738e-07
3.33285e-07
4.24005e-07
5.21737e-07
6.12966e-07
6.7859e-07
7.04132e-07
6.9167e-07
6.57585e-07
6.18123e-07
5.80636e-07
5.46065e-07
5.14092e-07
4.84901e-07
4.58699e-07
4.35346e-07
4.14494e-07
3.9579e-07
3.78926e-07
3.63632e-07
3.4966e-07
3.36791e-07
3.24833e-07
3.13617e-07
3.02995e-07
2.92839e-07
2.8304e-07
2.73504e-07
2.64151e-07
2.54921e-07
2.45766e-07
2.36654e-07
2.27571e-07
2.18515e-07
2.09499e-07
2.00552e-07
1.91718e-07
1.83054e-07
1.74637e-07
1.66566e-07
1.58971e-07
1.51953e-07
1.45088e-07
1.35669e-07
1.08864e-07
)
;
    }
    upstreamSlip
    {
        type            symmetry;
        value           uniform 0;
    }
    frontAndBack
    {
        type            empty;
    }
}


// ************************************************************************* //
