/*--------------------------------*- C++ -*----------------------------------*\
| =========                 |                                                 |
| \\      /  F ield         | OpenFOAM: The Open Source CFD Toolbox           |
|  \\    /   O peration     | Version:  2512                                  |
|   \\  /    A nd           | Website:  www.openfoam.com                      |
|    \\/     M anipulation  |                                                 |
\*---------------------------------------------------------------------------*/
FoamFile
{
    version     2.0;
    format      ascii;
    arch        "LSB;label=32;scalar=64";
    class       volScalarField;
    location    "0.0199697";
    object      rho;
}
// * * * * * * * * * * * * * * * * * * * * * * * * * * * * * * * * * * * * * //

dimensions      [1 -3 0 0 0 0 0];

internalField   nonuniform List<scalar> 
1800
(
0.370521
0.370521
0.370521
0.370522
0.370523
0.370525
0.370527
0.370533
0.370523
0.370613
0.370521
0.370521
0.370521
0.370522
0.370523
0.370525
0.370527
0.370533
0.370523
0.370613
0.370521
0.370521
0.370521
0.370522
0.370523
0.370525
0.370527
0.370533
0.370524
0.370609
0.370521
0.370521
0.370521
0.370522
0.370523
0.370525
0.370527
0.370533
0.370524
0.370603
0.370521
0.370521
0.370521
0.370522
0.370523
0.370525
0.370527
0.370533
0.370526
0.370595
0.370521
0.370521
0.370521
0.370522
0.370523
0.370525
0.370527
0.370533
0.370527
0.370586
0.370521
0.370521
0.370521
0.370522
0.370523
0.370525
0.370527
0.370533
0.370528
0.370579
0.370521
0.370521
0.370521
0.370522
0.370523
0.370525
0.370527
0.370532
0.370529
0.370572
0.370521
0.370521
0.370521
0.370522
0.370523
0.370525
0.370527
0.370532
0.37053
0.370568
0.370521
0.370521
0.370521
0.370522
0.370523
0.370525
0.370527
0.370532
0.370531
0.370565
0.370521
0.370521
0.370521
0.370522
0.370523
0.370525
0.370527
0.370532
0.370532
0.370563
0.370521
0.370521
0.370521
0.370522
0.370523
0.370525
0.370527
0.370532
0.370532
0.370561
0.370521
0.370521
0.370521
0.370522
0.370523
0.370525
0.370527
0.370532
0.370532
0.37056
0.370521
0.370521
0.370521
0.370522
0.370523
0.370525
0.370527
0.370532
0.370533
0.370559
0.370521
0.370521
0.370521
0.370522
0.370523
0.370525
0.370527
0.370532
0.370533
0.370557
0.370521
0.370521
0.370521
0.370522
0.370523
0.370525
0.370527
0.370531
0.370533
0.370556
0.370521
0.370521
0.370521
0.370522
0.370523
0.370525
0.370527
0.370531
0.370534
0.370555
0.370521
0.370521
0.370521
0.370522
0.370523
0.370525
0.370527
0.370531
0.370534
0.370553
0.370521
0.370521
0.370521
0.370522
0.370523
0.370525
0.370527
0.370531
0.370534
0.370551
0.370521
0.370521
0.370521
0.370522
0.370523
0.370525
0.370527
0.370531
0.370534
0.37055
0.370521
0.370521
0.370521
0.370522
0.370523
0.370525
0.370527
0.370531
0.370534
0.370548
0.370521
0.370521
0.370521
0.370522
0.370523
0.370525
0.370527
0.370531
0.370534
0.370546
0.370521
0.370521
0.370521
0.370522
0.370523
0.370525
0.370527
0.37053
0.370534
0.370545
0.370521
0.370521
0.370521
0.370522
0.370523
0.370525
0.370527
0.37053
0.370534
0.370543
0.370521
0.370521
0.370521
0.370522
0.370523
0.370525
0.370527
0.37053
0.370534
0.370541
0.37052
0.370521
0.370521
0.370522
0.370523
0.370524
0.370526
0.370529
0.370533
0.370539
0.37052
0.37052
0.370521
0.370522
0.370523
0.370524
0.370526
0.370529
0.370532
0.370537
0.37052
0.37052
0.370521
0.370521
0.370523
0.370524
0.370526
0.370528
0.370532
0.370536
0.37052
0.37052
0.370521
0.370521
0.370522
0.370524
0.370525
0.370528
0.370531
0.370534
0.37052
0.37052
0.37052
0.370521
0.370522
0.370523
0.370525
0.370527
0.37053
0.370532
0.37052
0.37052
0.37052
0.370521
0.370522
0.370523
0.370524
0.370526
0.370529
0.37053
0.370519
0.37052
0.37052
0.37052
0.370521
0.370522
0.370524
0.370526
0.370527
0.370529
0.370519
0.370519
0.37052
0.37052
0.370521
0.370522
0.370523
0.370524
0.370526
0.370527
0.370519
0.370519
0.370519
0.37052
0.37052
0.370521
0.370523
0.370524
0.370525
0.370527
0.370518
0.370518
0.370518
0.370519
0.370519
0.370519
0.370519
0.37052
0.37052
0.37052
0.370518
0.370518
0.370519
0.37052
0.370521
0.370522
0.370524
0.370526
0.370529
0.370531
0.370112
0.370087
0.370095
0.370108
0.370118
0.370124
0.370129
0.370133
0.370136
0.370139
0.370142
0.370144
0.370145
0.370147
0.370148
0.37015
0.370151
0.370152
0.370153
0.370153
0.370154
0.370154
0.370154
0.370155
0.370155
0.370154
0.370154
0.370153
0.370152
0.370151
0.37015
0.370149
0.370147
0.370146
0.370143
0.370142
0.37014
0.370138
0.370134
0.370133
0.370168
0.370091
0.370096
0.370108
0.370118
0.370124
0.370129
0.370133
0.370136
0.370139
0.370142
0.370144
0.370145
0.370147
0.370148
0.37015
0.370151
0.370152
0.370153
0.370153
0.370154
0.370154
0.370155
0.370155
0.370155
0.370154
0.370154
0.370153
0.370152
0.370151
0.37015
0.370149
0.370147
0.370146
0.370144
0.370142
0.37014
0.370138
0.370134
0.370134
0.370258
0.370118
0.370103
0.370111
0.370119
0.370125
0.37013
0.370133
0.370137
0.370139
0.370142
0.370144
0.370146
0.370147
0.370149
0.37015
0.370151
0.370152
0.370153
0.370153
0.370154
0.370154
0.370155
0.370155
0.370155
0.370154
0.370154
0.370153
0.370153
0.370152
0.37015
0.370149
0.370148
0.370146
0.370144
0.370143
0.370141
0.370139
0.370135
0.370134
0.370352
0.370174
0.370127
0.370122
0.370124
0.370128
0.370132
0.370135
0.370138
0.37014
0.370142
0.370144
0.370146
0.370147
0.370149
0.37015
0.370151
0.370152
0.370153
0.370153
0.370154
0.370154
0.370155
0.370155
0.370155
0.370155
0.370154
0.370154
0.370153
0.370152
0.370151
0.37015
0.370148
0.370147
0.370145
0.370144
0.370142
0.37014
0.370137
0.370135
0.370431
0.370251
0.370176
0.370149
0.370141
0.370138
0.370138
0.370139
0.370141
0.370143
0.370144
0.370146
0.370147
0.370149
0.37015
0.370151
0.370152
0.370153
0.370153
0.370154
0.370155
0.370155
0.370155
0.370155
0.370155
0.370155
0.370155
0.370155
0.370154
0.370153
0.370152
0.370151
0.370149
0.370148
0.370146
0.370145
0.370143
0.370141
0.370138
0.370136
0.37049
0.370331
0.370244
0.370199
0.370175
0.370162
0.370155
0.370151
0.37015
0.370149
0.37015
0.37015
0.370151
0.370151
0.370152
0.370153
0.370154
0.370154
0.370155
0.370155
0.370156
0.370156
0.370156
0.370156
0.370156
0.370156
0.370156
0.370156
0.370155
0.370154
0.370153
0.370152
0.370151
0.37015
0.370148
0.370147
0.370145
0.370143
0.370141
0.370138
0.370528
0.3704
0.370319
0.370266
0.370229
0.370204
0.370187
0.370176
0.370169
0.370165
0.370162
0.37016
0.370159
0.370158
0.370158
0.370158
0.370158
0.370158
0.370158
0.370158
0.370158
0.370158
0.370159
0.370159
0.370158
0.370158
0.370158
0.370158
0.370157
0.370156
0.370156
0.370155
0.370153
0.370152
0.370151
0.37015
0.370148
0.370146
0.370144
0.370141
0.370549
0.370451
0.370387
0.370338
0.370297
0.370264
0.370238
0.370219
0.370205
0.370194
0.370187
0.370181
0.370177
0.370173
0.370171
0.370169
0.370168
0.370166
0.370166
0.370165
0.370164
0.370164
0.370163
0.370163
0.370163
0.370162
0.370162
0.370161
0.370161
0.37016
0.370159
0.370158
0.370157
0.370156
0.370155
0.370154
0.370152
0.370151
0.370149
0.370146
0.37056
0.370485
0.370438
0.370401
0.370365
0.370331
0.370302
0.370277
0.370257
0.37024
0.370227
0.370216
0.370207
0.3702
0.370195
0.37019
0.370186
0.370183
0.37018
0.370178
0.370176
0.370175
0.370173
0.370172
0.370171
0.37017
0.370169
0.370168
0.370168
0.370167
0.370166
0.370165
0.370164
0.370162
0.370161
0.37016
0.370158
0.370157
0.370156
0.370152
0.370564
0.370504
0.370472
0.370449
0.370423
0.370395
0.370368
0.370343
0.37032
0.3703
0.370282
0.370267
0.370254
0.370243
0.370233
0.370225
0.370218
0.370212
0.370207
0.370202
0.370198
0.370195
0.370192
0.370189
0.370187
0.370185
0.370183
0.370181
0.37018
0.370178
0.370177
0.370175
0.370174
0.370173
0.370171
0.37017
0.370169
0.370167
0.370166
0.370163
0.370565
0.370514
0.370492
0.370479
0.370464
0.370445
0.370425
0.370404
0.370383
0.370364
0.370345
0.370328
0.370313
0.370298
0.370286
0.370274
0.370264
0.370255
0.370247
0.37024
0.370233
0.370228
0.370223
0.370218
0.370214
0.37021
0.370207
0.370204
0.370201
0.370198
0.370196
0.370194
0.370192
0.37019
0.370188
0.370186
0.370185
0.370183
0.370181
0.370178
0.370564
0.370518
0.370502
0.370496
0.370489
0.370479
0.370466
0.370452
0.370436
0.370421
0.370405
0.37039
0.370375
0.37036
0.370347
0.370334
0.370322
0.370311
0.3703
0.370291
0.370282
0.370274
0.370267
0.37026
0.370254
0.370248
0.370243
0.370238
0.370234
0.37023
0.370226
0.370223
0.37022
0.370217
0.370214
0.370212
0.37021
0.370207
0.370205
0.370202
0.370563
0.37052
0.370506
0.370504
0.370502
0.370498
0.370491
0.370483
0.370474
0.370464
0.370453
0.370441
0.370429
0.370417
0.370405
0.370394
0.370382
0.370371
0.37036
0.37035
0.37034
0.370331
0.370322
0.370314
0.370306
0.370299
0.370292
0.370286
0.37028
0.370275
0.37027
0.370265
0.370261
0.370257
0.370253
0.370249
0.370246
0.370243
0.37024
0.370236
0.370562
0.370521
0.370508
0.370508
0.370508
0.370507
0.370504
0.370501
0.370496
0.370491
0.370484
0.370477
0.37047
0.370462
0.370453
0.370444
0.370435
0.370426
0.370417
0.370408
0.370399
0.37039
0.370381
0.370373
0.370365
0.370357
0.37035
0.370343
0.370336
0.37033
0.370324
0.370318
0.370313
0.370307
0.370303
0.370298
0.370294
0.37029
0.370287
0.370282
0.37056
0.370522
0.370509
0.370509
0.37051
0.37051
0.37051
0.370509
0.370507
0.370505
0.370502
0.370499
0.370495
0.37049
0.370485
0.37048
0.370474
0.370468
0.370461
0.370455
0.370448
0.370441
0.370434
0.370427
0.37042
0.370413
0.370406
0.3704
0.370393
0.370387
0.370381
0.370375
0.37037
0.370364
0.370359
0.370355
0.37035
0.370346
0.370342
0.370336
0.370559
0.370523
0.370509
0.37051
0.370511
0.370512
0.370512
0.370512
0.370512
0.370511
0.37051
0.370509
0.370507
0.370505
0.370503
0.3705
0.370497
0.370494
0.37049
0.370486
0.370482
0.370478
0.370473
0.370468
0.370463
0.370458
0.370453
0.370448
0.370443
0.370438
0.370433
0.370428
0.370424
0.370419
0.370414
0.37041
0.370406
0.370402
0.370398
0.370393
0.370557
0.370523
0.37051
0.37051
0.370512
0.370512
0.370513
0.370513
0.370513
0.370514
0.370514
0.370513
0.370513
0.370512
0.370511
0.37051
0.370509
0.370508
0.370506
0.370504
0.370502
0.3705
0.370497
0.370495
0.370492
0.370489
0.370486
0.370483
0.370479
0.370476
0.370473
0.370469
0.370466
0.370462
0.370459
0.370456
0.370452
0.370449
0.370446
0.370442
0.370555
0.370524
0.37051
0.37051
0.370512
0.370513
0.370513
0.370513
0.370514
0.370514
0.370515
0.370515
0.370515
0.370515
0.370515
0.370514
0.370514
0.370514
0.370513
0.370512
0.370512
0.370511
0.370509
0.370508
0.370507
0.370506
0.370504
0.370502
0.370501
0.370499
0.370497
0.370495
0.370493
0.370491
0.370489
0.370487
0.370485
0.370483
0.370481
0.370478
0.370553
0.370525
0.370511
0.37051
0.370512
0.370513
0.370513
0.370514
0.370514
0.370514
0.370515
0.370515
0.370515
0.370516
0.370516
0.370516
0.370516
0.370516
0.370516
0.370515
0.370515
0.370515
0.370515
0.370514
0.370514
0.370513
0.370512
0.370512
0.370511
0.37051
0.37051
0.370509
0.370508
0.370507
0.370506
0.370505
0.370504
0.370503
0.370502
0.3705
0.370552
0.370526
0.370512
0.370511
0.370512
0.370513
0.370513
0.370514
0.370514
0.370515
0.370515
0.370515
0.370516
0.370516
0.370516
0.370516
0.370516
0.370516
0.370516
0.370516
0.370516
0.370516
0.370516
0.370516
0.370516
0.370516
0.370516
0.370515
0.370515
0.370515
0.370515
0.370514
0.370514
0.370514
0.370513
0.370513
0.370513
0.370512
0.370512
0.370511
0.37055
0.370526
0.370513
0.370511
0.370512
0.370513
0.370513
0.370514
0.370514
0.370515
0.370515
0.370515
0.370516
0.370516
0.370516
0.370516
0.370516
0.370516
0.370517
0.370517
0.370517
0.370517
0.370517
0.370517
0.370517
0.370517
0.370517
0.370517
0.370516
0.370516
0.370516
0.370516
0.370516
0.370516
0.370516
0.370516
0.370516
0.370516
0.370516
0.370515
0.370548
0.370527
0.370513
0.370512
0.370513
0.370513
0.370514
0.370514
0.370514
0.370515
0.370515
0.370515
0.370516
0.370516
0.370516
0.370516
0.370516
0.370516
0.370517
0.370517
0.370517
0.370517
0.370517
0.370517
0.370517
0.370517
0.370517
0.370517
0.370517
0.370517
0.370517
0.370517
0.370517
0.370517
0.370517
0.370517
0.370517
0.370517
0.370517
0.370516
0.370546
0.370527
0.370514
0.370512
0.370513
0.370513
0.370514
0.370514
0.370514
0.370515
0.370515
0.370515
0.370516
0.370516
0.370516
0.370516
0.370516
0.370516
0.370517
0.370517
0.370517
0.370517
0.370517
0.370517
0.370517
0.370517
0.370517
0.370517
0.370517
0.370517
0.370517
0.370517
0.370517
0.370517
0.370517
0.370517
0.370517
0.370517
0.370517
0.370517
0.370544
0.370527
0.370515
0.370512
0.370513
0.370514
0.370514
0.370514
0.370515
0.370515
0.370515
0.370516
0.370516
0.370516
0.370516
0.370516
0.370516
0.370517
0.370517
0.370517
0.370517
0.370517
0.370517
0.370517
0.370517
0.370517
0.370517
0.370517
0.370517
0.370517
0.370517
0.370517
0.370517
0.370517
0.370517
0.370517
0.370517
0.370517
0.370517
0.370517
0.370541
0.370528
0.370516
0.370513
0.370513
0.370514
0.370514
0.370514
0.370515
0.370515
0.370515
0.370516
0.370516
0.370516
0.370516
0.370516
0.370516
0.370517
0.370517
0.370517
0.370517
0.370517
0.370517
0.370517
0.370517
0.370517
0.370517
0.370517
0.370517
0.370517
0.370517
0.370517
0.370517
0.370517
0.370517
0.370517
0.370517
0.370517
0.370517
0.370517
0.370539
0.370528
0.370517
0.370514
0.370514
0.370514
0.370514
0.370515
0.370515
0.370515
0.370515
0.370516
0.370516
0.370516
0.370516
0.370516
0.370516
0.370517
0.370517
0.370517
0.370517
0.370517
0.370517
0.370517
0.370517
0.370517
0.370517
0.370517
0.370517
0.370517
0.370517
0.370517
0.370517
0.370517
0.370517
0.370517
0.370517
0.370517
0.370517
0.370517
0.370537
0.370527
0.370518
0.370514
0.370514
0.370514
0.370515
0.370515
0.370515
0.370515
0.370516
0.370516
0.370516
0.370516
0.370516
0.370516
0.370516
0.370517
0.370517
0.370517
0.370517
0.370517
0.370517
0.370517
0.370517
0.370517
0.370517
0.370517
0.370517
0.370517
0.370517
0.370517
0.370517
0.370517
0.370517
0.370517
0.370517
0.370517
0.370517
0.370517
0.370535
0.370527
0.370518
0.370515
0.370515
0.370515
0.370515
0.370515
0.370515
0.370515
0.370516
0.370516
0.370516
0.370516
0.370516
0.370517
0.370517
0.370517
0.370517
0.370517
0.370517
0.370517
0.370517
0.370517
0.370517
0.370517
0.370517
0.370517
0.370517
0.370517
0.370517
0.370517
0.370517
0.370517
0.370517
0.370517
0.370517
0.370518
0.370518
0.370518
0.370533
0.370527
0.370519
0.370516
0.370515
0.370515
0.370515
0.370515
0.370515
0.370516
0.370516
0.370516
0.370516
0.370516
0.370516
0.370516
0.370516
0.370516
0.370516
0.370516
0.370516
0.370516
0.370516
0.370516
0.370516
0.370516
0.370516
0.370516
0.370516
0.370516
0.370516
0.370516
0.370516
0.370516
0.370516
0.370516
0.370516
0.370516
0.370516
0.370516
0.370532
0.370526
0.37052
0.370516
0.370516
0.370516
0.370516
0.370516
0.370516
0.370516
0.370516
0.370516
0.370517
0.370517
0.370517
0.370517
0.370517
0.370517
0.370517
0.370518
0.370518
0.370518
0.370518
0.370518
0.370518
0.370518
0.370518
0.370518
0.370518
0.370518
0.370518
0.370518
0.370518
0.370518
0.370518
0.370518
0.370518
0.370518
0.370518
0.370519
0.37053
0.370525
0.37052
0.370517
0.370516
0.370516
0.370516
0.370515
0.370515
0.370515
0.370515
0.370515
0.370515
0.370515
0.370515
0.370515
0.370515
0.370515
0.370515
0.370515
0.370515
0.370515
0.370515
0.370515
0.370515
0.370515
0.370515
0.370515
0.370515
0.370515
0.370515
0.370515
0.370515
0.370515
0.370515
0.370515
0.370515
0.370515
0.370516
0.370515
0.370528
0.370525
0.370521
0.370518
0.370517
0.370517
0.370517
0.370517
0.370517
0.370518
0.370518
0.370518
0.370518
0.370519
0.370519
0.370519
0.370519
0.370519
0.370519
0.370519
0.370519
0.370519
0.370519
0.370519
0.370519
0.370519
0.370519
0.370519
0.370519
0.370519
0.370519
0.370519
0.370519
0.370519
0.370519
0.370519
0.370519
0.37052
0.370519
0.37052
0.370526
0.370523
0.37052
0.370517
0.370515
0.370515
0.370514
0.370514
0.370513
0.370513
0.370513
0.370513
0.370513
0.370513
0.370513
0.370513
0.370513
0.370513
0.370513
0.370513
0.370513
0.370513
0.370513
0.370513
0.370513
0.370513
0.370514
0.370514
0.370514
0.370514
0.370514
0.370514
0.370514
0.370514
0.370514
0.370514
0.370514
0.370514
0.370514
0.370514
0.370527
0.370525
0.370524
0.370522
0.370522
0.370522
0.370522
0.370522
0.370522
0.370522
0.370523
0.370523
0.370523
0.370523
0.370523
0.370523
0.370523
0.370523
0.370523
0.370523
0.370523
0.370523
0.370523
0.370522
0.370522
0.370522
0.370522
0.370522
0.370522
0.370522
0.370522
0.370522
0.370522
0.370522
0.370522
0.370522
0.370522
0.370521
0.370521
0.370522
0.370519
0.370516
0.370513
0.370511
0.37051
0.370509
0.370508
0.370508
0.370508
0.370508
0.370508
0.370509
0.370509
0.370509
0.370509
0.370509
0.370509
0.37051
0.37051
0.37051
0.37051
0.37051
0.37051
0.37051
0.37051
0.37051
0.370511
0.370511
0.370511
0.370511
0.370511
0.370511
0.370511
0.370511
0.370511
0.370512
0.370512
0.370512
0.370512
0.370512
0.370533
0.370534
0.370535
0.370534
0.370533
0.370533
0.370532
0.370531
0.370531
0.37053
0.37053
0.370529
0.370529
0.370528
0.370528
0.370528
0.370527
0.370527
0.370527
0.370527
0.370527
0.370526
0.370526
0.370526
0.370526
0.370525
0.370525
0.370525
0.370525
0.370525
0.370524
0.370524
0.370524
0.370524
0.370523
0.370523
0.370523
0.370523
0.370523
0.370523
)
;

boundaryField
{
    inlet
    {
        type            calculated;
        value           nonuniform List<scalar> 
36
(
0.370521
0.370521
0.370521
0.370521
0.370521
0.370521
0.370521
0.370521
0.370521
0.370521
0.370521
0.370521
0.370521
0.370521
0.370521
0.370521
0.370521
0.370521
0.370521
0.370521
0.370521
0.370521
0.370521
0.370521
0.370521
0.370521
0.37052
0.37052
0.37052
0.37052
0.37052
0.370519
0.370519
0.370519
0.370518
0.370518
)
;
    }
    outlet
    {
        type            calculated;
        value           nonuniform List<scalar> 
36
(
0.370135
0.370136
0.370136
0.370137
0.370138
0.37014
0.370143
0.370148
0.370154
0.370165
0.37018
0.370204
0.370238
0.370284
0.370338
0.370394
0.370444
0.37048
0.370502
0.370512
0.370516
0.370518
0.370518
0.370518
0.370518
0.370518
0.370518
0.370518
0.370518
0.370518
0.370517
0.370518
0.370517
0.370519
0.370515
0.370519
)
;
    }
    plate
    {
        type            calculated;
        value           nonuniform List<scalar> 
40
(
0.370112
0.370087
0.370095
0.370108
0.370118
0.370124
0.370129
0.370133
0.370136
0.370139
0.370142
0.370144
0.370145
0.370147
0.370148
0.37015
0.370151
0.370152
0.370153
0.370153
0.370154
0.370154
0.370154
0.370155
0.370155
0.370154
0.370154
0.370153
0.370152
0.370151
0.37015
0.370149
0.370147
0.370146
0.370143
0.370142
0.37014
0.370138
0.370134
0.370133
)
;
    }
    farfield
    {
        type            calculated;
        value           uniform 0.370517;
    }
    upstreamSlip
    {
        type            symmetry;
    }
    frontAndBack
    {
        type            empty;
    }
}


// ************************************************************************* //
