/*--------------------------------*- C++ -*----------------------------------*\
| =========                 |                                                 |
| \\      /  F ield         | OpenFOAM: The Open Source CFD Toolbox           |
|  \\    /   O peration     | Version:  2512                                  |
|   \\  /    A nd           | Website:  www.openfoam.com                      |
|    \\/     M anipulation  |                                                 |
\*---------------------------------------------------------------------------*/
FoamFile
{
    version     2.0;
    format      ascii;
    arch        "LSB;label=32;scalar=64";
    class       volVectorField;
    location    "0.0199697";
    object      U;
}
// * * * * * * * * * * * * * * * * * * * * * * * * * * * * * * * * * * * * * //

dimensions      [0 1 -1 0 0 0 0];

internalField   nonuniform List<vector> 
1800
(
(39.5288 1.58165e-05 0)
(39.5245 3.01249e-05 0)
(39.5164 4.93872e-05 0)
(39.5038 7.30528e-05 0)
(39.4857 0.00010536 0)
(39.4596 0.00015564 0)
(39.4203 0.00024005 0)
(39.3589 0.000532572 0)
(39.1812 0.000815002 0)
(39.1004 0.0811146 0)
(39.5288 4.93861e-05 0)
(39.5245 9.40181e-05 0)
(39.5164 0.000154093 0)
(39.5038 0.000227907 0)
(39.4857 0.000328684 0)
(39.4596 0.000485523 0)
(39.4203 0.000748892 0)
(39.3589 0.00165976 0)
(39.182 0.00253449 0)
(39.1019 0.193367 0)
(39.5288 8.68696e-05 0)
(39.5245 0.000165565 0)
(39.5164 0.000271184 0)
(39.5038 0.000401061 0)
(39.4857 0.000578389 0)
(39.4596 0.000854227 0)
(39.4203 0.00131791 0)
(39.3589 0.00290591 0)
(39.1835 0.00447056 0)
(39.1046 0.275954 0)
(39.5288 0.000128488 0)
(39.5245 0.000245603 0)
(39.5164 0.000401903 0)
(39.5038 0.000594368 0)
(39.4857 0.000857156 0)
(39.4596 0.00126549 0)
(39.4203 0.00195315 0)
(39.3589 0.00426617 0)
(39.1856 0.00669266 0)
(39.108 0.327813 0)
(39.5288 0.000174767 0)
(39.5245 0.000335264 0)
(39.5164 0.000547957 0)
(39.5038 0.000810314 0)
(39.4857 0.00116855 0)
(39.4597 0.00172444 0)
(39.4203 0.00266279 0)
(39.359 0.005747 0)
(39.1882 0.00925031 0)
(39.1122 0.359113 0)
(39.5288 0.000226244 0)
(39.5245 0.000435737 0)
(39.5164 0.00071117 0)
(39.5038 0.00105158 0)
(39.4857 0.00151643 0)
(39.4597 0.00223661 0)
(39.4204 0.00345552 0)
(39.359 0.00735642 0)
(39.1912 0.012187 0)
(39.117 0.377336 0)
(39.5288 0.000283483 0)
(39.5245 0.000548323 0)
(39.5164 0.000893542 0)
(39.5038 0.00132109 0)
(39.4857 0.001905 0)
(39.4597 0.00280804 0)
(39.4204 0.00434077 0)
(39.3591 0.00910323 0)
(39.1946 0.0155465 0)
(39.1225 0.386904 0)
(39.5288 0.000347117 0)
(39.5245 0.000674472 0)
(39.5164 0.00109731 0)
(39.5038 0.00162213 0)
(39.4858 0.00233897 0)
(39.4597 0.00344546 0)
(39.4205 0.00532895 0)
(39.3592 0.010998 0)
(39.1984 0.0193714 0)
(39.1285 0.390678 0)
(39.5288 0.000417861 0)
(39.5245 0.000815803 0)
(39.5164 0.00132496 0)
(39.5039 0.00195836 0)
(39.4858 0.0028236 0)
(39.4597 0.00415639 0)
(39.4206 0.00643146 0)
(39.3594 0.0130538 0)
(39.2026 0.0236999 0)
(39.1352 0.390685 0)
(39.5288 0.000496522 0)
(39.5245 0.000974115 0)
(39.5164 0.00157931 0)
(39.5039 0.00233386 0)
(39.4858 0.00336473 0)
(39.4598 0.0049492 0)
(39.4207 0.00766083 0)
(39.3596 0.0152866 0)
(39.2072 0.0285627 0)
(39.1425 0.388312 0)
(39.5288 0.000584011 0)
(39.5245 0.0011514 0)
(39.5164 0.00186345 0)
(39.5039 0.00275319 0)
(39.4858 0.00396889 0)
(39.4598 0.00583319 0)
(39.4208 0.00903069 0)
(39.3599 0.0177149 0)
(39.2123 0.033981 0)
(39.1505 0.384426 0)
(39.5288 0.000681359 0)
(39.5245 0.00134987 0)
(39.5164 0.00218088 0)
(39.5039 0.00322142 0)
(39.4858 0.0046433 0)
(39.4599 0.00681868 0)
(39.421 0.0105559 0)
(39.3603 0.0203604 0)
(39.2179 0.0399639 0)
(39.1592 0.379523 0)
(39.5288 0.000789723 0)
(39.5245 0.00157198 0)
(39.5164 0.00253545 0)
(39.5039 0.00374419 0)
(39.4859 0.00539597 0)
(39.46 0.00791704 0)
(39.4212 0.0122525 0)
(39.3609 0.0232466 0)
(39.224 0.0465064 0)
(39.1686 0.373871 0)
(39.5288 0.000910405 0)
(39.5245 0.00182042 0)
(39.5164 0.00293145 0)
(39.5039 0.00432772 0)
(39.4859 0.00623576 0)
(39.4601 0.00914079 0)
(39.4215 0.0141376 0)
(39.3616 0.0263991 0)
(39.2307 0.0535874 0)
(39.1788 0.367608 0)
(39.5288 0.00104486 0)
(39.5245 0.00209817 0)
(39.5164 0.00337365 0)
(39.504 0.00497892 0)
(39.486 0.00717241 0)
(39.4602 0.0105036 0)
(39.4219 0.0162296 0)
(39.3624 0.0298438 0)
(39.2379 0.0611683 0)
(39.1898 0.360812 0)
(39.5288 0.00119471 0)
(39.5245 0.00240854 0)
(39.5164 0.0038673 0)
(39.504 0.00570538 0)
(39.4861 0.00821659 0)
(39.4604 0.0120201 0)
(39.4223 0.0185476 0)
(39.3635 0.0336062 0)
(39.2457 0.069192 0)
(39.2016 0.353538 0)
(39.5288 0.00136176 0)
(39.5245 0.00275514 0)
(39.5165 0.00441817 0)
(39.5041 0.00651543 0)
(39.4862 0.00937988 0)
(39.4606 0.0137063 0)
(39.4228 0.0211113 0)
(39.3649 0.0377094 0)
(39.2541 0.077583 0)
(39.2141 0.34584 0)
(39.5288 0.001548 0)
(39.5245 0.00314193 0)
(39.5165 0.00503258 0)
(39.5041 0.00741813 0)
(39.4864 0.0106748 0)
(39.4609 0.0155789 0)
(39.4235 0.0239405 0)
(39.3667 0.0421724 0)
(39.2632 0.0862479 0)
(39.2274 0.337778 0)
(39.5288 0.00175561 0)
(39.5246 0.00357324 0)
(39.5165 0.0057174 0)
(39.5042 0.00842328 0)
(39.4865 0.0121148 0)
(39.4613 0.0176554 0)
(39.4244 0.0270545 0)
(39.3688 0.0470074 0)
(39.2729 0.095077 0)
(39.2414 0.329419 0)
(39.5288 0.00198698 0)
(39.5246 0.00405376 0)
(39.5166 0.00648005 0)
(39.5044 0.00954138 0)
(39.4868 0.0137139 0)
(39.4618 0.0199535 0)
(39.4254 0.0304708 0)
(39.3713 0.0522179 0)
(39.2832 0.103947 0)
(39.2561 0.320841 0)
(39.5288 0.00224467 0)
(39.5246 0.00458855 0)
(39.5167 0.00732843 0)
(39.5045 0.0107835 0)
(39.4871 0.0154867 0)
(39.4623 0.0224907 0)
(39.4267 0.0342044 0)
(39.3744 0.0577961 0)
(39.2941 0.112725 0)
(39.2713 0.312121 0)
(39.5288 0.00253146 0)
(39.5246 0.00518298 0)
(39.5168 0.00827086 0)
(39.5047 0.0121611 0)
(39.4874 0.017448 0)
(39.463 0.0252837 0)
(39.4282 0.0382658 0)
(39.378 0.06372 0)
(39.3056 0.121272 0)
(39.287 0.303341 0)
(39.5288 0.00285025 0)
(39.5247 0.00584269 0)
(39.5169 0.0093159 0)
(39.5049 0.0136859 0)
(39.4879 0.0196121 0)
(39.4639 0.0283469 0)
(39.43 0.0426596 0)
(39.3823 0.0699523 0)
(39.3177 0.129452 0)
(39.3031 0.294581 0)
(39.5288 0.00320406 0)
(39.5247 0.00657345 0)
(39.517 0.0104722 0)
(39.5052 0.015369 0)
(39.4884 0.0219921 0)
(39.465 0.0316917 0)
(39.4323 0.0473819 0)
(39.3872 0.0764384 0)
(39.3302 0.137135 0)
(39.3194 0.285914 0)
(39.5288 0.00359598 0)
(39.5248 0.00738105 0)
(39.5172 0.0117479 0)
(39.5056 0.0172211 0)
(39.4891 0.0245991 0)
(39.4663 0.0353242 0)
(39.4349 0.0524184 0)
(39.3928 0.0831069 0)
(39.3432 0.144207 0)
(39.3359 0.277407 0)
(39.5288 0.00402901 0)
(39.5249 0.00827095 0)
(39.5174 0.0131505 0)
(39.506 0.0192506 0)
(39.49 0.0274406 0)
(39.4679 0.0392437 0)
(39.438 0.0577421 0)
(39.3992 0.0898708 0)
(39.3566 0.150574 0)
(39.3523 0.269119 0)
(39.5289 0.00450599 0)
(39.525 0.00924799 0)
(39.5176 0.0146858 0)
(39.5066 0.0214633 0)
(39.491 0.0305189 0)
(39.4699 0.0434403 0)
(39.4416 0.0633117 0)
(39.4062 0.0966304 0)
(39.3702 0.15617 0)
(39.3685 0.2611 0)
(39.5289 0.00502942 0)
(39.5251 0.0103159 0)
(39.5179 0.0163572 0)
(39.5072 0.0238605 0)
(39.4923 0.0338289 0)
(39.4722 0.0478924 0)
(39.4458 0.0690703 0)
(39.414 0.103279 0)
(39.3839 0.160963 0)
(39.3843 0.253406 0)
(39.5289 0.00560126 0)
(39.5252 0.0114764 0)
(39.5183 0.0181639 0)
(39.508 0.026437 0)
(39.4938 0.0373559 0)
(39.4749 0.0525645 0)
(39.4506 0.0749438 0)
(39.4224 0.109698 0)
(39.3977 0.164914 0)
(39.3997 0.24598 0)
(39.529 0.00622285 0)
(39.5254 0.0127288 0)
(39.5188 0.0200997 0)
(39.509 0.0291788 0)
(39.4956 0.0410731 0)
(39.478 0.0574137 0)
(39.456 0.080891 0)
(39.4314 0.115938 0)
(39.4115 0.168448 0)
(39.4144 0.239707 0)
(39.529 0.00689492 0)
(39.5256 0.0140684 0)
(39.5193 0.0221505 0)
(39.5101 0.0320574 0)
(39.4977 0.0449007 0)
(39.4816 0.0621911 0)
(39.462 0.0862468 0)
(39.441 0.120526 0)
(39.4252 0.168783 0)
(39.4287 0.229447 0)
(39.529 0.00761833 0)
(39.5258 0.0154849 0)
(39.5199 0.0243042 0)
(39.5115 0.0351848 0)
(39.5001 0.0494635 0)
(39.4856 0.068828 0)
(39.4683 0.0955555 0)
(39.4503 0.132522 0)
(39.4376 0.182047 0)
(39.4407 0.241239 0)
(39.5291 0.00839615 0)
(39.526 0.0169112 0)
(39.5207 0.0259676 0)
(39.5132 0.0361734 0)
(39.5034 0.0482373 0)
(39.4912 0.0631415 0)
(39.4771 0.0822319 0)
(39.4632 0.106956 0)
(39.4543 0.13758 0)
(39.4585 0.169561 0)
(39.5291 0.00936527 0)
(39.526 0.0198988 0)
(39.5207 0.0336191 0)
(39.5133 0.0523911 0)
(39.5034 0.0778428 0)
(39.4912 0.111815 0)
(39.477 0.15646 0)
(39.4627 0.213809 0)
(39.452 0.28446 0)
(39.4504 0.364885 0)
(39.5295 0.00774487 0)
(39.5283 0.0104443 0)
(39.5263 0.00879596 0)
(39.5237 0.0036297 0)
(39.5202 -0.00497946 0)
(39.5159 -0.0173915 0)
(39.5114 -0.03433 0)
(39.5084 -0.0570495 0)
(39.5096 -0.0877835 0)
(39.5188 -0.13048 0)
(39.5267 0.0234543 0)
(39.5191 0.0543275 0)
(39.5098 0.0952674 0)
(39.4984 0.148493 0)
(39.4842 0.217227 0)
(39.4667 0.305426 0)
(39.4458 0.417053 0)
(39.4223 0.554643 0)
(39.3988 0.716697 0)
(39.3794 0.894258 0)
(9.72739 0.0931716 0)
(4.42874 0.00758501 0)
(3.15247 0.00132448 0)
(2.56392 0.000640111 0)
(2.21987 0.000400096 0)
(1.98723 0.000286401 0)
(1.81494 0.000219338 0)
(1.68056 0.000174197 0)
(1.57227 0.000142162 0)
(1.48276 0.000118738 0)
(1.40721 0.000101168 0)
(1.34232 8.75048e-05 0)
(1.28582 7.67144e-05 0)
(1.23604 6.78877e-05 0)
(1.19177 6.07003e-05 0)
(1.15208 5.45604e-05 0)
(1.11625 4.94805e-05 0)
(1.08372 4.49628e-05 0)
(1.05404 4.11933e-05 0)
(1.02685 3.76974e-05 0)
(1.00187 3.47795e-05 0)
(0.978863 3.19529e-05 0)
(0.957634 2.95873e-05 0)
(0.938028 2.72284e-05 0)
(0.919912 2.52016e-05 0)
(0.903179 2.32046e-05 0)
(0.887735 2.13915e-05 0)
(0.8735 1.96881e-05 0)
(0.860403 1.8018e-05 0)
(0.848377 1.65657e-05 0)
(0.837367 1.50056e-05 0)
(0.827306 1.3785e-05 0)
(0.818146 1.23296e-05 0)
(0.809821 1.13369e-05 0)
(0.802287 1.00039e-05 0)
(0.795475 9.17703e-06 0)
(0.789336 7.92001e-06 0)
(0.784071 5.67537e-06 0)
(0.780997 7.99676e-06 0)
(0.765016 3.33945e-05 0)
(21.3051 0.245058 0)
(13.2165 0.061846 0)
(9.75998 0.0196096 0)
(7.98528 0.00989192 0)
(6.91983 0.00614434 0)
(6.19538 0.00432381 0)
(5.65901 0.00327598 0)
(5.24074 0.00259231 0)
(4.90342 0.00211342 0)
(4.62439 0.00176408 0)
(4.38876 0.00150133 0)
(4.18636 0.00129782 0)
(4.01007 0.00113652 0)
(3.85476 0.00100564 0)
(3.71663 0.000898016 0)
(3.59278 0.000807629 0)
(3.48096 0.000731311 0)
(3.37944 0.0006653 0)
(3.28681 0.000608381 0)
(3.20197 0.000557825 0)
(3.124 0.000513415 0)
(3.05219 0.00047298 0)
(2.98593 0.000436828 0)
(2.92474 0.000403242 0)
(2.86819 0.000372598 0)
(2.81596 0.000343838 0)
(2.76775 0.000317067 0)
(2.72331 0.000291922 0)
(2.68243 0.000268053 0)
(2.6449 0.000245874 0)
(2.61053 0.000224446 0)
(2.57914 0.000204952 0)
(2.55055 0.000185815 0)
(2.52457 0.000168907 0)
(2.50107 0.00015206 0)
(2.47981 0.000137589 0)
(2.46067 0.000120975 0)
(2.44415 9.21326e-05 0)
(2.43304 0.00016692 0)
(2.39025 0.00023324 0)
(28.5267 0.369271 0)
(21.1232 0.13324 0)
(16.6064 0.0567019 0)
(13.8527 0.0310105 0)
(12.0813 0.0196565 0)
(10.8453 0.0138768 0)
(9.92111 0.0105138 0)
(9.19662 0.00832298 0)
(8.61012 0.00679041 0)
(8.12361 0.00567133 0)
(7.71194 0.0048282 0)
(7.35785 0.00417464 0)
(7.04912 0.00365607 0)
(6.77693 0.0032355 0)
(6.53469 0.00288922 0)
(6.31738 0.00259882 0)
(6.12111 0.00235302 0)
(5.94285 0.00214108 0)
(5.78014 0.00195766 0)
(5.63107 0.00179544 0)
(5.49404 0.00165225 0)
(5.3678 0.00152261 0)
(5.25127 0.00140602 0)
(5.14362 0.00129836 0)
(5.04413 0.00119968 0)
(4.9522 0.00110739 0)
(4.86732 0.00102134 0)
(4.78907 0.000940442 0)
(4.71705 0.00086397 0)
(4.65091 0.000792362 0)
(4.59033 0.000724 0)
(4.53496 0.000660786 0)
(4.48453 0.000600005 0)
(4.43869 0.000544879 0)
(4.39719 0.000491617 0)
(4.35966 0.000444238 0)
(4.32588 0.000391909 0)
(4.29654 0.000310589 0)
(4.27465 0.000519939 0)
(4.20938 0.000615353 0)
(33.0071 0.461829 0)
(27.4091 0.206534 0)
(23.0044 0.106759 0)
(19.8053 0.0642815 0)
(17.5235 0.0424886 0)
(15.8435 0.0304875 0)
(14.5524 0.0232562 0)
(13.5245 0.0184828 0)
(12.6839 0.0151218 0)
(11.9817 0.0126553 0)
(11.3844 0.0107889 0)
(10.8688 0.00933794 0)
(10.418 0.00818399 0)
(10.0196 0.00724704 0)
(9.66452 0.00647424 0)
(9.3455 0.00582607 0)
(9.05702 0.0052765 0)
(8.79474 0.00480304 0)
(8.55514 0.00439232 0)
(8.33544 0.00402985 0)
(8.13334 0.00370886 0)
(7.94702 0.0034192 0)
(7.77492 0.00315771 0)
(7.61584 0.00291711 0)
(7.46869 0.00269586 0)
(7.33265 0.00248942 0)
(7.20697 0.00229662 0)
(7.091 0.00211537 0)
(6.9842 0.00194423 0)
(6.88604 0.00178343 0)
(6.79606 0.00163068 0)
(6.71376 0.00148832 0)
(6.63874 0.00135278 0)
(6.5705 0.0012282 0)
(6.50866 0.00110964 0)
(6.45269 0.00100204 0)
(6.40229 0.000886512 0)
(6.35825 0.000724988 0)
(6.32254 0.00111967 0)
(6.23914 0.00119355 0)
(35.7522 0.526092 0)
(31.9849 0.270128 0)
(28.3783 0.159511 0)
(25.3274 0.105131 0)
(22.8921 0.0734142 0)
(20.9588 0.0542716 0)
(19.4012 0.0420681 0)
(18.1233 0.0337571 0)
(17.0569 0.0277977 0)
(16.1533 0.0233697 0)
(15.3767 0.0199882 0)
(14.7011 0.017342 0)
(14.1069 0.0152269 0)
(13.5795 0.0135034 0)
(13.1074 0.0120774 0)
(12.6821 0.0108791 0)
(12.2966 0.00986064 0)
(11.9452 0.00898258 0)
(11.6237 0.00821925 0)
(11.3284 0.00754571 0)
(11.0563 0.00694797 0)
(10.8051 0.00640907 0)
(10.5728 0.00592149 0)
(10.3578 0.00547343 0)
(10.1587 0.00506065 0)
(9.97435 0.00467574 0)
(9.80385 0.00431591 0)
(9.64633 0.00397748 0)
(9.50108 0.00365803 0)
(9.3674 0.00335723 0)
(9.2447 0.00307209 0)
(9.13232 0.00280518 0)
(9.02974 0.00255217 0)
(8.93629 0.00231794 0)
(8.85147 0.0020966 0)
(8.77461 0.00189338 0)
(8.70533 0.00167969 0)
(8.64435 0.00141297 0)
(8.59176 0.0020049 0)
(8.49366 0.00197264 0)
(37.3963 0.567594 0)
(35.0983 0.319602 0)
(32.4877 0.207014 0)
(29.978 0.147086 0)
(27.754 0.108647 0)
(25.8364 0.0834409 0)
(24.194 0.0663057 0)
(22.7855 0.054096 0)
(21.5718 0.0450643 0)
(20.5185 0.0382029 0)
(19.597 0.0328761 0)
(18.7842 0.0286561 0)
(18.0618 0.0252513 0)
(17.415 0.0224572 0)
(16.8322 0.0201319 0)
(16.304 0.0181695 0)
(15.823 0.0164948 0)
(15.3829 0.0150472 0)
(14.9787 0.0137848 0)
(14.6063 0.0126694 0)
(14.2623 0.011677 0)
(13.944 0.0107818 0)
(13.6489 0.00997005 0)
(13.3751 0.00922405 0)
(13.1211 0.00853551 0)
(12.8854 0.00789334 0)
(12.667 0.00729226 0)
(12.4649 0.00672647 0)
(12.278 0.00619215 0)
(12.1058 0.00568808 0)
(11.9473 0.00521054 0)
(11.8019 0.00476205 0)
(11.6688 0.00433776 0)
(11.5473 0.003943 0)
(11.4368 0.00357119 0)
(11.3365 0.00322699 0)
(11.2459 0.00287173 0)
(11.1655 0.00247495 0)
(11.0933 0.00323133 0)
(10.9823 0.00296711 0)
(38.3482 0.591817 0)
(37.093 0.354874 0)
(35.3843 0.24513 0)
(33.5491 0.184644 0)
(31.7679 0.143325 0)
(30.1061 0.114479 0)
(28.5857 0.0937122 0)
(27.2107 0.0781765 0)
(25.9749 0.0662263 0)
(24.8661 0.0568634 0)
(23.8702 0.0494159 0)
(22.9731 0.0434024 0)
(22.1621 0.0384767 0)
(21.426 0.0343863 0)
(20.7552 0.0309488 0)
(20.1415 0.028025 0)
(19.5781 0.0255132 0)
(19.0592 0.0233307 0)
(18.5797 0.0214181 0)
(18.1358 0.0197223 0)
(17.7238 0.0182077 0)
(17.3409 0.0168386 0)
(16.9846 0.0155931 0)
(16.653 0.014447 0)
(16.3443 0.0133865 0)
(16.057 0.0123963 0)
(15.7898 0.0114676 0)
(15.5418 0.0105922 0)
(15.312 0.00976445 0)
(15.0993 0.0089819 0)
(14.9032 0.00824009 0)
(14.7226 0.0075413 0)
(14.5569 0.00688036 0)
(14.4052 0.0062629 0)
(14.2667 0.00568184 0)
(14.1405 0.00514049 0)
(14.0263 0.00459104 0)
(13.9241 0.00403505 0)
(13.83 0.00487992 0)
(13.7066 0.00420701 0)
(38.8755 0.603565 0)
(38.2954 0.377983 0)
(37.2781 0.272821 0)
(36.0648 0.214635 0)
(34.7915 0.173412 0)
(33.5161 0.143455 0)
(32.2724 0.120965 0)
(31.0834 0.103422 0)
(29.9628 0.0893952 0)
(28.9163 0.0780259 0)
(27.9444 0.0687152 0)
(27.044 0.0610106 0)
(26.2107 0.0545689 0)
(25.4393 0.0491274 0)
(24.7245 0.0444882 0)
(24.0613 0.0404949 0)
(23.4449 0.0370288 0)
(22.8712 0.0339912 0)
(22.3364 0.0313089 0)
(21.8371 0.0289161 0)
(21.3705 0.0267664 0)
(20.934 0.0248146 0)
(20.5256 0.023031 0)
(20.1433 0.0213841 0)
(19.7856 0.0198548 0)
(19.4512 0.0184229 0)
(19.1389 0.0170762 0)
(18.8476 0.0158034 0)
(18.5765 0.0145971 0)
(18.3247 0.0134536 0)
(18.0913 0.0123676 0)
(17.8757 0.0113412 0)
(17.6769 0.0103693 0)
(17.4941 0.00945759 0)
(17.3266 0.00859892 0)
(17.1734 0.00779445 0)
(17.0341 0.00699004 0)
(16.9083 0.00623668 0)
(16.7913 0.00705696 0)
(16.6547 0.00573847 0)
(39.1521 0.60676 0)
(38.9738 0.39179 0)
(38.4266 0.291073 0)
(37.6952 0.23623 0)
(36.8741 0.196736 0)
(35.9986 0.167451 0)
(35.0929 0.144932 0)
(34.179 0.126846 0)
(33.275 0.11193 0)
(32.3939 0.0994658 0)
(31.544 0.0889636 0)
(30.7303 0.0800443 0)
(29.9551 0.0724111 0)
(29.2193 0.0658289 0)
(28.5224 0.0601143 0)
(27.8632 0.0551166 0)
(27.2404 0.0507175 0)
(26.652 0.0468152 0)
(26.0963 0.0433315 0)
(25.5715 0.0401949 0)
(25.0759 0.0373526 0)
(24.608 0.0347533 0)
(24.1664 0.0323616 0)
(23.7499 0.0301409 0)
(23.3573 0.0280673 0)
(22.9878 0.0261168 0)
(22.6405 0.024274 0)
(22.3147 0.0225254 0)
(22.0096 0.0208619 0)
(21.7245 0.0192788 0)
(21.4589 0.0177706 0)
(21.212 0.0163394 0)
(20.9832 0.0149805 0)
(20.7717 0.0137002 0)
(20.5767 0.0124914 0)
(20.3975 0.011353 0)
(20.2334 0.0102285 0)
(20.0841 0.00922899 0)
(19.9447 0.0098836 0)
(19.7948 0.00762007 0)
(39.2884 0.604357 0)
(39.329 0.399176 0)
(39.0698 0.301909 0)
(38.6656 0.250288 0)
(38.1854 0.213 0)
(37.6449 0.185212 0)
(37.0548 0.163684 0)
(36.4282 0.14614 0)
(35.7786 0.131383 0)
(35.1177 0.118778 0)
(34.4548 0.107912 0)
(33.7971 0.0984734 0)
(33.1502 0.0902169 0)
(32.5182 0.0829483 0)
(31.9038 0.0765144 0)
(31.309 0.0707863 0)
(30.735 0.0656606 0)
(30.1825 0.0610454 0)
(29.6518 0.0568683 0)
(29.1429 0.0530606 0)
(28.6555 0.0495705 0)
(28.1896 0.0463463 0)
(27.7447 0.0433511 0)
(27.3207 0.0405468 0)
(26.9171 0.0379073 0)
(26.5336 0.035407 0)
(26.1701 0.0330293 0)
(25.8262 0.0307595 0)
(25.5016 0.028588 0)
(25.1961 0.0265103 0)
(24.9092 0.0245214 0)
(24.6407 0.0226243 0)
(24.3901 0.0208154 0)
(24.1567 0.0191021 0)
(23.9401 0.0174781 0)
(23.7397 0.0159403 0)
(23.555 0.014435 0)
(23.3852 0.0131343 0)
(23.2265 0.013467 0)
(23.0651 0.00990968 0)
(39.3509 0.598373 0)
(39.4996 0.402555 0)
(39.4001 0.307587 0)
(39.1935 0.258539 0)
(38.9373 0.223227 0)
(38.6365 0.197001 0)
(38.2918 0.176779 0)
(37.9079 0.160279 0)
(37.4918 0.146298 0)
(37.0504 0.13422 0)
(36.5902 0.123664 0)
(36.1169 0.11435 0)
(35.6355 0.106068 0)
(35.1504 0.0986507 0)
(34.6653 0.0919722 0)
(34.1832 0.085926 0)
(33.7067 0.0804265 0)
(33.2378 0.0753968 0)
(32.7781 0.0707758 0)
(32.3291 0.0665035 0)
(31.8916 0.0625344 0)
(31.4667 0.0588215 0)
(31.0551 0.0553309 0)
(30.6573 0.0520266 0)
(30.274 0.0488842 0)
(29.9054 0.0458791 0)
(29.5521 0.0429956 0)
(29.2142 0.0402201 0)
(28.8922 0.0375446 0)
(28.5861 0.0349659 0)
(28.2961 0.0324811 0)
(28.0221 0.030095 0)
(27.764 0.0278067 0)
(27.5217 0.0256255 0)
(27.295 0.0235468 0)
(27.0833 0.0215665 0)
(26.8865 0.0196385 0)
(26.704 0.0179876 0)
(26.5332 0.0178462 0)
(26.3652 0.0126388 0)
(39.3776 0.590058 0)
(39.5731 0.403672 0)
(39.5541 0.310071 0)
(39.4541 0.262875 0)
(39.3275 0.229039 0)
(39.1759 0.204028 0)
(38.995 0.184948 0)
(38.7847 0.169502 0)
(38.5472 0.156451 0)
(38.2851 0.145166 0)
(38.0013 0.135263 0)
(37.699 0.126469 0)
(37.381 0.118579 0)
(37.0503 0.11144 0)
(36.7098 0.104935 0)
(36.3618 0.0989706 0)
(36.0088 0.0934733 0)
(35.653 0.0883765 0)
(35.2962 0.0836287 0)
(34.9402 0.0791782 0)
(34.5865 0.0749864 0)
(34.2366 0.0710123 0)
(33.8917 0.0672265 0)
(33.553 0.0635975 0)
(33.2216 0.0601038 0)
(32.8984 0.0567241 0)
(32.5844 0.0534455 0)
(32.2802 0.0502573 0)
(31.9867 0.0471542 0)
(31.7045 0.044136 0)
(31.434 0.0412034 0)
(31.1757 0.0383644 0)
(30.9299 0.0356217 0)
(30.6967 0.0329875 0)
(30.4762 0.0304603 0)
(30.2684 0.0280362 0)
(30.0732 0.0256804 0)
(29.8904 0.0236547 0)
(29.7189 0.0229164 0)
(29.5531 0.0157732 0)
(39.3883 0.580102 0)
(39.6001 0.403621 0)
(39.6183 0.310791 0)
(39.5696 0.264881 0)
(39.5094 0.232056 0)
(39.4389 0.207817 0)
(39.353 0.189513 0)
(39.2495 0.174858 0)
(39.1284 0.162581 0)
(38.9901 0.152028 0)
(38.8351 0.142806 0)
(38.6642 0.13463 0)
(38.4786 0.127291 0)
(38.2795 0.120631 0)
(38.0682 0.114534 0)
(37.8462 0.108908 0)
(37.6148 0.103681 0)
(37.3755 0.0987898 0)
(37.1298 0.0941867 0)
(36.879 0.0898236 0)
(36.6244 0.0856652 0)
(36.3673 0.0816742 0)
(36.1091 0.0778242 0)
(35.8508 0.0740866 0)
(35.5937 0.0704428 0)
(35.3389 0.0668742 0)
(35.0874 0.0633708 0)
(34.8403 0.059925 0)
(34.5984 0.0565346 0)
(34.3626 0.053203 0)
(34.1337 0.0499348 0)
(33.9124 0.0467416 0)
(33.6992 0.0436307 0)
(33.4945 0.0406178 0)
(33.2988 0.0377048 0)
(33.1122 0.0348898 0)
(32.9351 0.0321507 0)
(32.7673 0.0297662 0)
(32.6094 0.0283656 0)
(32.4571 0.0191722 0)
(39.3924 0.568843 0)
(39.6067 0.402985 0)
(39.6413 0.310642 0)
(39.615 0.265654 0)
(39.5847 0.233536 0)
(39.553 0.209719 0)
(39.5148 0.191836 0)
(39.4681 0.177652 0)
(39.4123 0.165874 0)
(39.3469 0.155834 0)
(39.2716 0.147127 0)
(39.1863 0.139459 0)
(39.0909 0.132613 0)
(38.9854 0.126422 0)
(38.8703 0.120766 0)
(38.7459 0.115547 0)
(38.6127 0.110689 0)
(38.4714 0.106129 0)
(38.3226 0.101815 0)
(38.1671 0.0976983 0)
(38.0057 0.0937438 0)
(37.8392 0.0899136 0)
(37.6684 0.086181 0)
(37.4942 0.0825182 0)
(37.3175 0.0789066 0)
(37.1393 0.0753291 0)
(36.9604 0.0717764 0)
(36.7817 0.0682428 0)
(36.604 0.0647284 0)
(36.4283 0.0612389 0)
(36.2552 0.0577821 0)
(36.0854 0.054373 0)
(35.9197 0.0510225 0)
(35.7586 0.0477499 0)
(35.6025 0.0445605 0)
(35.4519 0.0414549 0)
(35.3072 0.0384228 0)
(35.1686 0.0357388 0)
(35.0377 0.0336849 0)
(34.9098 0.0225837 0)
(39.3944 0.556427 0)
(39.6051 0.402011 0)
(39.6472 0.310106 0)
(39.6301 0.265832 0)
(39.612 0.234283 0)
(39.5964 0.210679 0)
(39.5792 0.192974 0)
(39.5585 0.17901 0)
(39.5341 0.167487 0)
(39.5055 0.157728 0)
(39.4724 0.149323 0)
(39.4343 0.141975 0)
(39.3908 0.13546 0)
(39.3417 0.129608 0)
(39.2867 0.12429 0)
(39.2258 0.119406 0)
(39.1589 0.114875 0)
(39.0862 0.110628 0)
(39.0077 0.106611 0)
(38.9237 0.102772 0)
(38.8345 0.0990715 0)
(38.7404 0.0954703 0)
(38.6418 0.091939 0)
(38.5392 0.088448 0)
(38.433 0.084977 0)
(38.3239 0.0815079 0)
(38.2123 0.0780305 0)
(38.0989 0.0745391 0)
(37.9842 0.0710341 0)
(37.869 0.067522 0)
(37.7537 0.0640123 0)
(37.6389 0.0605216 0)
(37.5252 0.0570637 0)
(37.4132 0.0536597 0)
(37.3031 0.050318 0)
(37.1955 0.047041 0)
(37.0908 0.043828 0)
(36.9893 0.0409297 0)
(36.8933 0.0383005 0)
(36.7962 0.0257097 0)
(39.3957 0.542912 0)
(39.6004 0.40075 0)
(39.6466 0.309414 0)
(39.6337 0.265727 0)
(39.62 0.234721 0)
(39.6105 0.211246 0)
(39.6013 0.193586 0)
(39.5911 0.179693 0)
(39.5796 0.168264 0)
(39.5669 0.158621 0)
(39.5528 0.15035 0)
(39.5368 0.143156 0)
(39.5186 0.136812 0)
(39.498 0.131147 0)
(39.4748 0.126028 0)
(39.4486 0.121353 0)
(39.4193 0.117037 0)
(39.3868 0.113008 0)
(39.3509 0.10921 0)
(39.3117 0.105587 0)
(39.2692 0.102098 0)
(39.2233 0.0986992 0)
(39.1742 0.0953592 0)
(39.1221 0.0920461 0)
(39.067 0.0887369 0)
(39.0093 0.0854114 0)
(38.9491 0.0820578 0)
(38.8869 0.0786687 0)
(38.8228 0.0752436 0)
(38.7572 0.0717885 0)
(38.6906 0.0683129 0)
(38.6232 0.0648336 0)
(38.5554 0.0613657 0)
(38.4875 0.0579309 0)
(38.4199 0.0545391 0)
(38.3529 0.051194 0)
(38.2867 0.0479004 0)
(38.2219 0.0448721 0)
(38.1606 0.0417861 0)
(38.0941 0.0283255 0)
(39.397 0.528334 0)
(39.5945 0.399154 0)
(39.6436 0.308661 0)
(39.6331 0.26547 0)
(39.6212 0.235037 0)
(39.6139 0.211679 0)
(39.6075 0.194008 0)
(39.6009 0.180114 0)
(39.5941 0.1687 0)
(39.5873 0.159081 0)
(39.5804 0.150846 0)
(39.5732 0.1437 0)
(39.5655 0.137418 0)
(39.5572 0.131827 0)
(39.5479 0.126796 0)
(39.5376 0.122218 0)
(39.5262 0.118009 0)
(39.5134 0.114095 0)
(39.4991 0.110419 0)
(39.4833 0.106923 0)
(39.4659 0.103563 0)
(39.4468 0.100296 0)
(39.426 0.0970868 0)
(39.4034 0.0939021 0)
(39.3791 0.0907168 0)
(39.3531 0.0875092 0)
(39.3255 0.0842654 0)
(39.2964 0.0809766 0)
(39.2659 0.0776407 0)
(39.2341 0.0742627 0)
(39.2012 0.0708512 0)
(39.1673 0.0674224 0)
(39.1327 0.0639914 0)
(39.0974 0.0605796 0)
(39.0617 0.0571974 0)
(39.0258 0.0538489 0)
(38.9898 0.0505407 0)
(38.9542 0.0474422 0)
(38.9209 0.0440216 0)
(38.8792 0.0303676 0)
(39.3986 0.512737 0)
(39.5881 0.397126 0)
(39.6397 0.307882 0)
(39.6313 0.26511 0)
(39.6203 0.235295 0)
(39.6138 0.212082 0)
(39.6084 0.194385 0)
(39.603 0.180462 0)
(39.5977 0.169028 0)
(39.5929 0.159392 0)
(39.5884 0.151146 0)
(39.5842 0.143997 0)
(39.5801 0.13772 0)
(39.5762 0.132142 0)
(39.5722 0.127131 0)
(39.568 0.122582 0)
(39.5636 0.118409 0)
(39.5589 0.114538 0)
(39.5537 0.11091 0)
(39.5481 0.107468 0)
(39.5419 0.104167 0)
(39.5351 0.100963 0)
(39.5276 0.0978201 0)
(39.5194 0.094704 0)
(39.5104 0.0915884 0)
(39.5006 0.0884509 0)
(39.4901 0.0852763 0)
(39.4787 0.0820548 0)
(39.4666 0.0787833 0)
(39.4537 0.0754656 0)
(39.44 0.0721098 0)
(39.4257 0.0687309 0)
(39.4108 0.065344 0)
(39.3953 0.0619694 0)
(39.3794 0.0586176 0)
(39.363 0.0552926 0)
(39.3463 0.0520002 0)
(39.3297 0.0488635 0)
(39.3146 0.0452092 0)
(39.2896 0.0319503 0)
(39.4006 0.496187 0)
(39.5813 0.394546 0)
(39.6352 0.307082 0)
(39.6288 0.264659 0)
(39.6186 0.23551 0)
(39.6126 0.212488 0)
(39.6078 0.194767 0)
(39.6028 0.180805 0)
(39.598 0.169339 0)
(39.5937 0.159672 0)
(39.59 0.151397 0)
(39.5867 0.144222 0)
(39.5838 0.137925 0)
(39.5812 0.132333 0)
(39.5788 0.127313 0)
(39.5766 0.122759 0)
(39.5746 0.118585 0)
(39.5726 0.114719 0)
(39.5707 0.111099 0)
(39.5687 0.10767 0)
(39.5667 0.104385 0)
(39.5645 0.1012 0)
(39.5622 0.098079 0)
(39.5598 0.0949882 0)
(39.5571 0.0919005 0)
(39.5541 0.0887931 0)
(39.5509 0.0856502 0)
(39.5473 0.0824616 0)
(39.5434 0.0792236 0)
(39.5392 0.0759393 0)
(39.5346 0.0726162 0)
(39.5296 0.0692686 0)
(39.5243 0.0659113 0)
(39.5186 0.0625633 0)
(39.5126 0.0592354 0)
(39.5063 0.0559308 0)
(39.4997 0.0526531 0)
(39.4931 0.0494797 0)
(39.4876 0.0456511 0)
(39.4719 0.0331846 0)
(39.403 0.478781 0)
(39.5743 0.391283 0)
(39.6302 0.306246 0)
(39.626 0.264126 0)
(39.6165 0.235674 0)
(39.6111 0.212903 0)
(39.6066 0.195171 0)
(39.6019 0.181167 0)
(39.5974 0.169664 0)
(39.5933 0.15996 0)
(39.5898 0.151648 0)
(39.5868 0.14444 0)
(39.5842 0.138113 0)
(39.582 0.132495 0)
(39.5801 0.127454 0)
(39.5785 0.122882 0)
(39.5771 0.118693 0)
(39.5759 0.114815 0)
(39.5749 0.111186 0)
(39.574 0.107751 0)
(39.5733 0.104462 0)
(39.5726 0.101276 0)
(39.572 0.098156 0)
(39.5714 0.0950692 0)
(39.5708 0.0919881 0)
(39.5702 0.0888903 0)
(39.5696 0.0857599 0)
(39.5688 0.0825868 0)
(39.568 0.0793672 0)
(39.567 0.0761041 0)
(39.5659 0.0728052 0)
(39.5645 0.0694843 0)
(39.563 0.0661563 0)
(39.5613 0.06284 0)
(39.5594 0.0595462 0)
(39.5572 0.0562783 0)
(39.5548 0.053037 0)
(39.5525 0.0498574 0)
(39.551 0.0459364 0)
(39.5398 0.0345283 0)
(39.4059 0.460648 0)
(39.5672 0.38721 0)
(39.6248 0.305344 0)
(39.6229 0.263513 0)
(39.6143 0.235777 0)
(39.6092 0.213319 0)
(39.6051 0.195597 0)
(39.6007 0.181553 0)
(39.5964 0.170012 0)
(39.5925 0.160269 0)
(39.5891 0.151916 0)
(39.5862 0.14467 0)
(39.5838 0.138309 0)
(39.5817 0.132661 0)
(39.5799 0.127592 0)
(39.5785 0.122997 0)
(39.5773 0.118788 0)
(39.5763 0.114891 0)
(39.5755 0.111246 0)
(39.5749 0.107795 0)
(39.5745 0.104493 0)
(39.5742 0.101295 0)
(39.5741 0.0981635 0)
(39.574 0.0950661 0)
(39.574 0.0919748 0)
(39.5741 0.0888669 0)
(39.5742 0.085726 0)
(39.5742 0.0825418 0)
(39.5743 0.0793098 0)
(39.5743 0.0760323 0)
(39.5742 0.0727164 0)
(39.5741 0.0693748 0)
(39.5738 0.0660221 0)
(39.5733 0.0626753 0)
(39.5728 0.0593448 0)
(39.572 0.0560327 0)
(39.5711 0.0527349 0)
(39.5702 0.0494462 0)
(39.5699 0.0453504 0)
(39.5606 0.0349453 0)
(39.4093 0.441948 0)
(39.56 0.38221 0)
(39.6188 0.304327 0)
(39.6195 0.262827 0)
(39.6117 0.235804 0)
(39.6071 0.213727 0)
(39.6034 0.196043 0)
(39.5993 0.181963 0)
(39.5952 0.170384 0)
(39.5915 0.1606 0)
(39.5882 0.152206 0)
(39.5854 0.144919 0)
(39.5831 0.138521 0)
(39.5811 0.13284 0)
(39.5794 0.127742 0)
(39.578 0.123121 0)
(39.5768 0.11889 0)
(39.5759 0.114975 0)
(39.5752 0.111314 0)
(39.5747 0.107853 0)
(39.5744 0.104543 0)
(39.5742 0.101343 0)
(39.5741 0.0982167 0)
(39.5742 0.0951311 0)
(39.5743 0.09206 0)
(39.5745 0.0889821 0)
(39.5748 0.0858823 0)
(39.5751 0.0827514 0)
(39.5753 0.0795863 0)
(39.5756 0.0763905 0)
(39.5758 0.0731723 0)
(39.5759 0.0699456 0)
(39.5759 0.0667263 0)
(39.5758 0.0635328 0)
(39.5756 0.0603776 0)
(39.5753 0.0572647 0)
(39.5748 0.0541886 0)
(39.5743 0.0511126 0)
(39.5741 0.047242 0)
(39.5658 0.0382674 0)
(39.4133 0.42287 0)
(39.5529 0.376189 0)
(39.6123 0.303129 0)
(39.6156 0.262071 0)
(39.6089 0.235741 0)
(39.6048 0.214114 0)
(39.6015 0.196506 0)
(39.5977 0.182395 0)
(39.5939 0.170779 0)
(39.5903 0.160955 0)
(39.5872 0.152516 0)
(39.5845 0.145185 0)
(39.5822 0.138745 0)
(39.5803 0.133026 0)
(39.5786 0.127893 0)
(39.5773 0.123238 0)
(39.5762 0.118972 0)
(39.5753 0.115021 0)
(39.5747 0.11132 0)
(39.5742 0.107812 0)
(39.5739 0.104448 0)
(39.5737 0.101182 0)
(39.5737 0.0979767 0)
(39.5737 0.0947964 0)
(39.5739 0.0916122 0)
(39.5742 0.0884008 0)
(39.5745 0.0851446 0)
(39.5748 0.0818324 0)
(39.5751 0.0784586 0)
(39.5754 0.0750244 0)
(39.5756 0.0715356 0)
(39.5758 0.0680032 0)
(39.5759 0.0644401 0)
(39.5759 0.060861 0)
(39.5758 0.0572745 0)
(39.5755 0.0536802 0)
(39.5751 0.0500635 0)
(39.5747 0.0463532 0)
(39.5743 0.041787 0)
(39.5666 0.0330954 0)
(39.4179 0.403629 0)
(39.546 0.369088 0)
(39.6053 0.301662 0)
(39.6113 0.261243 0)
(39.6058 0.235579 0)
(39.6022 0.214462 0)
(39.5993 0.196976 0)
(39.5959 0.182848 0)
(39.5923 0.171198 0)
(39.5889 0.161336 0)
(39.5859 0.152855 0)
(39.5834 0.145484 0)
(39.5812 0.13901 0)
(39.5793 0.133265 0)
(39.5778 0.128117 0)
(39.5765 0.12346 0)
(39.5754 0.11921 0)
(39.5746 0.115296 0)
(39.5739 0.111659 0)
(39.5735 0.108247 0)
(39.5732 0.105015 0)
(39.573 0.101925 0)
(39.573 0.0989419 0)
(39.5731 0.0960367 0)
(39.5733 0.0931842 0)
(39.5735 0.0903648 0)
(39.5738 0.0875643 0)
(39.5741 0.0847744 0)
(39.5744 0.0819927 0)
(39.5747 0.0792231 0)
(39.575 0.0764748 0)
(39.5751 0.0737623 0)
(39.5752 0.0711029 0)
(39.5752 0.0685154 0)
(39.5751 0.0660143 0)
(39.5748 0.0636047 0)
(39.5744 0.0612743 0)
(39.5739 0.0589383 0)
(39.5733 0.0559208 0)
(39.5665 0.0499226 0)
(39.423 0.384456 0)
(39.5393 0.360896 0)
(39.598 0.299828 0)
(39.6065 0.260336 0)
(39.6023 0.235305 0)
(39.5992 0.21475 0)
(39.5968 0.197439 0)
(39.5938 0.183307 0)
(39.5904 0.17162 0)
(39.5873 0.161709 0)
(39.5845 0.153167 0)
(39.5821 0.145722 0)
(39.58 0.139163 0)
(39.5782 0.133313 0)
(39.5767 0.128034 0)
(39.5755 0.123207 0)
(39.5745 0.118738 0)
(39.5737 0.114542 0)
(39.5731 0.110547 0)
(39.5727 0.106692 0)
(39.5724 0.102923 0)
(39.5723 0.0991925 0)
(39.5723 0.0954613 0)
(39.5724 0.0916961 0)
(39.5726 0.0878695 0)
(39.5728 0.083961 0)
(39.5731 0.0799556 0)
(39.5735 0.0758446 0)
(39.5738 0.0716248 0)
(39.5741 0.067299 0)
(39.5744 0.062874 0)
(39.5746 0.0583618 0)
(39.5748 0.0537761 0)
(39.5748 0.0491321 0)
(39.5747 0.0444406 0)
(39.5745 0.0397032 0)
(39.5741 0.0349009 0)
(39.5736 0.0299281 0)
(39.5728 0.0241658 0)
(39.5658 0.0160703 0)
(39.4286 0.365592 0)
(39.5331 0.351656 0)
(39.5902 0.297523 0)
(39.6013 0.259334 0)
(39.5984 0.234921 0)
(39.5959 0.214977 0)
(39.594 0.197917 0)
(39.5913 0.183829 0)
(39.5883 0.172153 0)
(39.5854 0.16226 0)
(39.5828 0.153759 0)
(39.5805 0.146399 0)
(39.5785 0.139991 0)
(39.5769 0.134388 0)
(39.5754 0.129473 0)
(39.5743 0.125156 0)
(39.5733 0.121363 0)
(39.5725 0.11803 0)
(39.572 0.115101 0)
(39.5715 0.11252 0)
(39.5712 0.110238 0)
(39.5711 0.108208 0)
(39.5711 0.106385 0)
(39.5711 0.104729 0)
(39.5713 0.103205 0)
(39.5715 0.101783 0)
(39.5717 0.10044 0)
(39.572 0.0991608 0)
(39.5723 0.0979358 0)
(39.5726 0.0967639 0)
(39.5728 0.0956493 0)
(39.5729 0.0946018 0)
(39.573 0.0936343 0)
(39.573 0.09276 0)
(39.5729 0.091988 0)
(39.5726 0.0913168 0)
(39.5721 0.0907215 0)
(39.5715 0.0900935 0)
(39.5704 0.0889457 0)
(39.5657 0.0862408 0)
(39.4347 0.347271 0)
(39.5274 0.341469 0)
(39.5822 0.29463 0)
(39.5955 0.258168 0)
(39.5941 0.234352 0)
(39.5922 0.214993 0)
(39.5907 0.198166 0)
(39.5885 0.184028 0)
(39.5859 0.172168 0)
(39.5832 0.16198 0)
(39.5808 0.153036 0)
(39.5787 0.14504 0)
(39.5769 0.137755 0)
(39.5754 0.130985 0)
(39.5741 0.124571 0)
(39.5731 0.118392 0)
(39.5723 0.112357 0)
(39.5716 0.106399 0)
(39.5712 0.100471 0)
(39.5708 0.0945375 0)
(39.5707 0.0885759 0)
(39.5706 0.0825689 0)
(39.5707 0.076504 0)
(39.5709 0.0703717 0)
(39.5711 0.0641647 0)
(39.5714 0.0578785 0)
(39.5717 0.0515107 0)
(39.5721 0.0450618 0)
(39.5725 0.0385359 0)
(39.5728 0.0319408 0)
(39.5731 0.0252884 0)
(39.5734 0.0185948 0)
(39.5736 0.0118796 0)
(39.5736 0.00516396 0)
(39.5736 -0.00153231 0)
(39.5734 -0.00819757 0)
(39.573 -0.0148441 0)
(39.5725 -0.0215728 0)
(39.5713 -0.0287839 0)
(39.5639 -0.0367009 0)
(39.4412 0.329745 0)
(39.5223 0.330567 0)
(39.574 0.291201 0)
(39.5891 0.25704 0)
(39.5893 0.234029 0)
(39.588 0.215517 0)
(39.587 0.199385 0)
(39.5852 0.18586 0)
(39.5829 0.174785 0)
(39.5805 0.165737 0)
(39.5783 0.158405 0)
(39.5763 0.152599 0)
(39.5746 0.14816 0)
(39.573 0.144932 0)
(39.5717 0.142763 0)
(39.5706 0.141502 0)
(39.5696 0.141006 0)
(39.5689 0.141137 0)
(39.5683 0.141771 0)
(39.5678 0.142793 0)
(39.5675 0.144103 0)
(39.5673 0.145616 0)
(39.5673 0.147258 0)
(39.5673 0.148969 0)
(39.5674 0.150703 0)
(39.5675 0.152422 0)
(39.5678 0.154101 0)
(39.568 0.155724 0)
(39.5682 0.157282 0)
(39.5685 0.158775 0)
(39.5687 0.160208 0)
(39.5688 0.161589 0)
(39.5689 0.162928 0)
(39.5688 0.164234 0)
(39.5687 0.165512 0)
(39.5684 0.166755 0)
(39.5679 0.167931 0)
(39.5672 0.168937 0)
(39.5659 0.169456 0)
(39.565 0.168845 0)
(39.448 0.312987 0)
(39.5179 0.318718 0)
(39.5658 0.286356 0)
(39.5823 0.254456 0)
(39.584 0.231577 0)
(39.5835 0.212731 0)
(39.583 0.195532 0)
(39.5818 0.179937 0)
(39.58 0.165725 0)
(39.5781 0.152382 0)
(39.5764 0.139515 0)
(39.5749 0.126914 0)
(39.5737 0.114484 0)
(39.5726 0.10219 0)
(39.5718 0.0900375 0)
(39.5711 0.0780497 0)
(39.5706 0.0662573 0)
(39.5702 0.0546877 0)
(39.57 0.0433606 0)
(39.5698 0.0322867 0)
(39.5698 0.0214679 0)
(39.5698 0.0108983 0)
(39.57 0.000566037 0)
(39.5702 -0.00954474 0)
(39.5704 -0.019452 0)
(39.5708 -0.0291732 0)
(39.5711 -0.0387241 0)
(39.5715 -0.0481167 0)
(39.5718 -0.0573583 0)
(39.5721 -0.0664498 0)
(39.5724 -0.0753859 0)
(39.5727 -0.084154 0)
(39.5729 -0.0927356 0)
(39.5729 -0.101108 0)
(39.5729 -0.109245 0)
(39.5727 -0.117127 0)
(39.5723 -0.124753 0)
(39.5716 -0.13218 0)
(39.5701 -0.139532 0)
(39.5603 -0.146047 0)
(39.4548 0.298758 0)
(39.514 0.308957 0)
(39.5575 0.284652 0)
(39.5746 0.257622 0)
(39.5776 0.238369 0)
(39.5776 0.224208 0)
(39.5773 0.213254 0)
(39.5762 0.205679 0)
(39.5743 0.201518 0)
(39.5722 0.200301 0)
(39.57 0.201451 0)
(39.5681 0.204453 0)
(39.5664 0.208855 0)
(39.5648 0.214267 0)
(39.5635 0.220357 0)
(39.5624 0.226864 0)
(39.5615 0.233578 0)
(39.5608 0.240339 0)
(39.5603 0.247025 0)
(39.5599 0.253545 0)
(39.5597 0.259831 0)
(39.5596 0.265836 0)
(39.5596 0.271525 0)
(39.5597 0.276878 0)
(39.5598 0.281882 0)
(39.5601 0.286533 0)
(39.5603 0.290831 0)
(39.5606 0.294783 0)
(39.5609 0.298398 0)
(39.5612 0.301689 0)
(39.5615 0.30467 0)
(39.5617 0.307355 0)
(39.5619 0.309759 0)
(39.562 0.311891 0)
(39.5619 0.313758 0)
(39.5618 0.315358 0)
(39.5614 0.316664 0)
(39.5607 0.317595 0)
(39.5597 0.317912 0)
(39.5648 0.316792 0)
(39.462 0.278505 0)
(39.5115 0.287781 0)
(39.5502 0.264842 0)
(39.5679 0.234068 0)
(39.5729 0.205827 0)
(39.5745 0.178713 0)
(39.5757 0.150954 0)
(39.5763 0.122847 0)
(39.5762 0.0950573 0)
(39.5757 0.0679361 0)
(39.5752 0.0416866 0)
(39.5746 0.0164852 0)
(39.5741 -0.00753597 0)
(39.5735 -0.0303064 0)
(39.573 -0.0518089 0)
(39.5726 -0.072064 0)
(39.5722 -0.0911183 0)
(39.5719 -0.109036 0)
(39.5716 -0.125891 0)
(39.5714 -0.141763 0)
(39.5713 -0.156733 0)
(39.5712 -0.170881 0)
(39.5712 -0.184281 0)
(39.5712 -0.197004 0)
(39.5713 -0.20911 0)
(39.5715 -0.220653 0)
(39.5716 -0.231676 0)
(39.5718 -0.242215 0)
(39.572 -0.252291 0)
(39.5721 -0.261918 0)
(39.5723 -0.271099 0)
(39.5723 -0.279825 0)
(39.5723 -0.288082 0)
(39.5722 -0.295848 0)
(39.572 -0.303096 0)
(39.5716 -0.309799 0)
(39.571 -0.315934 0)
(39.57 -0.321483 0)
(39.5679 -0.326285 0)
(39.5531 -0.329005 0)
(39.4669 0.292187 0)
(39.5063 0.314707 0)
(39.5386 0.313595 0)
(39.5542 0.308484 0)
(39.558 0.309912 0)
(39.558 0.317473 0)
(39.5572 0.328619 0)
(39.5559 0.342109 0)
(39.5541 0.357236 0)
(39.5522 0.373245 0)
(39.5504 0.389457 0)
(39.549 0.405396 0)
(39.5478 0.420765 0)
(39.5469 0.435382 0)
(39.5462 0.449139 0)
(39.5457 0.461988 0)
(39.5454 0.473912 0)
(39.5453 0.484921 0)
(39.5453 0.495037 0)
(39.5455 0.504288 0)
(39.5458 0.512707 0)
(39.5461 0.520327 0)
(39.5466 0.527178 0)
(39.5471 0.533288 0)
(39.5476 0.538686 0)
(39.5482 0.543394 0)
(39.5488 0.547436 0)
(39.5495 0.550832 0)
(39.5501 0.553602 0)
(39.5507 0.555766 0)
(39.5513 0.557342 0)
(39.5519 0.558348 0)
(39.5524 0.558804 0)
(39.5529 0.558728 0)
(39.5533 0.558139 0)
(39.5535 0.55705 0)
(39.5536 0.555461 0)
(39.5534 0.553326 0)
(39.5535 0.550416 0)
(39.5667 0.54561 0)
(39.4807 0.188087 0)
(39.5144 0.176735 0)
(39.5449 0.136267 0)
(39.5637 0.0814186 0)
(39.5729 0.0241065 0)
(39.5779 -0.0316748 0)
(39.5812 -0.0851298 0)
(39.5834 -0.135476 0)
(39.5843 -0.181983 0)
(39.5843 -0.224403 0)
(39.5839 -0.262863 0)
(39.5831 -0.297638 0)
(39.5822 -0.329042 0)
(39.5812 -0.357397 0)
(39.5802 -0.383024 0)
(39.5791 -0.406219 0)
(39.5781 -0.427255 0)
(39.5771 -0.446373 0)
(39.5763 -0.46379 0)
(39.5754 -0.47969 0)
(39.5747 -0.494237 0)
(39.5741 -0.507569 0)
(39.5735 -0.519803 0)
(39.5729 -0.531038 0)
(39.5725 -0.541355 0)
(39.5721 -0.550816 0)
(39.5717 -0.559471 0)
(39.5713 -0.567355 0)
(39.5709 -0.574491 0)
(39.5706 -0.580891 0)
(39.5701 -0.586557 0)
(39.5697 -0.591486 0)
(39.5692 -0.595668 0)
(39.5686 -0.599088 0)
(39.5678 -0.60173 0)
(39.5669 -0.60357 0)
(39.5658 -0.604573 0)
(39.5641 -0.604649 0)
(39.5609 -0.603421 0)
(39.5389 -0.599564 0)
(39.461 0.44468 0)
(39.4794 0.512121 0)
(39.4961 0.565236 0)
(39.5052 0.610569 0)
(39.5082 0.6531 0)
(39.509 0.692994 0)
(39.5098 0.729001 0)
(39.5107 0.760821 0)
(39.5116 0.78885 0)
(39.5125 0.81352 0)
(39.5135 0.835166 0)
(39.5146 0.8541 0)
(39.5158 0.870636 0)
(39.5171 0.885062 0)
(39.5184 0.897627 0)
(39.5197 0.908543 0)
(39.5211 0.917983 0)
(39.5225 0.926092 0)
(39.5238 0.932986 0)
(39.5252 0.938757 0)
(39.5266 0.943477 0)
(39.528 0.947199 0)
(39.5294 0.949963 0)
(39.5309 0.951796 0)
(39.5323 0.952718 0)
(39.5337 0.952743 0)
(39.5352 0.95188 0)
(39.5366 0.950139 0)
(39.538 0.947529 0)
(39.5395 0.944064 0)
(39.5409 0.939763 0)
(39.5423 0.934649 0)
(39.5437 0.928756 0)
(39.545 0.922127 0)
(39.5463 0.914814 0)
(39.5474 0.906885 0)
(39.5485 0.898414 0)
(39.5495 0.889441 0)
(39.5516 0.879792 0)
(39.5742 0.868321 0)
(39.5376 -0.190751 0)
(39.5625 -0.271363 0)
(39.5857 -0.365955 0)
(39.6011 -0.461659 0)
(39.6086 -0.548516 0)
(39.6112 -0.623562 0)
(39.6113 -0.687838 0)
(39.6101 -0.742896 0)
(39.6079 -0.789888 0)
(39.605 -0.829851 0)
(39.6018 -0.863847 0)
(39.5986 -0.892861 0)
(39.5954 -0.917712 0)
(39.5923 -0.939068 0)
(39.5894 -0.957471 0)
(39.5866 -0.97336 0)
(39.5841 -0.987093 0)
(39.5816 -0.998954 0)
(39.5794 -1.00917 0)
(39.5773 -1.01792 0)
(39.5753 -1.02535 0)
(39.5735 -1.03155 0)
(39.5717 -1.03662 0)
(39.57 -1.04061 0)
(39.5684 -1.04356 0)
(39.5668 -1.04549 0)
(39.5653 -1.04643 0)
(39.5638 -1.04638 0)
(39.5623 -1.04535 0)
(39.5608 -1.04333 0)
(39.5592 -1.04034 0)
(39.5576 -1.03639 0)
(39.556 -1.03148 0)
(39.5543 -1.02563 0)
(39.5525 -1.01888 0)
(39.5507 -1.01125 0)
(39.5486 -1.00276 0)
(39.5459 -0.993336 0)
(39.5409 -0.98257 0)
(39.511 -0.969692 0)
(39.3686 1.06942 0)
(39.3679 1.22119 0)
(39.375 1.33739 0)
(39.3856 1.41983 0)
(39.3966 1.47783 0)
(39.407 1.51956 0)
(39.4166 1.54965 0)
(39.4254 1.5708 0)
(39.4335 1.58524 0)
(39.4407 1.59484 0)
(39.4471 1.60093 0)
(39.4529 1.60445 0)
(39.4582 1.606 0)
(39.463 1.60604 0)
(39.4673 1.60487 0)
(39.4714 1.60269 0)
(39.4751 1.59965 0)
(39.4787 1.5958 0)
(39.482 1.5912 0)
(39.4853 1.58584 0)
(39.4884 1.5797 0)
(39.4915 1.57275 0)
(39.4945 1.56495 0)
(39.4975 1.55624 0)
(39.5005 1.54659 0)
(39.5036 1.53593 0)
(39.5066 1.52423 0)
(39.5097 1.51148 0)
(39.5128 1.49765 0)
(39.516 1.48276 0)
(39.5191 1.46683 0)
(39.5222 1.44992 0)
(39.5253 1.4321 0)
(39.5284 1.41349 0)
(39.5314 1.39424 0)
(39.5342 1.37455 0)
(39.537 1.35468 0)
(39.54 1.33497 0)
(39.5454 1.31562 0)
(39.5762 1.29595 0)
)
;

boundaryField
{
    inlet
    {
        type            fixedValue;
        value           uniform (39.53 0 0);
    }
    outlet
    {
        type            zeroGradient;
    }
    plate
    {
        type            noSlip;
    }
    farfield
    {
        type            fixedValue;
        value           uniform (39.53 0 0);
    }
    upstreamSlip
    {
        type            symmetry;
    }
    frontAndBack
    {
        type            empty;
    }
}


// ************************************************************************* //
