/*--------------------------------*- C++ -*----------------------------------*\
| =========                 |                                                 |
| \\      /  F ield         | OpenFOAM: The Open Source CFD Toolbox           |
|  \\    /   O peration     | Version:  2512                                  |
|   \\  /    A nd           | Website:  www.openfoam.com                      |
|    \\/     M anipulation  |                                                 |
\*---------------------------------------------------------------------------*/
FoamFile
{
    version     2.0;
    format      ascii;
    arch        "LSB;label=32;scalar=64";
    class       volScalarField;
    location    "0.299985";
    object      T;
}
// * * * * * * * * * * * * * * * * * * * * * * * * * * * * * * * * * * * * * //

dimensions      [0 0 0 1 0 0 0];

internalField   nonuniform List<scalar> 
8800
(
294.44009
294.4405
294.44112
294.44213
294.44301
294.4444
294.44547
294.44715
294.44844
294.45074
294.45208
294.45779
294.44932
294.48829
294.44009
294.4405
294.44112
294.44213
294.44301
294.4444
294.44547
294.44715
294.44844
294.45068
294.45221
294.45554
294.46221
294.44945
294.44009
294.4405
294.44112
294.44213
294.44301
294.4444
294.44547
294.44715
294.44845
294.45058
294.45232
294.45487
294.46123
294.46207
294.44009
294.4405
294.44112
294.44213
294.44301
294.4444
294.44547
294.44715
294.44845
294.45049
294.45242
294.45471
294.45923
294.46381
294.44009
294.4405
294.44112
294.44213
294.44301
294.4444
294.44547
294.44714
294.44845
294.45043
294.45244
294.45469
294.45838
294.46347
294.44009
294.4405
294.44112
294.44213
294.44301
294.4444
294.44547
294.44714
294.44845
294.45042
294.45239
294.45478
294.45809
294.46284
294.44009
294.4405
294.44112
294.44213
294.44301
294.4444
294.44547
294.44714
294.44845
294.45043
294.45231
294.45483
294.45793
294.46233
294.44009
294.4405
294.44112
294.44213
294.44301
294.4444
294.44547
294.44713
294.44844
294.45045
294.45225
294.45484
294.45775
294.46188
294.44009
294.4405
294.44112
294.44213
294.44301
294.4444
294.44547
294.44713
294.44844
294.45045
294.45223
294.45482
294.45756
294.46144
294.44009
294.4405
294.44112
294.44213
294.44301
294.4444
294.44547
294.44713
294.44844
294.45045
294.45221
294.4548
294.45737
294.46099
294.44009
294.4405
294.44112
294.44213
294.44301
294.4444
294.44546
294.44713
294.44843
294.45044
294.4522
294.45477
294.45717
294.46054
294.44009
294.4405
294.44112
294.44213
294.44301
294.44439
294.44546
294.44713
294.44843
294.45043
294.45217
294.45474
294.45696
294.4601
294.44009
294.4405
294.44112
294.44213
294.44301
294.44439
294.44546
294.44712
294.44842
294.45042
294.45214
294.45469
294.45674
294.45965
294.44009
294.4405
294.44112
294.44213
294.44301
294.44439
294.44546
294.44712
294.44842
294.45041
294.45209
294.45464
294.45652
294.45919
294.44009
294.4405
294.44112
294.44213
294.44301
294.44439
294.44546
294.44712
294.44841
294.4504
294.45204
294.45457
294.45628
294.45874
294.44009
294.4405
294.44112
294.44213
294.44301
294.44439
294.44546
294.44711
294.4484
294.45039
294.45199
294.45448
294.45604
294.45829
294.44009
294.4405
294.44112
294.44213
294.44301
294.44439
294.44545
294.44711
294.44839
294.45038
294.45193
294.45439
294.45579
294.45784
294.44009
294.4405
294.44112
294.44213
294.44301
294.44439
294.44545
294.44711
294.44837
294.45037
294.45186
294.45427
294.45553
294.45739
294.44009
294.4405
294.44112
294.44213
294.44301
294.44439
294.44545
294.4471
294.44836
294.45034
294.45179
294.45411
294.4553
294.45695
294.44009
294.4405
294.44112
294.44213
294.44301
294.44439
294.44544
294.44709
294.44834
294.45032
294.45172
294.45391
294.45508
294.45651
294.44009
294.4405
294.44112
294.44213
294.44301
294.44438
294.44544
294.44708
294.44832
294.45028
294.45163
294.4537
294.45484
294.45607
294.44009
294.4405
294.44112
294.44212
294.443
294.44438
294.44543
294.44707
294.4483
294.45023
294.45154
294.45348
294.4546
294.45564
294.44009
294.4405
294.44112
294.44212
294.443
294.44437
294.44543
294.44706
294.44828
294.45014
294.4515
294.45326
294.45435
294.45522
294.44009
294.4405
294.44112
294.4421
294.443
294.44436
294.44543
294.44703
294.44828
294.45003
294.45147
294.45304
294.45409
294.45481
294.44009
294.4405
294.44113
294.44206
294.44305
294.44429
294.44548
294.44694
294.44833
294.44991
294.4514
294.45281
294.45382
294.4544
294.44009
294.4405
294.44116
294.442
294.44313
294.4442
294.44558
294.44682
294.44838
294.44979
294.45132
294.45257
294.45354
294.45399
294.44009
294.4405
294.44118
294.44197
294.44317
294.44415
294.44563
294.44674
294.4484
294.44966
294.45123
294.45232
294.45324
294.45358
294.44009
294.4405
294.44119
294.44196
294.44318
294.44414
294.44563
294.44672
294.4484
294.44954
294.45111
294.45207
294.45294
294.45318
294.44009
294.4405
294.4412
294.44197
294.44318
294.44413
294.44563
294.44669
294.44839
294.44943
294.45099
294.45182
294.45263
294.45279
294.44009
294.4405
294.4412
294.44197
294.44318
294.44413
294.44562
294.44667
294.44835
294.44935
294.45085
294.45157
294.45233
294.45242
294.44009
294.4405
294.4412
294.44197
294.44318
294.44412
294.44561
294.44664
294.4483
294.44925
294.4507
294.45132
294.45202
294.45205
294.44009
294.4405
294.4412
294.44196
294.44318
294.44411
294.44559
294.44661
294.44824
294.44915
294.45052
294.45108
294.4517
294.45169
294.44009
294.4405
294.4412
294.44196
294.44317
294.44411
294.44558
294.44658
294.44817
294.44903
294.45035
294.45081
294.45138
294.45133
294.44009
294.4405
294.4412
294.44196
294.44317
294.44409
294.44555
294.44654
294.44804
294.44896
294.45009
294.45061
294.45103
294.45099
294.44009
294.4405
294.44119
294.44195
294.44316
294.44408
294.44551
294.44651
294.44791
294.44888
294.44987
294.45037
294.4507
294.45065
294.44009
294.4405
294.44118
294.44195
294.44314
294.44407
294.44543
294.44652
294.4478
294.44878
294.44965
294.45013
294.45038
294.45033
294.44009
294.44049
294.44115
294.44199
294.44306
294.44414
294.44535
294.44653
294.44768
294.44867
294.44943
294.44988
294.45007
294.45002
294.44009
294.44049
294.44111
294.44207
294.44296
294.44419
294.44527
294.44651
294.44756
294.44854
294.4492
294.44963
294.44976
294.4497
294.44009
294.44049
294.4411
294.44209
294.44293
294.44422
294.44519
294.44647
294.44743
294.44839
294.44896
294.44936
294.44945
294.4494
294.44009
294.44049
294.4411
294.4421
294.44293
294.44424
294.44512
294.44643
294.4473
294.44824
294.44873
294.4491
294.44915
294.4491
294.44009
294.44049
294.4411
294.44209
294.44292
294.44423
294.44509
294.44638
294.44718
294.44808
294.4485
294.44884
294.44885
294.44881
294.44009
294.44049
294.4411
294.44209
294.4429
294.4442
294.44504
294.4463
294.44706
294.4479
294.44828
294.44857
294.44857
294.44853
294.44009
294.44049
294.44109
294.44208
294.44289
294.44414
294.44502
294.44619
294.44696
294.4477
294.44806
294.4483
294.44829
294.44824
294.44009
294.44049
294.44109
294.44207
294.44287
294.44407
294.44501
294.44608
294.44684
294.44751
294.44784
294.44803
294.44801
294.44799
294.44009
294.44049
294.44109
294.44202
294.4429
294.444
294.44498
294.44596
294.44672
294.4473
294.44762
294.44776
294.44774
294.44772
294.44009
294.44048
294.4411
294.44195
294.44292
294.44394
294.44495
294.44585
294.44659
294.4471
294.44739
294.4475
294.44748
294.44745
294.44009
294.44048
294.44115
294.44189
294.44294
294.44387
294.4449
294.44573
294.44644
294.44689
294.44716
294.44724
294.44721
294.44718
294.44009
294.44048
294.44116
294.44187
294.44294
294.44381
294.44484
294.44561
294.44629
294.44668
294.44693
294.44698
294.44696
294.44693
294.44009
294.44048
294.44116
294.44186
294.44294
294.44375
294.44478
294.44548
294.44614
294.44647
294.4467
294.44673
294.4467
294.44667
294.44009
294.44048
294.44115
294.44184
294.44292
294.44369
294.4447
294.44535
294.44598
294.44626
294.44647
294.44648
294.44646
294.44642
294.44009
294.44047
294.44115
294.44183
294.4429
294.44364
294.44462
294.44522
294.4458
294.44605
294.44623
294.44623
294.44621
294.44618
294.44009
294.44047
294.44114
294.44181
294.44284
294.4436
294.44451
294.4451
294.44562
294.44585
294.446
294.44599
294.44599
294.44593
294.44009
294.44047
294.44113
294.44179
294.44278
294.44356
294.4444
294.44497
294.44543
294.44564
294.44576
294.44575
294.44574
294.4457
294.44009
294.44046
294.44109
294.44179
294.44271
294.44351
294.44429
294.44484
294.44524
294.44544
294.44553
294.44552
294.4455
294.44547
294.44009
294.44046
294.44105
294.4418
294.44265
294.44345
294.44417
294.4447
294.44505
294.44523
294.4453
294.44529
294.44527
294.44524
294.44009
294.44045
294.44101
294.44179
294.44259
294.44339
294.44404
294.44455
294.44486
294.44502
294.44507
294.44506
294.44504
294.44501
294.44009
294.44045
294.44098
294.44178
294.44253
294.44332
294.44392
294.44439
294.44466
294.44481
294.44484
294.44483
294.44482
294.44478
294.44008
294.44044
294.44096
294.44176
294.44247
294.44324
294.44379
294.44424
294.44446
294.4446
294.44462
294.44461
294.44459
294.44456
294.44008
294.44043
294.44095
294.44174
294.4424
294.44315
294.44365
294.44407
294.44427
294.44439
294.4444
294.44439
294.44437
294.44434
294.44008
294.44043
294.44093
294.44171
294.44233
294.44306
294.44352
294.4439
294.44407
294.44418
294.44418
294.44417
294.44415
294.44413
294.44008
294.44042
294.44091
294.44166
294.44227
294.44295
294.44338
294.44373
294.44388
294.44397
294.44396
294.44395
294.44393
294.44391
294.44008
294.44041
294.44089
294.4416
294.44221
294.44283
294.44324
294.44355
294.44368
294.44375
294.44375
294.44374
294.44372
294.4437
294.44008
294.4404
294.44087
294.44154
294.44215
294.44271
294.4431
294.44337
294.44349
294.44354
294.44354
294.44353
294.44351
294.44349
294.44008
294.44039
294.44086
294.44148
294.44207
294.44259
294.44295
294.44318
294.44329
294.44334
294.44333
294.44332
294.4433
294.44328
294.44007
294.44037
294.44084
294.44142
294.44199
294.44246
294.4428
294.443
294.4431
294.44313
294.44312
294.44311
294.4431
294.44308
294.44007
294.44036
294.44082
294.44135
294.44191
294.44233
294.44265
294.44282
294.4429
294.44293
294.44292
294.44291
294.44289
294.44288
294.44007
294.44035
294.4408
294.44128
294.44182
294.4422
294.44249
294.44263
294.44271
294.44272
294.44272
294.44271
294.44269
294.44267
294.44007
294.44033
294.44076
294.44121
294.44172
294.44206
294.44232
294.44244
294.44251
294.44252
294.44252
294.44251
294.44249
294.44248
294.44006
294.44031
294.44073
294.44114
294.44161
294.44192
294.44216
294.44226
294.44232
294.44232
294.44232
294.44231
294.44229
294.44228
294.44006
294.44029
294.44068
294.44107
294.4415
294.44177
294.44199
294.44207
294.44212
294.44212
294.44212
294.44211
294.4421
294.44208
294.44005
294.44027
294.44063
294.441
294.44138
294.44163
294.44181
294.44189
294.44193
294.44193
294.44192
294.44191
294.4419
294.44189
294.44005
294.44025
294.44057
294.44092
294.44125
294.44148
294.44163
294.4417
294.44173
294.44173
294.44173
294.44172
294.44171
294.4417
294.44005
294.44023
294.44052
294.44083
294.44112
294.44133
294.44146
294.44151
294.44154
294.44154
294.44153
294.44152
294.44151
294.4415
294.44004
294.4402
294.44046
294.44074
294.44099
294.44117
294.44127
294.44132
294.44134
294.44134
294.44133
294.44133
294.44132
294.44131
294.44004
294.44018
294.44039
294.44064
294.44085
294.441
294.44109
294.44113
294.44114
294.44114
294.44114
294.44113
294.44112
294.44112
294.44003
294.44015
294.44033
294.44054
294.44071
294.44084
294.4409
294.44094
294.44095
294.44094
294.44094
294.44094
294.44093
294.44092
294.44002
294.44012
294.44026
294.44043
294.44056
294.44066
294.44071
294.44074
294.44075
294.44074
294.44074
294.44074
294.44073
294.44073
294.44002
294.44009
294.44019
294.44032
294.44041
294.44048
294.44052
294.44054
294.44054
294.44054
294.44054
294.44053
294.44053
294.44053
294.44001
294.44005
294.44012
294.44019
294.44025
294.4403
294.44032
294.44033
294.44033
294.44033
294.44033
294.44033
294.44032
294.44032
294.44
294.44002
294.44004
294.44007
294.44009
294.4401
294.44011
294.44011
294.44011
294.44011
294.44011
294.44011
294.44011
294.44011
294.64015
294.99066
295.24337
295.34343
295.33095
295.29303
295.23566
295.19941
295.18093
295.18217
295.18612
295.19359
295.19927
295.20525
295.21015
295.21465
295.21791
295.22047
295.22236
295.22408
295.22502
295.22589
295.22595
295.22584
295.22556
295.22502
295.22436
295.22352
295.22242
295.22125
295.21994
295.21867
295.21715
295.21565
295.21398
295.21242
295.21067
295.20895
295.20711
295.20535
295.20348
295.20162
295.19972
295.19785
295.19593
295.194
295.19209
295.19014
295.18821
295.18624
295.18434
295.18235
295.18046
295.17847
295.1766
295.17462
295.17276
295.17081
295.16898
295.16703
295.16524
295.1633
295.16154
295.15962
295.1579
295.15598
295.15429
295.15238
295.15072
295.14882
295.14719
295.14531
295.14371
295.14184
295.14028
295.13841
295.13688
295.13503
295.13353
295.13168
295.13022
295.12838
295.12695
295.12512
295.12372
295.1219
295.12054
295.11869
295.11742
295.1155
295.11438
295.11231
295.11136
295.10875
295.10854
295.10644
294.36882
294.37579
294.44982
294.6175
294.81657
294.9937
295.09933
295.14918
295.16675
295.1781
295.18036
295.18455
295.18822
295.1936
295.19785
295.20204
295.2053
295.20829
295.2109
295.2132
295.21477
295.21624
295.21688
295.21741
295.21769
295.21767
295.21752
295.21709
295.21641
295.21564
295.21471
295.21377
295.21254
295.21133
295.20993
295.20862
295.20709
295.20558
295.20395
295.20237
295.20067
295.19898
295.19723
295.1955
295.19371
295.19191
295.19012
295.18827
295.18645
295.18458
295.18276
295.18086
295.17905
295.17714
295.17534
295.17342
295.17163
295.16974
295.16796
295.16607
295.16433
295.16244
295.16073
295.15885
295.15716
295.15528
295.15363
295.15175
295.15012
295.14826
295.14666
295.1448
295.14323
295.14138
295.13984
295.138
295.13649
295.13465
295.13317
295.13135
295.1299
295.12808
295.12666
295.12485
295.12346
295.12165
295.1203
295.11847
295.1172
295.1153
295.11418
295.11213
295.11118
295.10858
295.10842
295.10629
294.45469
294.42929
294.3835
294.38686
294.42023
294.49735
294.64939
294.82158
294.96455
295.05336
295.09707
295.1249
295.1409
295.15428
295.16357
295.17189
295.17834
295.18419
295.18932
295.19359
295.19699
295.20004
295.20205
295.20396
295.20537
295.2064
295.20715
295.2075
295.20759
295.2075
295.20719
295.20678
295.20604
295.20529
295.20433
295.2034
295.2022
295.20102
295.19968
295.19838
295.19692
295.19547
295.19394
295.19241
295.1908
295.18918
295.18754
295.18585
295.18416
295.18243
295.18073
295.17894
295.17724
295.17543
295.17372
295.1719
295.1702
295.16838
295.16668
295.16486
295.16318
295.16135
295.1597
295.15787
295.15624
295.1544
295.1528
295.15096
295.14938
295.14755
295.14599
295.14416
295.14263
295.1408
295.1393
295.13748
295.136
295.13419
295.13273
295.13093
295.1295
295.1277
295.1263
295.12451
295.12313
295.12134
295.12001
295.11819
295.11694
295.11505
295.11394
295.1119
295.11096
295.10837
295.10825
295.1061
294.46277
294.45524
294.44164
294.42477
294.41351
294.41577
294.43464
294.4712
294.55892
294.68921
294.83335
294.95181
295.01916
295.06259
295.09087
295.1132
295.12909
295.14207
295.1528
295.16138
295.16858
295.17471
295.17933
295.18368
295.18703
295.18982
295.19208
295.19371
295.19505
295.196
295.19664
295.19707
295.19707
295.19702
295.19669
295.19632
295.19561
295.1949
295.19399
295.19308
295.19196
295.19084
295.18961
295.18836
295.187
295.18563
295.1842
295.18271
295.18121
295.17965
295.17811
295.17648
295.17492
295.17325
295.17167
295.16996
295.16836
295.16665
295.16504
295.16331
295.16172
295.15997
295.15839
295.15664
295.15507
295.1533
295.15175
295.14997
295.14844
295.14666
295.14514
295.14336
295.14187
295.14008
295.13861
295.13683
295.13538
295.1336
295.13218
295.1304
295.129
295.12723
295.12585
295.12408
295.12273
295.12095
295.11964
295.11784
295.1166
295.11473
295.11364
295.11162
295.11069
295.10812
295.10804
295.10587
294.46315
294.45896
294.4514
294.44246
294.43533
294.43143
294.43196
294.43271
294.44319
294.45953
294.50948
294.60034
294.72891
294.85197
294.93823
294.99737
295.03741
295.06819
295.09167
295.10955
295.12446
295.13643
295.14585
295.15424
295.16076
295.16641
295.17105
295.17473
295.17794
295.18046
295.1825
295.18415
295.18524
295.1862
295.18671
295.18713
295.18711
295.18704
295.18672
295.18634
295.18568
295.18501
295.18418
295.18329
295.18226
295.1812
295.18005
295.17882
295.17757
295.17624
295.1749
295.17347
295.17209
295.17058
295.16916
295.16759
295.16614
295.16455
295.16307
295.16145
295.15996
295.15831
295.15682
295.15515
295.15366
295.15197
295.15049
295.14878
295.14731
295.14559
295.14413
295.1424
295.14096
295.13922
295.1378
295.13606
295.13465
295.13291
295.13152
295.12977
295.1284
295.12666
295.12531
295.12357
295.12224
295.12049
295.1192
295.11743
295.11621
295.11436
295.11328
295.11128
295.11037
295.10781
295.10778
295.10559
294.4627
294.45944
294.45325
294.44625
294.44163
294.43972
294.43968
294.43929
294.43954
294.4398
294.44522
294.45439
294.48737
294.5489
294.65264
294.76723
294.86342
294.9333
294.98439
295.02265
295.05347
295.07673
295.09536
295.11102
295.12307
295.13354
295.14203
295.14896
295.15498
295.15979
295.16389
295.16728
295.16993
295.17229
295.17397
295.17549
295.17639
295.17722
295.17763
295.17797
295.17793
295.17784
295.17752
295.1771
295.17649
295.17583
295.17504
295.17414
295.17319
295.17214
295.17106
295.16987
295.16871
295.16741
295.16618
295.16479
295.16351
295.16207
295.16073
295.15925
295.15788
295.15635
295.15497
295.15341
295.15202
295.15042
295.14902
295.14739
295.14599
295.14434
295.14295
295.14129
295.1399
295.13822
295.13685
295.13516
295.1338
295.1321
295.13075
295.12905
295.12771
295.12601
295.12469
295.12298
295.12168
295.11996
295.1187
295.11695
295.11575
295.11393
295.11286
295.11089
295.11
295.10747
295.10748
295.10527
294.4622
294.45927
294.45364
294.44752
294.44345
294.44257
294.44287
294.44287
294.44258
294.44165
294.44161
294.44197
294.44554
294.45233
294.47453
294.51728
294.59958
294.70083
294.79822
294.87465
294.93419
294.97847
295.01502
295.04435
295.06662
295.08568
295.10068
295.11305
295.12357
295.13198
295.13923
295.14522
295.15015
295.15445
295.15776
295.16077
295.16295
295.16498
295.16637
295.16765
295.16841
295.16909
295.16941
295.16961
295.16954
295.16938
295.16903
295.16855
295.16798
295.16728
295.16652
295.16562
295.16474
295.16369
295.16268
295.16152
295.16043
295.15918
295.15801
295.15669
295.15547
295.15409
295.15284
295.15139
295.15011
295.14862
295.14732
295.14579
295.14448
295.14291
295.1416
295.14001
295.13869
295.13707
295.13576
295.13413
295.13282
295.13117
295.12988
295.12822
295.12693
295.12526
295.12398
295.12231
295.12105
295.11935
295.11812
295.1164
295.11523
295.11344
295.11239
295.11045
295.10957
295.10707
295.10713
295.10491
294.46174
294.45898
294.45361
294.44807
294.44414
294.44378
294.44415
294.44447
294.44423
294.44353
294.44278
294.44202
294.44214
294.44256
294.44539
294.45068
294.46653
294.49807
294.56057
294.64884
294.74274
294.82256
294.88703
294.93843
294.9787
295.01289
295.03898
295.06075
295.07885
295.09324
295.10558
295.11562
295.12404
295.13121
295.13692
295.14207
295.14603
295.14969
295.15241
295.15493
295.15675
295.15842
295.15957
295.16056
295.16117
295.16166
295.16186
295.1619
295.1618
295.16154
295.16116
295.16064
295.16008
295.15934
295.15861
295.15771
295.15686
295.15583
295.15487
295.15374
295.1527
295.15148
295.15038
295.14908
295.14793
295.14657
295.14539
295.14396
295.14275
295.14128
295.14006
295.13855
295.13732
295.13577
295.13453
295.13296
295.13172
295.13013
295.12888
295.12728
295.12604
295.12442
295.12318
295.12155
295.12033
295.11867
295.11747
295.11579
295.11464
295.11289
295.11186
295.10995
295.1091
295.10663
295.10674
295.1045
294.46126
294.45873
294.45349
294.44834
294.44446
294.44432
294.4447
294.44526
294.44507
294.44456
294.44378
294.4429
294.44237
294.44197
294.44217
294.44267
294.44501
294.44936
294.46118
294.48536
294.5319
294.60958
294.69701
294.77868
294.84555
294.90177
294.94502
294.9826
295.01298
295.03727
295.05791
295.0744
295.08834
295.09999
295.10942
295.11774
295.12434
295.1303
295.1349
295.13914
295.14239
295.14536
295.1476
295.14961
295.1511
295.1524
295.15331
295.15401
295.15449
295.15476
295.15487
295.15479
295.15463
295.15426
295.15387
295.15329
295.15273
295.15196
295.15125
295.15034
295.14951
295.14849
295.14757
295.14644
295.14545
295.14423
295.14318
295.14188
295.14079
295.13943
295.13831
295.1369
295.13576
295.1343
295.13314
295.13164
295.13047
295.12895
295.12777
295.12622
295.12504
295.12347
295.12228
295.12069
295.11952
295.11791
295.11675
295.1151
295.11399
295.11227
295.11127
295.10939
295.10856
295.10613
295.1063
295.10405
294.46073
294.45876
294.45332
294.44846
294.44465
294.44457
294.44492
294.44563
294.44549
294.44513
294.44437
294.4436
294.44293
294.44235
294.44195
294.44178
294.44201
294.44258
294.44455
294.44827
294.45729
294.47603
294.51325
294.57781
294.65975
294.74143
294.80971
294.86826
294.91561
294.95518
294.98879
295.0154
295.03812
295.05672
295.07196
295.08513
295.09568
295.10506
295.11244
295.11913
295.12441
295.12918
295.1329
295.13628
295.13892
295.14125
295.14307
295.14461
295.14581
295.14676
295.14747
295.14793
295.14827
295.14835
295.14837
295.14816
295.14795
295.1475
295.14708
295.14645
295.14586
295.14507
295.14436
295.14343
295.14262
295.14157
295.14068
295.13953
295.13858
295.13734
295.13634
295.13504
295.134
295.13264
295.13158
295.13017
295.12908
295.12763
295.12652
295.12504
295.12392
295.12241
295.12128
295.11974
295.11862
295.11705
295.11594
295.11433
295.11326
295.11158
295.11061
295.10878
295.10797
295.10558
295.10581
295.10354
294.46015
294.45886
294.45314
294.44852
294.44482
294.44469
294.44503
294.44577
294.44566
294.44541
294.4447
294.44404
294.44336
294.44279
294.44223
294.44183
294.44155
294.44154
294.44178
294.44241
294.44406
294.44735
294.45446
294.46917
294.50009
294.55319
294.63062
294.7102
294.77985
294.83939
294.88966
294.93055
294.96651
294.99546
295.01972
295.04026
295.05684
295.07135
295.08287
295.09315
295.10135
295.10869
295.11452
295.11978
295.12398
295.12772
295.13072
295.13335
295.13547
295.13726
295.13872
295.13986
295.14081
295.14144
295.14197
295.14221
295.14243
295.14235
295.14228
295.14197
295.14168
295.14116
295.1407
295.14
295.1394
295.13855
295.13784
295.13686
295.13607
295.13498
295.13412
295.13295
295.13203
295.13078
295.12982
295.12851
295.12751
295.12615
295.12512
295.12371
295.12267
295.12122
295.12016
295.11868
295.11761
295.1161
295.11503
295.11348
295.11245
295.11082
295.10988
295.10809
295.10731
295.10497
295.10526
295.10299
294.45963
294.45859
294.45312
294.44863
294.44504
294.4448
294.4451
294.4458
294.44571
294.44551
294.44485
294.44428
294.44363
294.44311
294.44253
294.44208
294.44165
294.44137
294.44122
294.44126
294.44152
294.44218
294.44367
294.4465
294.45253
294.4645
294.49003
294.53596
294.60633
294.68435
294.75495
294.81489
294.86688
294.90918
294.94643
294.97759
295.00318
295.02532
295.04302
295.05862
295.07108
295.08215
295.091
295.09892
295.10531
295.11098
295.11561
295.11969
295.12303
295.12592
295.12834
295.13032
295.13204
295.13335
295.13451
295.13529
295.13602
295.1364
295.13676
295.13682
295.13688
295.13668
295.13652
295.13609
295.13574
295.13512
295.13463
295.13385
295.13324
295.13232
295.13162
295.13059
295.12981
295.12869
295.12785
295.12665
295.12576
295.12449
295.12356
295.12224
295.12127
295.1199
295.11891
295.1175
295.11649
295.11504
295.11403
295.11253
295.11155
295.10997
295.10906
295.10733
295.10658
295.1043
295.10465
295.10237
294.45918
294.45821
294.45307
294.44872
294.44528
294.4449
294.44517
294.4458
294.44572
294.44554
294.44491
294.44439
294.44378
294.4433
294.44275
294.4423
294.44185
294.44148
294.44118
294.44097
294.44091
294.44098
294.44128
294.44193
294.44334
294.44582
294.45103
294.46124
294.48263
294.52333
294.58721
294.66394
294.73455
294.79479
294.84728
294.89127
294.9291
294.96188
294.98848
295.01185
295.03055
295.04706
295.06028
295.07201
295.08149
295.08989
295.09676
295.10282
295.10783
295.11219
295.11587
295.11896
295.12165
295.12382
295.12575
295.12721
295.12857
295.12949
295.13037
295.13088
295.13138
295.13155
295.13174
295.13163
295.13158
295.13123
295.13098
295.13043
295.13004
295.12932
295.1288
295.12795
295.12732
295.12635
295.12565
295.12457
295.1238
295.12265
295.12182
295.12059
295.11972
295.11844
295.11753
295.11619
295.11526
295.11387
295.11292
295.11148
295.11055
295.10903
295.10817
295.10649
295.10577
295.10356
295.10397
295.10169
294.45874
294.4578
294.45301
294.4488
294.44551
294.44501
294.44524
294.4458
294.44571
294.44553
294.44493
294.44443
294.44384
294.44339
294.44287
294.44245
294.44201
294.44164
294.44128
294.44099
294.44077
294.44062
294.44063
294.44073
294.44105
294.44171
294.443
294.44536
294.44979
294.45913
294.47714
294.51416
294.57298
294.64812
294.71814
294.77874
294.83116
294.87624
294.91431
294.94821
294.97557
294.99989
295.01939
295.03661
295.05053
295.06278
295.0728
295.08162
295.08891
295.09527
295.10065
295.10523
295.1092
295.11248
295.1154
295.11772
295.11986
295.12145
295.12297
295.12402
295.12503
295.12565
295.12627
295.12653
295.12684
295.1268
295.12685
295.12657
295.12642
295.12593
295.12563
295.12497
295.12453
295.12373
295.12318
295.12225
295.12162
295.12059
295.11988
295.11876
295.118
295.11681
295.11599
295.11474
295.11388
295.11257
295.11169
295.11032
295.10945
295.10799
295.10717
295.10556
295.10489
295.10274
295.10322
295.10094
294.4583
294.45739
294.45295
294.44887
294.44574
294.44512
294.44531
294.44579
294.4457
294.44552
294.44493
294.44444
294.44387
294.44343
294.44294
294.44253
294.4421
294.44175
294.44139
294.44108
294.44081
294.44058
294.44042
294.44034
294.44036
294.4405
294.44083
294.44154
294.44266
294.445
294.44895
294.45741
294.47357
294.50748
294.56306
294.63575
294.70537
294.76611
294.81815
294.86386
294.90186
294.93649
294.96443
294.9894
295.00957
295.02732
295.0418
295.05449
295.06496
295.07409
295.08177
295.08835
295.09403
295.0988
295.10302
295.10646
295.10959
295.11204
295.11434
295.11605
295.11769
295.11885
295.11999
295.12069
295.12142
295.12174
295.12216
295.12218
295.12233
295.12211
295.12205
295.12162
295.12139
295.12078
295.12041
295.11965
295.11917
295.11829
295.11772
295.11673
295.11608
295.115
295.11428
295.11313
295.11236
295.11114
295.11033
295.10904
295.10823
295.10685
295.10608
295.10454
295.10391
295.10183
295.10239
295.10011
294.45786
294.45697
294.45287
294.44893
294.44596
294.44522
294.44538
294.44578
294.44569
294.4455
294.44493
294.44444
294.44389
294.44345
294.44297
294.44257
294.44216
294.44182
294.44147
294.44117
294.44088
294.44063
294.44041
294.44024
294.44012
294.44008
294.44012
294.44029
294.44063
294.44136
294.44243
294.44465
294.44833
294.45615
294.47127
294.50292
294.55619
294.62696
294.69604
294.75662
294.808
294.85386
294.8917
294.92667
294.95501
294.98039
295.00106
295.01921
295.03412
295.0471
295.05796
295.06729
295.07528
295.08203
295.08797
295.09288
295.09732
295.10088
295.10418
295.10674
295.10916
295.11098
295.11273
295.11397
295.11521
295.11597
295.11681
295.11718
295.1177
295.11777
295.11802
295.11784
295.11786
295.11747
295.11731
295.11674
295.11644
295.11572
295.11531
295.11446
295.11394
295.11299
295.11239
295.11134
295.11068
295.10955
295.10883
295.10763
295.10689
295.10558
295.10487
295.10341
295.10283
295.10084
295.10148
295.09921
294.45742
294.45655
294.45278
294.44898
294.44617
294.44533
294.44545
294.44577
294.44568
294.44548
294.44492
294.44444
294.44389
294.44346
294.44298
294.44259
294.44219
294.44185
294.44151
294.44122
294.44093
294.44068
294.44045
294.44025
294.44007
294.43995
294.43985
294.43986
294.43991
294.44011
294.44045
294.44119
294.44222
294.44437
294.44789
294.45533
294.46981
294.5
294.55207
294.62143
294.68989
294.74987
294.80048
294.84609
294.88367
294.91867
294.94727
294.97284
294.99385
295.0122
295.02745
295.04058
295.05173
295.06119
295.06943
295.07631
295.08245
295.08746
295.09206
295.09572
295.09913
295.10179
295.10431
295.10621
295.10806
295.10934
295.11069
295.11149
295.11244
295.11284
295.11346
295.11356
295.11389
295.11374
295.11384
295.11348
295.11339
295.11286
295.11262
295.11193
295.11157
295.11075
295.11029
295.10936
295.10881
295.10779
295.10717
295.10606
295.1054
295.10419
295.10355
295.10217
295.10165
295.09974
295.10047
295.09821
294.45698
294.45614
294.45268
294.44903
294.44638
294.44543
294.44552
294.44577
294.44567
294.44546
294.44492
294.44443
294.4439
294.44347
294.44299
294.4426
294.4422
294.44187
294.44153
294.44125
294.44097
294.44072
294.44049
294.44029
294.44009
294.43993
294.43979
294.43969
294.43964
294.43965
294.43973
294.43995
294.4403
294.44104
294.44207
294.44416
294.44761
294.45477
294.46915
294.49858
294.55043
294.61886
294.68652
294.74558
294.79531
294.84036
294.87767
294.91242
294.94108
294.96664
294.98784
295.00621
295.0217
295.03488
295.04625
295.05577
295.0642
295.07113
295.07742
295.08251
295.0872
295.09094
295.09444
295.09717
295.09978
295.10171
295.10366
295.10497
295.10642
295.10724
295.10828
295.10871
295.1094
295.10952
295.10993
295.1098
295.10997
295.10964
295.10961
295.10911
295.10892
295.10827
295.10795
295.10716
295.10674
295.10584
295.10533
295.10433
295.10377
295.10265
295.10208
295.1008
295.10035
295.09854
295.09936
295.09712
294.45655
294.45572
294.45257
294.44907
294.44658
294.44554
294.44559
294.44576
294.44566
294.44544
294.44491
294.44443
294.44391
294.44347
294.443
294.44261
294.44221
294.44189
294.44155
294.44127
294.44099
294.44075
294.44052
294.44032
294.44012
294.43995
294.43979
294.43966
294.43955
294.43947
294.43945
294.43948
294.43957
294.43981
294.44017
294.44089
294.44198
294.44396
294.44753
294.45453
294.46911
294.4986
294.55104
294.61893
294.68557
294.74344
294.79224
294.8365
294.87342
294.90774
294.93628
294.96163
294.98293
295.0012
295.01683
295.02997
295.04147
295.05098
295.05951
295.06647
295.07283
295.07797
295.08272
295.08651
295.09008
295.09283
295.09553
295.09747
295.09953
295.10083
295.10238
295.1032
295.10432
295.10476
295.10554
295.10567
295.10615
295.10603
295.10626
295.10595
295.10598
295.10549
295.10535
295.10472
295.10444
295.10368
295.1033
295.10242
295.10196
295.10096
295.10047
295.0993
295.09891
295.09721
295.09814
295.09592
294.45612
294.45531
294.45245
294.44911
294.44677
294.44564
294.44566
294.44576
294.44566
294.44542
294.44491
294.44443
294.44391
294.44348
294.44301
294.44262
294.44223
294.4419
294.44157
294.44128
294.441
294.44076
294.44054
294.44033
294.44014
294.43997
294.43981
294.43966
294.43954
294.43943
294.43935
294.43929
294.43929
294.43933
294.43944
294.43968
294.44009
294.44077
294.44192
294.44388
294.44752
294.45467
294.46969
294.50004
294.55371
294.62133
294.6866
294.74317
294.79096
294.83429
294.87068
294.9044
294.9328
294.95776
294.97905
294.99709
295.01275
295.02576
295.03729
295.04676
295.0553
295.06228
295.06865
295.07381
295.0786
295.08239
295.08604
295.08877
295.09157
295.09349
295.09563
295.09693
295.09855
295.09936
295.10056
295.10099
295.10184
295.10197
295.10251
295.1024
295.10269
295.10239
295.10246
295.10199
295.1019
295.10128
295.10105
295.1003
295.09996
295.09908
295.09869
295.09763
295.09734
295.09575
295.09679
295.0946
294.4557
294.45492
294.4523
294.44914
294.44693
294.44577
294.44572
294.44575
294.44565
294.4454
294.4449
294.44442
294.44392
294.44348
294.44303
294.44263
294.44224
294.44191
294.44158
294.44129
294.44102
294.44078
294.44055
294.44035
294.44016
294.43998
294.43983
294.43968
294.43955
294.43943
294.43933
294.43924
294.43918
294.43915
294.43916
294.43921
294.43933
294.43958
294.44001
294.4407
294.44186
294.44389
294.44763
294.45512
294.47091
294.50292
294.55831
294.62569
294.68945
294.74455
294.79125
294.83347
294.8694
294.9023
294.93049
294.9549
294.97607
294.99378
295.00936
295.0222
295.03366
295.04306
295.05155
295.05849
295.06486
295.06998
295.07483
295.07857
295.08229
295.08498
295.08786
295.08974
295.09195
295.09322
295.09491
295.09571
295.09698
295.09739
295.0983
295.09842
295.09902
295.09892
295.09925
295.09895
295.09907
295.09861
295.09855
295.09795
295.09775
295.09701
295.09673
295.0958
295.0956
295.09413
295.09531
295.09315
294.45529
294.45455
294.45213
294.44919
294.44706
294.44591
294.44577
294.44576
294.44565
294.44539
294.4449
294.44442
294.44393
294.44349
294.44304
294.44264
294.44225
294.44192
294.44159
294.4413
294.44103
294.44079
294.44056
294.44036
294.44017
294.44
294.43984
294.43969
294.43956
294.43944
294.43933
294.43924
294.43915
294.43909
294.43904
294.43903
294.43905
294.43911
294.43925
294.43951
294.43994
294.44067
294.44185
294.44398
294.44789
294.45592
294.4729
294.50722
294.56475
294.63176
294.69392
294.74733
294.79296
294.83389
294.86939
294.90129
294.92915
294.95293
294.97384
294.99119
295.00656
295.01921
295.03052
295.03981
295.04822
295.05507
295.06144
295.06647
295.07137
295.07503
295.07882
295.08144
295.08437
295.0862
295.08848
295.0897
295.09147
295.09222
295.09356
295.09394
295.09492
295.09502
295.09567
295.09556
295.09593
295.09564
295.09579
295.09534
295.09531
295.09471
295.09457
295.09377
295.0937
295.09235
295.09367
295.09156
294.45488
294.45418
294.45195
294.44923
294.44718
294.44605
294.44583
294.44577
294.44568
294.44536
294.44489
294.44442
294.44393
294.44349
294.44305
294.44265
294.44227
294.44193
294.44161
294.44132
294.44104
294.4408
294.44058
294.44037
294.44018
294.44001
294.43985
294.4397
294.43957
294.43945
294.43934
294.43924
294.43915
294.43908
294.43901
294.43897
294.43894
294.43894
294.43896
294.43904
294.43918
294.43947
294.43989
294.44066
294.44188
294.44414
294.44832
294.45708
294.47572
294.51305
294.57296
294.63936
294.69966
294.75126
294.7959
294.83534
294.87035
294.90121
294.92862
294.95175
294.97226
294.98922
295.00429
295.01672
295.02783
295.03695
295.04529
295.05199
295.05836
295.06326
295.06819
295.07174
295.07556
295.0781
295.08109
295.08286
295.0852
295.08636
295.08819
295.08889
295.09029
295.09064
295.09166
295.09175
295.09243
295.09231
295.09272
295.09243
295.09261
295.09215
295.09218
295.09153
295.09159
295.09038
295.09186
295.08981
294.45448
294.45382
294.45177
294.44927
294.44729
294.44619
294.44588
294.44581
294.44567
294.44535
294.44488
294.44442
294.44394
294.4435
294.44306
294.44266
294.44228
294.44194
294.44162
294.44133
294.44106
294.44081
294.44059
294.44038
294.44019
294.44002
294.43986
294.43971
294.43958
294.43946
294.43935
294.43925
294.43916
294.43908
294.43901
294.43895
294.43891
294.43887
294.43886
294.43887
294.4389
294.439
294.43914
294.43944
294.43988
294.44067
294.44196
294.44437
294.44898
294.4587
294.47952
294.52061
294.58277
294.64817
294.70656
294.75609
294.79975
294.83768
294.87214
294.90194
294.92877
294.95124
294.97124
294.9878
295.0025
295.01463
295.02557
295.03444
295.04273
295.04921
295.05558
295.06031
295.06524
295.06868
295.07254
295.07498
295.07802
295.07969
295.08209
295.08317
295.08507
295.08571
295.08716
295.08747
295.08852
295.0886
295.08931
295.08919
295.08961
295.08932
295.08954
295.08904
295.08928
295.0882
295.08986
295.08789
294.45408
294.45347
294.45157
294.44928
294.44739
294.44632
294.44593
294.44584
294.44566
294.44533
294.44488
294.44441
294.44394
294.4435
294.44307
294.44267
294.4423
294.44196
294.44163
294.44134
294.44107
294.44083
294.4406
294.44039
294.4402
294.44003
294.43987
294.43972
294.43959
294.43947
294.43936
294.43926
294.43917
294.43909
294.43902
294.43895
294.4389
294.43886
294.43883
294.4388
294.43881
294.43882
294.43887
294.43897
294.43912
294.43942
294.43989
294.44071
294.44211
294.4447
294.44986
294.46086
294.48456
294.52992
294.59404
294.65778
294.71431
294.76175
294.80436
294.84082
294.87459
294.90338
294.92949
294.95131
294.9707
294.98682
295.00119
295.01293
295.02371
295.03226
295.04047
295.04671
295.05304
295.05759
295.06254
295.06583
295.06972
295.07203
295.07513
295.07667
295.07915
295.08014
295.08209
295.08266
295.08415
295.08443
295.08551
295.08556
295.08629
295.08616
295.08662
295.08628
295.08672
295.08579
295.08764
295.08576
294.45369
294.45311
294.45137
294.44927
294.44748
294.44642
294.44599
294.44585
294.44565
294.44532
294.44487
294.44441
294.44394
294.44351
294.44308
294.44268
294.44231
294.44197
294.44165
294.44136
294.44108
294.44084
294.44061
294.44041
294.44022
294.44004
294.43988
294.43973
294.4396
294.43948
294.43937
294.43927
294.43918
294.4391
294.43902
294.43896
294.43891
294.43886
294.43882
294.43879
294.43877
294.43877
294.43877
294.4388
294.43885
294.43895
294.43913
294.43942
294.43993
294.44077
294.44231
294.44514
294.45104
294.46369
294.491
294.5412
294.60651
294.66819
294.72273
294.76815
294.80956
294.84468
294.87756
294.90542
294.93066
294.95185
294.97068
294.98623
295.00028
295.01156
295.02216
295.03035
295.03846
295.04445
295.05075
295.0551
295.06005
295.06315
295.06709
295.06924
295.0724
295.07382
295.07634
295.07724
295.07922
295.07975
295.08125
295.08151
295.08259
295.08263
295.08339
295.0832
295.08389
295.08311
295.08519
295.08342
294.4533
294.45275
294.45117
294.44924
294.44755
294.44651
294.44604
294.44585
294.44563
294.4453
294.44486
294.4444
294.44394
294.44351
294.44309
294.44269
294.44232
294.44198
294.44166
294.44137
294.4411
294.44085
294.44062
294.44042
294.44022
294.44005
294.43989
294.43974
294.43961
294.43948
294.43937
294.43927
294.43918
294.4391
294.43903
294.43897
294.43891
294.43886
294.43882
294.43879
294.43876
294.43875
294.43874
294.43874
294.43875
294.43879
294.43885
294.43895
294.43914
294.43944
294.43998
294.44088
294.44255
294.44577
294.4526
294.46743
294.49932
294.55425
294.6199
294.67928
294.73165
294.77525
294.8152
294.84915
294.88092
294.90801
294.93238
294.95278
294.97108
294.98596
294.99968
295.01045
295.02085
295.02869
295.0367
295.04241
295.04866
295.05277
295.05774
295.06063
295.06463
295.06659
295.06981
295.07109
295.07366
295.07447
295.07647
295.07695
295.07846
295.07869
295.07979
295.07977
295.08075
295.08013
295.08248
295.08083
294.45291
294.45239
294.45096
294.44919
294.44761
294.44659
294.44609
294.44586
294.44562
294.44527
294.44484
294.44439
294.44394
294.44351
294.44309
294.4427
294.44233
294.44199
294.44167
294.44138
294.44111
294.44086
294.44063
294.44042
294.44023
294.44006
294.4399
294.43975
294.43961
294.43949
294.43938
294.43928
294.43919
294.43911
294.43903
294.43897
294.43891
294.43887
294.43883
294.43879
294.43877
294.43875
294.43873
294.43873
294.43873
294.43874
294.43876
294.43879
294.43886
294.43897
294.43916
294.43948
294.44004
294.44102
294.44288
294.44661
294.4547
294.47231
294.50986
294.56891
294.63395
294.69104
294.74088
294.78292
294.82113
294.85427
294.88482
294.91096
294.93453
294.95402
294.97179
294.98594
294.99933
295.0096
295.0198
295.02726
295.03515
295.04054
295.04677
295.0506
295.05561
295.05826
295.0623
295.06409
295.06734
295.0685
295.07109
295.07183
295.07382
295.07426
295.07577
295.07594
295.07727
295.07682
295.07946
295.07797
294.45254
294.45204
294.45074
294.44913
294.44766
294.44667
294.44614
294.44586
294.4456
294.44525
294.44483
294.44438
294.44394
294.44351
294.44309
294.4427
294.44234
294.442
294.44168
294.44139
294.44112
294.44087
294.44064
294.44043
294.44024
294.44007
294.4399
294.43976
294.43962
294.4395
294.43939
294.43928
294.43919
294.43911
294.43904
294.43897
294.43892
294.43887
294.43883
294.4388
294.43877
294.43875
294.43873
294.43872
294.43872
294.43872
294.43873
294.43874
294.43877
294.43881
294.43889
294.439
294.43919
294.43953
294.44012
294.44121
294.44332
294.44772
294.45747
294.47857
294.52272
294.58506
294.64833
294.70325
294.75028
294.79095
294.82749
294.85968
294.88912
294.91415
294.93694
294.95544
294.97271
294.98617
294.99922
295.00896
295.01895
295.02597
295.03379
295.03882
295.04505
295.04858
295.05361
295.05602
295.0601
295.06171
295.06499
295.06604
295.06861
295.06929
295.07128
295.07165
295.0734
295.07312
295.0761
295.0748
294.45218
294.4517
294.45053
294.44907
294.4477
294.44673
294.44618
294.44587
294.44559
294.44524
294.44481
294.44437
294.44393
294.44351
294.4431
294.44271
294.44235
294.44201
294.44169
294.4414
294.44113
294.44088
294.44065
294.44044
294.44025
294.44007
294.43991
294.43976
294.43963
294.4395
294.43939
294.43929
294.4392
294.43912
294.43904
294.43898
294.43892
294.43887
294.43883
294.4388
294.43877
294.43875
294.43873
294.43872
294.43872
294.43872
294.43872
294.43873
294.43875
294.43877
294.4388
294.43884
294.43892
294.43903
294.43924
294.43958
294.44024
294.44144
294.44392
294.44918
294.4611
294.48717
294.53784
294.60215
294.66285
294.71521
294.75994
294.79906
294.83425
294.86524
294.89365
294.91746
294.93957
294.95714
294.97388
294.9866
294.99929
295.00845
295.01827
295.02483
295.03259
295.03722
295.04346
295.04667
295.05173
295.05392
295.05801
295.05945
295.06272
295.06368
295.06624
295.06683
295.06906
295.06898
295.07236
295.07128
294.45183
294.45137
294.45032
294.44899
294.44772
294.44679
294.44622
294.44588
294.44558
294.44522
294.4448
294.44437
294.44393
294.44351
294.44311
294.44272
294.44236
294.44202
294.4417
294.44141
294.44114
294.44089
294.44066
294.44046
294.44026
294.44008
294.43992
294.43977
294.43964
294.43951
294.4394
294.4393
294.4392
294.43912
294.43905
294.43898
294.43893
294.43888
294.43884
294.4388
294.43877
294.43875
294.43874
294.43873
294.43872
294.43872
294.43872
294.43873
294.43874
294.43875
294.43878
294.4388
294.43883
294.43887
294.43896
294.43907
294.43929
294.43965
294.44037
294.44175
294.4447
294.45118
294.46597
294.49837
294.5552
294.6195
294.67745
294.72698
294.76995
294.80718
294.84121
294.8708
294.89846
294.92104
294.94241
294.95898
294.97517
294.98712
294.99952
295.00807
295.01776
295.0238
295.03152
295.03575
295.04199
295.0449
295.04997
295.05191
295.05601
295.05731
295.06055
295.06141
295.0642
295.06433
295.06817
295.06737
294.45154
294.45104
294.4501
294.44889
294.44772
294.44682
294.44625
294.44588
294.44556
294.4452
294.44479
294.44436
294.44393
294.44351
294.44311
294.44273
294.44237
294.44203
294.44172
294.44143
294.44115
294.44091
294.44068
294.44047
294.44027
294.4401
294.43993
294.43978
294.43964
294.43952
294.43941
294.4393
294.43921
294.43913
294.43905
294.43899
294.43893
294.43888
294.43884
294.43881
294.43878
294.43876
294.43874
294.43873
294.43872
294.43872
294.43873
294.43873
294.43874
294.43875
294.43877
294.43878
294.43881
294.43883
294.43887
294.43891
294.43899
294.43911
294.43933
294.43974
294.44053
294.44218
294.44576
294.45392
294.47253
294.51261
294.57393
294.63671
294.69228
294.73855
294.78007
294.81525
294.84858
294.87663
294.90341
294.92469
294.9453
294.96088
294.97659
294.98774
294.99989
295.00777
295.01735
295.02287
295.03057
295.03438
295.04063
295.0432
295.04829
295.05002
295.05409
295.05526
295.05872
295.0591
295.06347
295.063
294.45127
294.4507
294.44987
294.44878
294.4477
294.44685
294.44627
294.44588
294.44554
294.44518
294.44477
294.44434
294.44392
294.44351
294.44311
294.44274
294.44238
294.44204
294.44173
294.44144
294.44117
294.44092
294.44069
294.44048
294.44029
294.44011
294.43994
294.43979
294.43965
294.43953
294.43941
294.43931
294.43922
294.43913
294.43906
294.43899
294.43894
294.43889
294.43885
294.43881
294.43878
294.43876
294.43874
294.43873
294.43873
294.43873
294.43873
294.43873
294.43874
294.43875
294.43877
294.43878
294.43881
294.43882
294.43885
294.43887
294.43891
294.43896
294.43903
294.43916
294.43939
294.43983
294.44076
294.44276
294.44722
294.45768
294.48111
294.52964
294.59389
294.65351
294.70698
294.75001
294.79019
294.82352
294.85596
294.88245
294.90832
294.92838
294.9483
294.96282
294.97813
294.9884
295.00034
295.00754
295.01704
295.02203
295.0297
295.03309
295.03935
295.04162
295.04669
295.04823
295.05251
295.05318
295.05818
295.05812
294.45091
294.4504
294.44965
294.44867
294.44768
294.44687
294.44629
294.44588
294.44553
294.44516
294.44475
294.44434
294.44392
294.44351
294.44312
294.44275
294.44239
294.44206
294.44174
294.44145
294.44118
294.44093
294.4407
294.44049
294.4403
294.44012
294.43995
294.4398
294.43966
294.43954
294.43942
294.43932
294.43923
294.43914
294.43907
294.439
294.43894
294.43889
294.43885
294.43882
294.43879
294.43877
294.43875
294.43874
294.43873
294.43873
294.43873
294.43874
294.43875
294.43876
294.43877
294.43879
294.43881
294.43882
294.43885
294.43887
294.43889
294.43892
294.43895
294.439
294.43907
294.4392
294.43945
294.43996
294.44107
294.44355
294.4492
294.46274
294.49346
294.54887
294.61405
294.67013
294.7209
294.76152
294.8001
294.83172
294.86322
294.88833
294.91329
294.93205
294.95134
294.96474
294.9797
294.9891
295.00087
295.00738
295.0168
295.02124
295.02891
295.03188
295.03814
295.04015
295.04541
295.04642
295.05218
295.05264
294.45056
294.45012
294.44943
294.44855
294.44764
294.44687
294.4463
294.44588
294.44551
294.44514
294.44474
294.44433
294.44392
294.44352
294.44313
294.44276
294.4424
294.44207
294.44176
294.44147
294.4412
294.44095
294.44072
294.44051
294.44031
294.44014
294.43997
294.43982
294.43968
294.43955
294.43944
294.43933
294.43924
294.43915
294.43908
294.43901
294.43895
294.4389
294.43886
294.43882
294.43879
294.43877
294.43875
294.43874
294.43874
294.43874
294.43874
294.43874
294.43875
294.43876
294.43878
294.43879
294.43881
294.43883
294.43885
294.43887
294.43889
294.43891
294.43893
294.43896
294.43899
294.43904
294.43911
294.43925
294.43953
294.44014
294.44149
294.4446
294.45206
294.46978
294.50944
294.56977
294.63373
294.68657
294.73423
294.77284
294.80987
294.84006
294.87048
294.89414
294.91825
294.9356
294.95438
294.96665
294.98131
294.98983
295.00143
295.00723
295.01662
295.02049
295.02818
295.03078
295.03724
295.03866
295.04532
295.04645
294.45023
294.44984
294.44922
294.44842
294.44759
294.44687
294.4463
294.44587
294.4455
294.44512
294.44473
294.44432
294.44391
294.44352
294.44314
294.44277
294.44242
294.44209
294.44178
294.44149
294.44122
294.44097
294.44074
294.44053
294.44033
294.44015
294.43998
294.43983
294.43969
294.43957
294.43945
294.43934
294.43925
294.43916
294.43909
294.43902
294.43896
294.43891
294.43887
294.43883
294.4388
294.43878
294.43876
294.43875
294.43874
294.43874
294.43874
294.43875
294.43876
294.43877
294.43878
294.4388
294.43881
294.43883
294.43885
294.43887
294.43889
294.43891
294.43893
294.43895
294.43897
294.439
294.43903
294.43907
294.43915
294.4393
294.43963
294.44036
294.44206
294.44609
294.45612
294.47923
294.52883
294.59154
294.65246
294.70259
294.74739
294.78389
294.81957
294.8483
294.87766
294.89972
294.92315
294.93909
294.95741
294.96854
294.98291
294.99051
295.00203
295.00709
295.0165
295.01984
295.02775
295.02968
295.03742
295.0394
294.44991
294.44955
294.44899
294.44828
294.44753
294.44684
294.44629
294.44586
294.44548
294.4451
294.44471
294.44431
294.44391
294.44352
294.44314
294.44278
294.44243
294.4421
294.44179
294.44151
294.44124
294.44099
294.44076
294.44055
294.44035
294.44017
294.44
294.43985
294.43971
294.43958
294.43946
294.43936
294.43926
294.43918
294.4391
294.43903
294.43897
294.43892
294.43888
294.43884
294.43881
294.43879
294.43877
294.43876
294.43875
294.43875
294.43875
294.43875
294.43876
294.43877
294.43879
294.4388
294.43882
294.43884
294.43885
294.43887
294.43889
294.43891
294.43893
294.43895
294.43897
294.43899
294.43901
294.43904
294.43906
294.43911
294.43919
294.43936
294.43975
294.44066
294.44286
294.44821
294.46174
294.49235
294.55068
294.61343
294.67086
294.71745
294.76034
294.79458
294.82913
294.85618
294.88483
294.90517
294.928
294.94248
294.96035
294.97032
294.98452
294.99115
295.00267
295.00699
295.01666
295.01923
295.02825
295.0313
294.4496
294.44927
294.44877
294.44813
294.44744
294.44681
294.44627
294.44584
294.44545
294.44507
294.44469
294.44429
294.4439
294.44352
294.44314
294.44278
294.44244
294.44212
294.44181
294.44152
294.44125
294.44101
294.44078
294.44056
294.44037
294.44018
294.44002
294.43986
294.43972
294.43959
294.43948
294.43937
294.43927
294.43919
294.43911
294.43904
294.43898
294.43893
294.43889
294.43885
294.43882
294.43879
294.43878
294.43876
294.43876
294.43875
294.43875
294.43876
294.43877
294.43878
294.43879
294.43881
294.43882
294.43884
294.43886
294.43888
294.4389
294.43892
294.43894
294.43896
294.43898
294.43899
294.43901
294.43903
294.43905
294.43907
294.4391
294.43914
294.43923
294.43943
294.43991
294.44107
294.44397
294.45127
294.46966
294.51048
294.57379
294.63407
294.68884
294.73151
294.77301
294.8049
294.8388
294.86388
294.89188
294.91044
294.93264
294.94568
294.96325
294.97199
294.98612
294.99175
295.00357
295.00697
295.01754
295.02194
294.44929
294.44899
294.44854
294.44797
294.44735
294.44675
294.44624
294.4458
294.44542
294.44504
294.44466
294.44427
294.44389
294.44351
294.44314
294.44279
294.44245
294.44212
294.44182
294.44154
294.44127
294.44102
294.44079
294.44058
294.44038
294.4402
294.44003
294.43988
294.43973
294.4396
294.43949
294.43938
294.43928
294.4392
294.43912
294.43905
294.43899
294.43894
294.43889
294.43886
294.43882
294.4388
294.43878
294.43877
294.43876
294.43876
294.43876
294.43876
294.43877
294.43878
294.4388
294.43881
294.43883
294.43884
294.43886
294.43888
294.4389
294.43892
294.43894
294.43896
294.43898
294.439
294.43901
294.43903
294.43905
294.43906
294.43908
294.4391
294.43913
294.43917
294.43928
294.43952
294.44012
294.44164
294.44558
294.45586
294.4805
294.53227
294.59774
294.65358
294.7062
294.74512
294.78533
294.81495
294.84831
294.87132
294.8986
294.91546
294.93719
294.94869
294.96609
294.97351
294.98795
294.99245
295.00492
295.01103
294.44899
294.44872
294.44832
294.4478
294.44724
294.44669
294.44619
294.44577
294.44538
294.44501
294.44463
294.44425
294.44387
294.4435
294.44314
294.44279
294.44245
294.44213
294.44183
294.44155
294.44128
294.44103
294.4408
294.44059
294.44039
294.44021
294.44004
294.43989
294.43975
294.43962
294.4395
294.43939
294.43929
294.43921
294.43913
294.43906
294.439
294.43895
294.4389
294.43886
294.43883
294.43881
294.43879
294.43878
294.43877
294.43876
294.43877
294.43877
294.43878
294.43879
294.4388
294.43881
294.43883
294.43885
294.43887
294.43889
294.4389
294.43892
294.43894
294.43896
294.43898
294.439
294.43902
294.43903
294.43905
294.43906
294.43908
294.43909
294.43911
294.43913
294.43915
294.4392
294.43933
294.43963
294.44041
294.44249
294.44795
294.46249
294.4971
294.55576
294.62121
294.67237
294.72226
294.75833
294.79733
294.82467
294.85736
294.87854
294.90518
294.92018
294.94162
294.95145
294.96909
294.9751
294.98991
294.9982
294.4487
294.44845
294.44809
294.44763
294.44712
294.44661
294.44614
294.44572
294.44534
294.44497
294.4446
294.44423
294.44386
294.44349
294.44314
294.44279
294.44246
294.44214
294.44184
294.44156
294.4413
294.44105
294.44082
294.44061
294.44041
294.44023
294.44006
294.4399
294.43976
294.43963
294.43951
294.4394
294.4393
294.43922
294.43914
294.43907
294.43901
294.43895
294.43891
294.43887
294.43884
294.43881
294.43879
294.43878
294.43877
294.43877
294.43877
294.43877
294.43878
294.43879
294.4388
294.43882
294.43883
294.43885
294.43887
294.43889
294.43891
294.43893
294.43895
294.43897
294.43898
294.439
294.43902
294.43904
294.43905
294.43907
294.43908
294.4391
294.43911
294.43912
294.43913
294.43915
294.43918
294.43924
294.43939
294.43978
294.44083
294.44373
294.45171
294.47202
294.51865
294.57999
294.64319
294.69052
294.73763
294.77087
294.8088
294.83431
294.86622
294.88533
294.91156
294.92456
294.94608
294.95419
294.97184
294.98296
294.44842
294.44819
294.44787
294.44746
294.44699
294.44652
294.44608
294.44567
294.4453
294.44493
294.44457
294.4442
294.44384
294.44348
294.44313
294.44279
294.44246
294.44215
294.44186
294.44158
294.44131
294.44107
294.44084
294.44062
294.44043
294.44024
294.44007
294.43992
294.43977
294.43964
294.43952
294.43941
294.43932
294.43923
294.43915
294.43908
294.43902
294.43896
294.43892
294.43888
294.43885
294.43882
294.4388
294.43879
294.43878
294.43878
294.43878
294.43878
294.43879
294.4388
294.43881
294.43882
294.43884
294.43886
294.43887
294.43889
294.43891
294.43893
294.43895
294.43897
294.43899
294.43901
294.43902
294.43904
294.43906
294.43907
294.43908
294.4391
294.43911
294.43912
294.43913
294.43914
294.43916
294.43917
294.4392
294.43928
294.43946
294.43999
294.44148
294.44563
294.45734
294.48492
294.5436
294.60446
294.66401
294.70732
294.7524
294.78288
294.82001
294.84339
294.87487
294.89171
294.91782
294.92886
294.94977
294.96466
294.44815
294.44794
294.44765
294.44728
294.44686
294.44643
294.44601
294.44562
294.44525
294.44489
294.44453
294.44418
294.44382
294.44347
294.44313
294.44279
294.44247
294.44216
294.44187
294.44159
294.44133
294.44108
294.44085
294.44064
294.44044
294.44026
294.44009
294.43993
294.43979
294.43966
294.43954
294.43943
294.43933
294.43924
294.43916
294.43909
294.43903
294.43897
294.43893
294.43889
294.43886
294.43883
294.43881
294.4388
294.43879
294.43878
294.43878
294.43879
294.43879
294.4388
294.43881
294.43883
294.43884
294.43886
294.43888
294.4389
294.43892
294.43894
294.43895
294.43897
294.43899
294.43901
294.43903
294.43904
294.43906
294.43907
294.43909
294.4391
294.43911
294.43912
294.43914
294.43915
294.43916
294.43917
294.43918
294.43919
294.43923
294.43932
294.43957
294.4403
294.44246
294.4485
294.46546
294.50418
294.56966
294.62731
294.68399
294.72267
294.76669
294.79431
294.83106
294.85204
294.88322
294.89811
294.92261
294.94245
294.44788
294.44769
294.44743
294.4471
294.44672
294.44632
294.44593
294.44555
294.44519
294.44484
294.44449
294.44415
294.4438
294.44345
294.44312
294.44279
294.44247
294.44217
294.44188
294.4416
294.44134
294.4411
294.44087
294.44066
294.44046
294.44028
294.44011
294.43995
294.43981
294.43967
294.43955
294.43944
294.43934
294.43925
294.43917
294.4391
294.43904
294.43898
294.43894
294.4389
294.43887
294.43884
294.43882
294.4388
294.4388
294.43879
294.43879
294.43879
294.4388
294.43881
294.43882
294.43883
294.43885
294.43887
294.43888
294.4389
294.43892
294.43894
294.43896
294.43898
294.439
294.43901
294.43903
294.43905
294.43906
294.43908
294.43909
294.4391
294.43912
294.43913
294.43914
294.43915
294.43916
294.43917
294.43918
294.43919
294.4392
294.43921
294.43926
294.43937
294.43972
294.44076
294.44394
294.4531
294.47712
294.52867
294.59612
294.64837
294.70312
294.73732
294.78044
294.80533
294.84162
294.86101
294.88923
294.91533
294.44761
294.44744
294.44721
294.44691
294.44657
294.4462
294.44584
294.44548
294.44513
294.44479
294.44445
294.44411
294.44377
294.44344
294.44311
294.44279
294.44248
294.44218
294.44189
294.44162
294.44136
294.44112
294.44089
294.44068
294.44048
294.4403
294.44013
294.43997
294.43982
294.43969
294.43957
294.43946
294.43936
294.43927
294.43919
294.43912
294.43905
294.439
294.43895
294.43891
294.43888
294.43885
294.43883
294.43881
294.43881
294.4388
294.4388
294.4388
294.43881
294.43882
294.43883
294.43884
294.43886
294.43887
294.43889
294.43891
294.43893
294.43895
294.43896
294.43898
294.439
294.43902
294.43903
294.43905
294.43907
294.43908
294.43909
294.43911
294.43912
294.43913
294.43914
294.43915
294.43916
294.43917
294.43918
294.43919
294.43919
294.4392
294.43921
294.43923
294.43929
294.43944
294.43994
294.4415
294.44627
294.46038
294.49573
294.55473
294.6219
294.66821
294.72079
294.75159
294.79313
294.81714
294.84889
294.88224
294.44735
294.4472
294.44699
294.44672
294.44641
294.44608
294.44573
294.44539
294.44506
294.44473
294.4444
294.44407
294.44374
294.44342
294.4431
294.44278
294.44248
294.44218
294.4419
294.44163
294.44137
294.44113
294.44091
294.4407
294.4405
294.44031
294.44014
294.43999
294.43984
294.43971
294.43959
294.43947
294.43937
294.43928
294.4392
294.43913
294.43907
294.43901
294.43896
294.43892
294.43889
294.43886
294.43884
294.43882
294.43881
294.43881
294.43881
294.43881
294.43882
294.43882
294.43884
294.43885
294.43886
294.43888
294.4389
294.43892
294.43893
294.43895
294.43897
294.43899
294.43901
294.43902
294.43904
294.43906
294.43907
294.43908
294.4391
294.43911
294.43912
294.43913
294.43915
294.43916
294.43917
294.43917
294.43918
294.43919
294.4392
294.4392
294.43921
294.43922
294.43923
294.43925
294.43932
294.43955
294.44029
294.4427
294.4503
294.47119
294.52077
294.58048
294.64563
294.68758
294.73645
294.76666
294.80161
294.84239
294.4471
294.44695
294.44676
294.44652
294.44624
294.44594
294.44562
294.4453
294.44498
294.44466
294.44435
294.44403
294.44371
294.44339
294.44308
294.44277
294.44247
294.44218
294.4419
294.44164
294.44138
294.44115
294.44092
294.44071
294.44051
294.44033
294.44016
294.44
294.43986
294.43972
294.4396
294.43949
294.43939
294.4393
294.43922
294.43914
294.43908
294.43902
294.43897
294.43893
294.4389
294.43887
294.43885
294.43883
294.43882
294.43882
294.43882
294.43882
294.43882
294.43883
294.43884
294.43886
294.43887
294.43889
294.4389
294.43892
294.43894
294.43896
294.43898
294.43899
294.43901
294.43903
294.43904
294.43906
294.43908
294.43909
294.4391
294.43912
294.43913
294.43914
294.43915
294.43916
294.43917
294.43918
294.43919
294.43919
294.4392
294.43921
294.43921
294.43922
294.43923
294.43923
294.43924
294.43927
294.43937
294.43971
294.44088
294.44469
294.45672
294.48611
294.54874
294.60659
294.66649
294.70736
294.74693
294.79553
294.44684
294.44672
294.44654
294.44633
294.44607
294.4458
294.4455
294.4452
294.4449
294.44459
294.44429
294.44398
294.44367
294.44336
294.44306
294.44276
294.44246
294.44218
294.44191
294.44164
294.44139
294.44116
294.44094
294.44073
294.44053
294.44035
294.44018
294.44002
294.43987
294.43974
294.43962
294.4395
294.4394
294.43931
294.43923
294.43915
294.43909
294.43903
294.43899
294.43894
294.43891
294.43888
294.43886
294.43884
294.43883
294.43883
294.43883
294.43883
294.43883
294.43884
294.43885
294.43886
294.43888
294.43889
294.43891
294.43893
294.43895
294.43896
294.43898
294.439
294.43902
294.43903
294.43905
294.43906
294.43908
294.43909
294.43911
294.43912
294.43913
294.43914
294.43915
294.43916
294.43917
294.43918
294.43919
294.4392
294.4392
294.43921
294.43922
294.43922
294.43923
294.43923
294.43924
294.43925
294.43926
294.4393
294.43945
294.43997
294.44187
294.44795
294.46618
294.50997
294.57549
294.63336
294.68087
294.74109
294.4466
294.44648
294.44633
294.44613
294.4459
294.44565
294.44538
294.44509
294.44481
294.44452
294.44422
294.44393
294.44363
294.44333
294.44303
294.44274
294.44246
294.44218
294.44191
294.44165
294.44141
294.44117
294.44095
294.44074
294.44055
294.44036
294.4402
294.44004
294.43989
294.43976
294.43963
294.43952
294.43942
294.43933
294.43924
294.43917
294.4391
294.43905
294.439
294.43896
294.43892
294.43889
294.43887
294.43885
294.43884
294.43884
294.43883
294.43884
294.43884
294.43885
294.43886
294.43887
294.43888
294.4389
294.43892
294.43893
294.43895
294.43897
294.43899
294.439
294.43902
294.43904
294.43905
294.43907
294.43908
294.4391
294.43911
294.43912
294.43914
294.43915
294.43916
294.43917
294.43918
294.43918
294.43919
294.4392
294.43921
294.43921
294.43922
294.43923
294.43923
294.43924
294.43924
294.43925
294.43925
294.43926
294.43928
294.43934
294.43957
294.4404
294.4435
294.4539
294.48026
294.54052
294.59613
294.67525
294.44635
294.44625
294.44611
294.44593
294.44573
294.44549
294.44524
294.44498
294.44471
294.44443
294.44415
294.44387
294.44358
294.44329
294.44301
294.44272
294.44244
294.44217
294.44191
294.44166
294.44141
294.44118
294.44096
294.44076
294.44056
294.44038
294.44021
294.44006
294.43991
294.43977
294.43965
294.43954
294.43944
294.43934
294.43926
294.43918
294.43912
294.43906
294.43901
294.43897
294.43893
294.43891
294.43888
294.43887
294.43885
294.43885
294.43884
294.43885
294.43885
294.43886
294.43887
294.43888
294.43889
294.43891
294.43892
294.43894
294.43896
294.43898
294.43899
294.43901
294.43903
294.43904
294.43906
294.43908
294.43909
294.4391
294.43912
294.43913
294.43914
294.43915
294.43916
294.43917
294.43918
294.43919
294.4392
294.4392
294.43921
294.43922
294.43922
294.43923
294.43924
294.43924
294.43925
294.43925
294.43926
294.43926
294.43926
294.43927
294.4393
294.43939
294.43978
294.44121
294.44647
294.46324
294.50005
294.59162
294.44611
294.44602
294.44589
294.44573
294.44555
294.44533
294.4451
294.44486
294.44461
294.44434
294.44408
294.4438
294.44353
294.44325
294.44297
294.4427
294.44243
294.44216
294.44191
294.44166
294.44142
294.44119
294.44098
294.44077
294.44058
294.4404
294.44023
294.44007
294.43993
294.43979
294.43967
294.43956
294.43945
294.43936
294.43928
294.4392
294.43914
294.43908
294.43903
294.43898
294.43895
294.43892
294.4389
294.43888
294.43887
294.43886
294.43886
294.43886
294.43886
294.43887
294.43888
294.43889
294.4389
294.43892
294.43893
294.43895
294.43897
294.43898
294.439
294.43902
294.43904
294.43905
294.43907
294.43908
294.4391
294.43911
294.43912
294.43913
294.43915
294.43916
294.43917
294.43918
294.43919
294.43919
294.4392
294.43921
294.43922
294.43922
294.43923
294.43923
294.43924
294.43924
294.43925
294.43925
294.43926
294.43926
294.43927
294.43927
294.43928
294.43929
294.43934
294.43946
294.44026
294.44244
294.45249
294.50483
294.44588
294.44579
294.44568
294.44553
294.44536
294.44517
294.44496
294.44473
294.4445
294.44425
294.444
294.44374
294.44347
294.44321
294.44294
294.44267
294.44241
294.44215
294.4419
294.44166
294.44143
294.4412
294.44099
294.44079
294.4406
294.44042
294.44025
294.44009
294.43995
294.43981
294.43969
294.43957
294.43947
294.43938
294.43929
294.43922
294.43915
294.43909
294.43904
294.439
294.43896
294.43893
294.43891
294.43889
294.43888
294.43887
294.43887
294.43887
294.43887
294.43888
294.43889
294.4389
294.43891
294.43893
294.43894
294.43896
294.43898
294.43899
294.43901
294.43903
294.43904
294.43906
294.43907
294.43909
294.4391
294.43912
294.43913
294.43914
294.43915
294.43916
294.43917
294.43918
294.43919
294.4392
294.43921
294.43921
294.43922
294.43923
294.43923
294.43924
294.43925
294.43925
294.43925
294.43926
294.43926
294.43927
294.43927
294.43927
294.43928
294.43928
294.43931
294.43929
294.4396
294.43958
294.44123
294.45641
294.44565
294.44557
294.44546
294.44533
294.44518
294.445
294.44481
294.4446
294.44438
294.44415
294.44391
294.44366
294.44341
294.44315
294.4429
294.44264
294.44239
294.44214
294.4419
294.44166
294.44143
294.44121
294.441
294.4408
294.44061
294.44043
294.44027
294.44011
294.43997
294.43983
294.43971
294.43959
294.43949
294.4394
294.43931
294.43924
294.43917
294.43911
294.43906
294.43902
294.43898
294.43895
294.43892
294.43891
294.43889
294.43889
294.43888
294.43888
294.43888
294.43889
294.4389
294.43891
294.43892
294.43894
294.43895
294.43897
294.43899
294.439
294.43902
294.43903
294.43905
294.43907
294.43908
294.4391
294.43911
294.43912
294.43914
294.43915
294.43916
294.43917
294.43918
294.43919
294.4392
294.43921
294.43921
294.43922
294.43923
294.43923
294.43924
294.43924
294.43925
294.43925
294.43926
294.43926
294.43927
294.43927
294.43928
294.43928
294.43929
294.43929
294.43931
294.43929
294.43945
294.43933
294.43947
294.44224
294.44542
294.44534
294.44525
294.44513
294.44499
294.44483
294.44466
294.44446
294.44426
294.44404
294.44382
294.44358
294.44334
294.4431
294.44285
294.44261
294.44236
294.44212
294.44189
294.44165
294.44143
294.44122
294.44101
294.44081
294.44062
294.44045
294.44028
294.44013
294.43998
294.43985
294.43973
294.43961
294.43951
294.43942
294.43933
294.43926
294.43919
294.43913
294.43908
294.43903
294.439
294.43897
294.43894
294.43892
294.43891
294.4389
294.4389
294.4389
294.4389
294.4389
294.43891
294.43892
294.43894
294.43895
294.43896
294.43898
294.439
294.43901
294.43903
294.43904
294.43906
294.43908
294.43909
294.4391
294.43912
294.43913
294.43914
294.43916
294.43917
294.43918
294.43919
294.4392
294.4392
294.43921
294.43922
294.43923
294.43923
294.43924
294.43925
294.43925
294.43926
294.43926
294.43927
294.43927
294.43927
294.43928
294.43928
294.43928
294.43929
294.43929
294.43931
294.4393
294.43942
294.43937
294.43924
294.43972
294.44519
294.44512
294.44504
294.44493
294.4448
294.44466
294.4445
294.44432
294.44413
294.44393
294.44372
294.4435
294.44327
294.44304
294.44281
294.44257
294.44233
294.4421
294.44187
294.44165
294.44143
294.44122
294.44102
294.44082
294.44064
294.44046
294.4403
294.44015
294.44
294.43987
294.43975
294.43963
294.43953
294.43944
294.43935
294.43927
294.43921
294.43915
294.4391
294.43905
294.43901
294.43898
294.43896
294.43894
294.43892
294.43892
294.43891
294.43891
294.43891
294.43892
294.43893
294.43894
294.43895
294.43896
294.43898
294.43899
294.43901
294.43902
294.43904
294.43906
294.43907
294.43909
294.4391
294.43911
294.43913
294.43914
294.43915
294.43916
294.43918
294.43919
294.4392
294.4392
294.43921
294.43922
294.43923
294.43923
294.43924
294.43925
294.43925
294.43926
294.43926
294.43927
294.43927
294.43928
294.43928
294.43928
294.43929
294.43929
294.4393
294.4393
294.43932
294.43931
294.43942
294.43938
294.43922
294.4394
294.44497
294.4449
294.44483
294.44473
294.44462
294.44448
294.44434
294.44417
294.444
294.44381
294.44361
294.44341
294.44319
294.44297
294.44275
294.44253
294.4423
294.44208
294.44185
294.44164
294.44142
294.44122
294.44102
294.44083
294.44065
294.44048
294.44032
294.44016
294.44002
294.43989
294.43977
294.43965
294.43955
294.43946
294.43937
294.4393
294.43923
294.43917
294.43911
294.43907
294.43903
294.439
294.43898
294.43896
294.43894
294.43893
294.43893
294.43893
294.43893
294.43893
294.43894
294.43895
294.43896
294.43898
294.43899
294.439
294.43902
294.43904
294.43905
294.43907
294.43908
294.4391
294.43911
294.43912
294.43914
294.43915
294.43916
294.43917
294.43918
294.43919
294.4392
294.43921
294.43922
294.43923
294.43924
294.43924
294.43925
294.43925
294.43926
294.43926
294.43927
294.43927
294.43928
294.43928
294.43929
294.43929
294.43929
294.4393
294.4393
294.4393
294.43932
294.43931
294.43942
294.43938
294.43922
294.43936
294.44474
294.44469
294.44462
294.44453
294.44443
294.44431
294.44417
294.44402
294.44386
294.44369
294.4435
294.44331
294.44311
294.4429
294.44269
294.44248
294.44226
294.44205
294.44183
294.44162
294.44142
294.44122
294.44102
294.44084
294.44066
294.44049
294.44033
294.44018
294.44004
294.43991
294.43979
294.43967
294.43957
294.43948
294.43939
294.43932
294.43925
294.43919
294.43913
294.43909
294.43905
294.43902
294.43899
294.43898
294.43896
294.43895
294.43894
294.43894
294.43895
294.43895
294.43896
294.43897
294.43898
294.43899
294.439
294.43902
294.43903
294.43905
294.43906
294.43908
294.43909
294.43911
294.43912
294.43914
294.43915
294.43916
294.43917
294.43918
294.43919
294.4392
294.43921
294.43922
294.43923
294.43924
294.43924
294.43925
294.43926
294.43926
294.43927
294.43927
294.43928
294.43928
294.43929
294.43929
294.4393
294.4393
294.4393
294.4393
294.43931
294.43931
294.43933
294.43932
294.43942
294.43938
294.43923
294.43936
294.44452
294.44447
294.44441
294.44433
294.44423
294.44413
294.444
294.44387
294.44372
294.44356
294.44339
294.44321
294.44302
294.44283
294.44263
294.44242
294.44222
294.44201
294.44181
294.4416
294.44141
294.44121
294.44102
294.44084
294.44067
294.4405
294.44034
294.4402
294.44006
294.43993
294.43981
294.43969
294.43959
294.4395
294.43941
294.43934
294.43927
294.43921
294.43916
294.43911
294.43907
294.43904
294.43901
294.43899
294.43898
294.43897
294.43896
294.43896
294.43896
294.43897
294.43897
294.43898
294.43899
294.43901
294.43902
294.43903
294.43905
294.43906
294.43908
294.43909
294.43911
294.43912
294.43913
294.43915
294.43916
294.43917
294.43918
294.43919
294.43921
294.43921
294.43922
294.43923
294.43924
294.43925
294.43925
294.43926
294.43927
294.43927
294.43928
294.43928
294.43929
294.43929
294.4393
294.4393
294.4393
294.43931
294.43931
294.43931
294.43932
294.43932
294.43934
294.43933
294.43943
294.43939
294.43924
294.43937
294.44431
294.44426
294.4442
294.44413
294.44404
294.44395
294.44383
294.44371
294.44357
294.44343
294.44327
294.4431
294.44293
294.44274
294.44256
294.44236
294.44217
294.44197
294.44178
294.44158
294.44139
294.4412
294.44102
294.44084
294.44067
294.44051
294.44036
294.44021
294.44007
294.43995
294.43983
294.43971
294.43961
294.43952
294.43943
294.43936
294.43929
294.43923
294.43918
294.43913
294.43909
294.43906
294.43904
294.43902
294.439
294.43899
294.43898
294.43898
294.43898
294.43898
294.43899
294.439
294.43901
294.43902
294.43904
294.43905
294.43906
294.43908
294.43909
294.43911
294.43912
294.43913
294.43915
294.43916
294.43917
294.43918
294.4392
294.43921
294.43922
294.43923
294.43924
294.43924
294.43925
294.43926
294.43926
294.43927
294.43928
294.43928
294.43929
294.43929
294.4393
294.4393
294.43931
294.43931
294.43931
294.43931
294.43932
294.43932
294.43933
294.43933
294.43935
294.43934
294.43943
294.43939
294.43926
294.43938
294.44409
294.44405
294.444
294.44393
294.44385
294.44376
294.44366
294.44355
294.44343
294.44329
294.44314
294.44299
294.44283
294.44266
294.44248
294.4423
294.44211
294.44193
294.44174
294.44156
294.44137
294.44119
294.44101
294.44084
294.44068
294.44052
294.44037
294.44023
294.44009
294.43996
294.43984
294.43974
294.43963
294.43954
294.43946
294.43938
294.43931
294.43925
294.4392
294.43916
294.43912
294.43908
294.43906
294.43904
294.43902
294.43901
294.439
294.439
294.439
294.439
294.43901
294.43902
294.43903
294.43904
294.43905
294.43907
294.43908
294.43909
294.43911
294.43912
294.43914
294.43915
294.43916
294.43917
294.43919
294.4392
294.43921
294.43922
294.43923
294.43924
294.43925
294.43925
294.43926
294.43927
294.43928
294.43928
294.43929
294.43929
294.4393
294.4393
294.43931
294.43931
294.43932
294.43932
294.43932
294.43933
294.43933
294.43933
294.43934
294.43934
294.43936
294.43935
294.43944
294.4394
294.43927
294.43939
294.44388
294.44384
294.44379
294.44373
294.44366
294.44358
294.44349
294.44339
294.44327
294.44315
294.44302
294.44287
294.44272
294.44256
294.4424
294.44223
294.44206
294.44188
294.4417
294.44153
294.44135
294.44118
294.44101
294.44084
294.44068
294.44053
294.44038
294.44024
294.44011
294.43998
294.43986
294.43976
294.43966
294.43956
294.43948
294.43941
294.43934
294.43928
294.43923
294.43918
294.43914
294.43911
294.43908
294.43906
294.43905
294.43903
294.43903
294.43902
294.43902
294.43903
294.43903
294.43904
294.43905
294.43906
294.43907
294.43908
294.4391
294.43911
294.43913
294.43914
294.43915
294.43917
294.43918
294.43919
294.4392
294.43921
294.43922
294.43923
294.43924
294.43925
294.43926
294.43927
294.43928
294.43928
294.43929
294.43929
294.4393
294.43931
294.43931
294.43931
294.43932
294.43932
294.43933
294.43933
294.43933
294.43934
294.43934
294.43934
294.43935
294.43935
294.43937
294.43936
294.43944
294.43941
294.43928
294.43939
294.44367
294.44364
294.44359
294.44354
294.44347
294.4434
294.44332
294.44322
294.44312
294.44301
294.44288
294.44275
294.44261
294.44247
294.44231
294.44215
294.44199
294.44183
294.44166
294.44149
294.44132
294.44116
294.44099
294.44083
294.44068
294.44053
294.44039
294.44025
294.44012
294.44
294.43988
294.43978
294.43968
294.43959
294.43951
294.43943
294.43936
294.4393
294.43925
294.43921
294.43917
294.43913
294.43911
294.43909
294.43907
294.43906
294.43905
294.43905
294.43905
294.43905
294.43906
294.43906
294.43907
294.43908
294.43909
294.43911
294.43912
294.43913
294.43914
294.43916
294.43917
294.43918
294.4392
294.43921
294.43922
294.43923
294.43924
294.43925
294.43926
294.43927
294.43928
294.43928
294.43929
294.4393
294.4393
294.43931
294.43931
294.43932
294.43932
294.43933
294.43933
294.43934
294.43934
294.43934
294.43935
294.43935
294.43935
294.43935
294.43936
294.43936
294.43938
294.43937
294.43945
294.43941
294.4393
294.43941
294.44347
294.44343
294.44339
294.44334
294.44329
294.44322
294.44314
294.44306
294.44296
294.44286
294.44275
294.44263
294.4425
294.44236
294.44222
294.44208
294.44192
294.44177
294.44161
294.44145
294.44129
294.44113
294.44098
294.44082
294.44068
294.44053
294.44039
294.44026
294.44013
294.44001
294.4399
294.4398
294.4397
294.43961
294.43953
294.43946
294.43939
294.43933
294.43928
294.43923
294.4392
294.43916
294.43914
294.43911
294.4391
294.43909
294.43908
294.43907
294.43907
294.43908
294.43908
294.43909
294.4391
294.4391
294.43912
294.43913
294.43914
294.43915
294.43917
294.43918
294.43919
294.4392
294.43922
294.43923
294.43924
294.43925
294.43926
294.43927
294.43928
294.43928
294.43929
294.4393
294.43931
294.43931
294.43932
294.43932
294.43933
294.43933
294.43934
294.43934
294.43935
294.43935
294.43935
294.43936
294.43936
294.43936
294.43937
294.43937
294.43937
294.43938
294.43939
294.43938
294.43946
294.43942
294.43931
294.43942
294.44326
294.44323
294.44319
294.44315
294.4431
294.44304
294.44297
294.44289
294.44281
294.44271
294.44261
294.4425
294.44238
294.44226
294.44213
294.44199
294.44185
294.4417
294.44156
294.44141
294.44126
294.44111
294.44096
294.44081
294.44067
294.44053
294.44039
294.44027
294.44014
294.44003
294.43992
294.43982
294.43972
294.43963
294.43955
294.43948
294.43942
294.43936
294.43931
294.43926
294.43922
294.43919
294.43916
294.43914
294.43913
294.43911
294.43911
294.4391
294.4391
294.4391
294.43911
294.43911
294.43912
294.43913
294.43914
294.43915
294.43916
294.43918
294.43919
294.4392
294.43921
294.43922
294.43924
294.43925
294.43926
294.43927
294.43928
294.43929
294.4393
294.4393
294.43931
294.43932
294.43932
294.43933
294.43934
294.43934
294.43935
294.43935
294.43936
294.43936
294.43936
294.43937
294.43937
294.43937
294.43938
294.43938
294.43938
294.43938
294.43939
294.43939
294.4394
294.4394
294.43947
294.43944
294.43933
294.43943
294.44306
294.44303
294.443
294.44296
294.44291
294.44285
294.44279
294.44272
294.44265
294.44256
294.44247
294.44237
294.44226
294.44215
294.44203
294.4419
294.44177
294.44163
294.4415
294.44136
294.44122
294.44107
294.44093
294.44079
294.44066
294.44052
294.4404
294.44027
294.44015
294.44004
294.43994
294.43984
294.43974
294.43966
294.43958
294.43951
294.43944
294.43939
294.43934
294.43929
294.43925
294.43922
294.4392
294.43917
294.43916
294.43914
294.43914
294.43913
294.43913
294.43913
294.43914
294.43914
294.43915
294.43916
294.43917
294.43918
294.43919
294.4392
294.43921
294.43922
294.43924
294.43925
294.43926
294.43927
294.43928
294.43929
294.4393
294.43931
294.43932
294.43932
294.43933
294.43934
294.43934
294.43935
294.43935
294.43936
294.43936
294.43937
294.43937
294.43938
294.43938
294.43938
294.43939
294.43939
294.43939
294.43939
294.4394
294.4394
294.4394
294.43941
294.43942
294.43942
294.43948
294.43945
294.43935
294.43944
294.44286
294.44283
294.4428
294.44276
294.44272
294.44267
294.44262
294.44256
294.44249
294.44241
294.44233
294.44224
294.44214
294.44203
294.44192
294.44181
294.44169
294.44156
294.44143
294.4413
294.44117
294.44104
294.4409
294.44077
294.44064
294.44052
294.44039
294.44027
294.44016
294.44005
294.43995
294.43985
294.43976
294.43968
294.43961
294.43954
294.43947
294.43942
294.43937
294.43932
294.43929
294.43925
294.43923
294.43921
294.43919
294.43918
294.43917
294.43916
294.43916
294.43916
294.43917
294.43917
294.43918
294.43919
294.4392
294.43921
294.43922
294.43923
294.43924
294.43925
294.43926
294.43927
294.43928
294.43929
294.4393
294.43931
294.43932
294.43933
294.43934
294.43934
294.43935
294.43936
294.43936
294.43937
294.43938
294.43938
294.43938
294.43939
294.43939
294.4394
294.4394
294.4394
294.43941
294.43941
294.43941
294.43941
294.43942
294.43942
294.43942
294.43942
294.43944
294.43943
294.43949
294.43946
294.43937
294.43946
294.44266
294.44263
294.44261
294.44257
294.44254
294.44249
294.44244
294.44239
294.44232
294.44226
294.44218
294.4421
294.44201
294.44191
294.44181
294.44171
294.4416
294.44148
294.44136
294.44124
294.44112
294.441
294.44087
294.44075
294.44063
294.44051
294.44039
294.44028
294.44017
294.44006
294.43996
294.43987
294.43979
294.4397
294.43963
294.43956
294.4395
294.43945
294.4394
294.43936
294.43932
294.43929
294.43926
294.43924
294.43922
294.43921
294.4392
294.4392
294.4392
294.4392
294.4392
294.4392
294.43921
294.43922
294.43923
294.43924
294.43925
294.43926
294.43927
294.43928
294.43929
294.4393
294.43931
294.43932
294.43933
294.43934
294.43935
294.43935
294.43936
294.43937
294.43938
294.43938
294.43939
294.43939
294.4394
294.4394
294.43941
294.43941
294.43941
294.43942
294.43942
294.43942
294.43943
294.43943
294.43943
294.43943
294.43944
294.43944
294.43944
294.43944
294.43946
294.43945
294.43951
294.43948
294.43939
294.43948
294.44246
294.44244
294.44241
294.44239
294.44235
294.44231
294.44227
294.44222
294.44216
294.4421
294.44203
294.44196
294.44188
294.44179
294.4417
294.44161
294.4415
294.4414
294.44129
294.44118
294.44107
294.44095
294.44083
294.44072
294.4406
294.44049
294.44038
294.44027
294.44017
294.44007
294.43998
294.43989
294.43981
294.43973
294.43966
294.43959
294.43953
294.43948
294.43943
294.43939
294.43935
294.43932
294.4393
294.43928
294.43926
294.43925
294.43924
294.43924
294.43923
294.43923
294.43924
294.43924
294.43925
294.43925
294.43926
294.43927
294.43928
294.43929
294.4393
294.43931
294.43932
294.43933
294.43934
294.43935
294.43936
294.43937
294.43937
294.43938
294.43939
294.43939
294.4394
294.43941
294.43941
294.43942
294.43942
294.43943
294.43943
294.43943
294.43944
294.43944
294.43944
294.43945
294.43945
294.43945
294.43945
294.43946
294.43946
294.43946
294.43946
294.43947
294.43948
294.43947
294.43952
294.4395
294.43942
294.4395
294.44226
294.44225
294.44222
294.4422
294.44217
294.44213
294.44209
294.44205
294.442
294.44194
294.44188
294.44182
294.44174
294.44167
294.44159
294.4415
294.44141
294.44131
294.44121
294.44111
294.44101
294.4409
294.44079
294.44069
294.44058
294.44047
294.44037
294.44027
294.44017
294.44008
294.43999
294.4399
294.43983
294.43975
294.43968
294.43962
294.43956
294.43951
294.43947
294.43943
294.43939
294.43936
294.43934
294.43932
294.4393
294.43929
294.43928
294.43928
294.43927
294.43927
294.43927
294.43928
294.43928
294.43929
294.4393
294.43931
294.43932
294.43932
294.43933
294.43934
294.43935
294.43936
294.43937
294.43938
294.43939
294.4394
294.4394
294.43941
294.43942
294.43942
294.43943
294.43943
294.43944
294.43944
294.43945
294.43945
294.43946
294.43946
294.43946
294.43947
294.43947
294.43947
294.43948
294.43948
294.43948
294.43948
294.43948
294.43948
294.43949
294.43949
294.4395
294.4395
294.43954
294.43952
294.43944
294.43952
294.44207
294.44205
294.44203
294.44201
294.44198
294.44195
294.44192
294.44188
294.44183
294.44178
294.44173
294.44167
294.44161
294.44154
294.44147
294.44139
294.44131
294.44122
294.44113
294.44104
294.44094
294.44085
294.44075
294.44065
294.44055
294.44045
294.44036
294.44026
294.44017
294.44008
294.44
294.43992
294.43984
294.43977
294.43971
294.43965
294.4396
294.43955
294.4395
294.43947
294.43943
294.4394
294.43938
294.43936
294.43934
294.43933
294.43932
294.43932
294.43932
294.43932
294.43932
294.43932
294.43932
294.43933
294.43934
294.43935
294.43935
294.43936
294.43937
294.43938
294.43939
294.4394
294.43941
294.43941
294.43942
294.43943
294.43944
294.43944
294.43945
294.43945
294.43946
294.43947
294.43947
294.43947
294.43948
294.43948
294.43949
294.43949
294.43949
294.43949
294.4395
294.4395
294.4395
294.4395
294.43951
294.43951
294.43951
294.43951
294.43951
294.43952
294.43953
294.43952
294.43957
294.43954
294.43947
294.43954
294.44188
294.44186
294.44185
294.44182
294.4418
294.44177
294.44174
294.44171
294.44167
294.44163
294.44158
294.44153
294.44147
294.44141
294.44134
294.44127
294.4412
294.44112
294.44104
294.44096
294.44087
294.44079
294.4407
294.44061
294.44052
294.44043
294.44034
294.44025
294.44017
294.44009
294.44001
294.43993
294.43986
294.4398
294.43974
294.43968
294.43963
294.43958
294.43954
294.43951
294.43947
294.43945
294.43942
294.4394
294.43939
294.43938
294.43937
294.43936
294.43936
294.43936
294.43936
294.43936
294.43937
294.43937
294.43938
294.43939
294.4394
294.4394
294.43941
294.43942
294.43943
294.43944
294.43944
294.43945
294.43946
294.43947
294.43947
294.43948
294.43948
294.43949
294.43949
294.4395
294.4395
294.43951
294.43951
294.43951
294.43952
294.43952
294.43952
294.43953
294.43953
294.43953
294.43953
294.43953
294.43954
294.43954
294.43954
294.43954
294.43954
294.43954
294.43955
294.43955
294.43959
294.43957
294.43951
294.43957
294.44169
294.44167
294.44166
294.44164
294.44162
294.44159
294.44157
294.44154
294.4415
294.44147
294.44142
294.44138
294.44133
294.44128
294.44122
294.44116
294.44109
294.44102
294.44095
294.44088
294.4408
294.44072
294.44064
294.44056
294.44048
294.4404
294.44032
294.44024
294.44016
294.44009
294.44001
294.43995
294.43988
294.43982
294.43976
294.43971
294.43966
294.43962
294.43958
294.43955
294.43952
294.43949
294.43947
294.43945
294.43944
294.43943
294.43942
294.43941
294.43941
294.43941
294.43941
294.43941
294.43942
294.43942
294.43943
294.43943
294.43944
294.43945
294.43946
294.43946
294.43947
294.43948
294.43949
294.43949
294.4395
294.4395
294.43951
294.43952
294.43952
294.43953
294.43953
294.43953
294.43954
294.43954
294.43955
294.43955
294.43955
294.43955
294.43956
294.43956
294.43956
294.43956
294.43957
294.43957
294.43957
294.43957
294.43957
294.43957
294.43958
294.43958
294.43958
294.43958
294.43962
294.4396
294.43954
294.4396
294.4415
294.44148
294.44147
294.44145
294.44144
294.44142
294.44139
294.44137
294.44134
294.4413
294.44127
294.44123
294.44119
294.44114
294.44109
294.44104
294.44098
294.44092
294.44086
294.44079
294.44072
294.44065
294.44058
294.44051
294.44044
294.44036
294.44029
294.44022
294.44015
294.44008
294.44002
294.43996
294.4399
294.43984
294.43979
294.43974
294.4397
294.43966
294.43962
294.43959
294.43956
294.43954
294.43952
294.4395
294.43949
294.43948
294.43947
294.43947
294.43946
294.43946
294.43946
294.43947
294.43947
294.43947
294.43948
294.43948
294.43949
294.4395
294.4395
294.43951
294.43952
294.43952
294.43953
294.43954
294.43954
294.43955
294.43955
294.43956
294.43956
294.43957
294.43957
294.43957
294.43958
294.43958
294.43958
294.43959
294.43959
294.43959
294.43959
294.4396
294.4396
294.4396
294.4396
294.4396
294.4396
294.43961
294.43961
294.43961
294.43961
294.43961
294.43962
294.43962
294.43965
294.43963
294.43958
294.43963
294.4413
294.44129
294.44128
294.44127
294.44125
294.44124
294.44122
294.44119
294.44117
294.44114
294.44111
294.44108
294.44104
294.441
294.44096
294.44091
294.44086
294.44081
294.44076
294.4407
294.44064
294.44058
294.44052
294.44046
294.44039
294.44033
294.44026
294.4402
294.44014
294.44008
294.44002
294.43997
294.43991
294.43986
294.43982
294.43977
294.43973
294.4397
294.43967
294.43964
294.43961
294.43959
294.43957
294.43956
294.43954
294.43954
294.43953
294.43952
294.43952
294.43952
294.43952
294.43952
294.43952
294.43953
294.43953
294.43954
294.43954
294.43955
294.43955
294.43956
294.43957
294.43957
294.43958
294.43958
294.43959
294.43959
294.4396
294.4396
294.43961
294.43961
294.43961
294.43962
294.43962
294.43962
294.43963
294.43963
294.43963
294.43963
294.43963
294.43964
294.43964
294.43964
294.43964
294.43964
294.43964
294.43964
294.43965
294.43965
294.43965
294.43965
294.43965
294.43965
294.43968
294.43966
294.43962
294.43967
294.44111
294.4411
294.44109
294.44108
294.44107
294.44105
294.44104
294.44102
294.441
294.44097
294.44095
294.44092
294.44089
294.44086
294.44082
294.44078
294.44074
294.4407
294.44065
294.44061
294.44056
294.4405
294.44045
294.4404
294.44034
294.44029
294.44023
294.44018
294.44012
294.44007
294.44002
294.43997
294.43993
294.43988
294.43984
294.4398
294.43977
294.43974
294.43971
294.43968
294.43966
294.43964
294.43963
294.43961
294.4396
294.43959
294.43959
294.43958
294.43958
294.43958
294.43958
294.43958
294.43958
294.43959
294.43959
294.4396
294.4396
294.4396
294.43961
294.43961
294.43962
294.43962
294.43963
294.43963
294.43964
294.43964
294.43965
294.43965
294.43965
294.43966
294.43966
294.43966
294.43967
294.43967
294.43967
294.43967
294.43968
294.43968
294.43968
294.43968
294.43968
294.43968
294.43968
294.43968
294.43969
294.43969
294.43969
294.43969
294.43969
294.43969
294.43969
294.43969
294.43971
294.4397
294.43966
294.4397
294.44092
294.44091
294.4409
294.44089
294.44088
294.44087
294.44086
294.44084
294.44083
294.44081
294.44079
294.44076
294.44074
294.44071
294.44068
294.44065
294.44062
294.44058
294.44054
294.44051
294.44046
294.44042
294.44038
294.44033
294.44029
294.44024
294.4402
294.44015
294.44011
294.44006
294.44002
294.43998
294.43994
294.4399
294.43987
294.43984
294.43981
294.43978
294.43976
294.43974
294.43972
294.4397
294.43969
294.43967
294.43967
294.43966
294.43965
294.43965
294.43965
294.43964
294.43965
294.43965
294.43965
294.43965
294.43965
294.43966
294.43966
294.43967
294.43967
294.43967
294.43968
294.43968
294.43969
294.43969
294.43969
294.4397
294.4397
294.4397
294.43971
294.43971
294.43971
294.43971
294.43972
294.43972
294.43972
294.43972
294.43972
294.43972
294.43973
294.43973
294.43973
294.43973
294.43973
294.43973
294.43973
294.43973
294.43973
294.43973
294.43973
294.43973
294.43974
294.43974
294.43975
294.43974
294.43971
294.43974
294.44072
294.44072
294.44071
294.4407
294.4407
294.44069
294.44068
294.44066
294.44065
294.44064
294.44062
294.4406
294.44058
294.44056
294.44054
294.44052
294.44049
294.44046
294.44043
294.4404
294.44037
294.44034
294.4403
294.44027
294.44023
294.44019
294.44016
294.44012
294.44009
294.44005
294.44002
294.43999
294.43995
294.43992
294.4399
294.43987
294.43985
294.43983
294.43981
294.43979
294.43977
294.43976
294.43975
294.43974
294.43973
294.43973
294.43972
294.43972
294.43972
294.43971
294.43971
294.43972
294.43972
294.43972
294.43972
294.43972
294.43973
294.43973
294.43973
294.43974
294.43974
294.43974
294.43975
294.43975
294.43975
294.43975
294.43976
294.43976
294.43976
294.43976
294.43977
294.43977
294.43977
294.43977
294.43977
294.43977
294.43977
294.43978
294.43978
294.43978
294.43978
294.43978
294.43978
294.43978
294.43978
294.43978
294.43978
294.43978
294.43978
294.43978
294.43979
294.43978
294.4398
294.43979
294.43976
294.43979
294.44052
294.44052
294.44052
294.44051
294.4405
294.4405
294.44049
294.44048
294.44047
294.44046
294.44045
294.44044
294.44042
294.44041
294.44039
294.44037
294.44036
294.44034
294.44032
294.44029
294.44027
294.44025
294.44022
294.4402
294.44017
294.44014
294.44012
294.44009
294.44006
294.44004
294.44001
294.43999
294.43997
294.43995
294.43992
294.43991
294.43989
294.43987
294.43986
294.43984
294.43983
294.43982
294.43981
294.43981
294.4398
294.4398
294.43979
294.43979
294.43979
294.43979
294.43979
294.43979
294.43979
294.43979
294.43979
294.4398
294.4398
294.4398
294.4398
294.4398
294.43981
294.43981
294.43981
294.43981
294.43982
294.43982
294.43982
294.43982
294.43982
294.43982
294.43983
294.43983
294.43983
294.43983
294.43983
294.43983
294.43983
294.43983
294.43983
294.43983
294.43983
294.43983
294.43983
294.43983
294.43983
294.43983
294.43983
294.43983
294.43983
294.43983
294.43984
294.43984
294.43984
294.43984
294.43982
294.43984
294.44032
294.44032
294.44031
294.44031
294.44031
294.4403
294.4403
294.44029
294.44029
294.44028
294.44027
294.44027
294.44026
294.44025
294.44024
294.44023
294.44022
294.44021
294.44019
294.44018
294.44017
294.44015
294.44014
294.44012
294.4401
294.44009
294.44007
294.44006
294.44004
294.44002
294.44001
294.43999
294.43998
294.43997
294.43995
294.43994
294.43993
294.43992
294.43991
294.4399
294.4399
294.43989
294.43988
294.43988
294.43988
294.43987
294.43987
294.43987
294.43987
294.43987
294.43987
294.43987
294.43987
294.43987
294.43987
294.43987
294.43987
294.43987
294.43988
294.43988
294.43988
294.43988
294.43988
294.43988
294.43988
294.43988
294.43988
294.43989
294.43989
294.43989
294.43989
294.43989
294.43989
294.43989
294.43989
294.43989
294.43989
294.43989
294.43989
294.43989
294.43989
294.43989
294.43989
294.43989
294.43989
294.43989
294.43989
294.43989
294.43989
294.43989
294.43989
294.43989
294.4399
294.43989
294.43988
294.43989
294.44011
294.44011
294.44011
294.44011
294.44011
294.44011
294.4401
294.4401
294.4401
294.4401
294.4401
294.44009
294.44009
294.44009
294.44008
294.44008
294.44008
294.44007
294.44007
294.44006
294.44006
294.44005
294.44005
294.44004
294.44004
294.44003
294.44003
294.44002
294.44002
294.44001
294.44001
294.44
294.44
294.43999
294.43999
294.43998
294.43998
294.43997
294.43997
294.43997
294.43997
294.43996
294.43996
294.43996
294.43996
294.43996
294.43996
294.43996
294.43996
294.43996
294.43995
294.43995
294.43995
294.43995
294.43995
294.43996
294.43996
294.43996
294.43996
294.43996
294.43996
294.43996
294.43996
294.43996
294.43996
294.43996
294.43996
294.43996
294.43996
294.43996
294.43996
294.43996
294.43996
294.43996
294.43995
294.43995
294.43995
294.43995
294.43995
294.43995
294.43995
294.43995
294.43995
294.43995
294.43995
294.43995
294.43995
294.43995
294.43995
294.43995
294.43995
294.43994
294.43994
294.43994
294.43994
294.43994
)
;

boundaryField
{
    inlet
    {
        type            fixedValue;
        value           uniform 294.44;
    }
    outlet
    {
        type            zeroGradient;
    }
    top
    {
        type            inletOutlet;
        inletValue      uniform 294.44;
        value           nonuniform List<scalar> 
110
(
294.44
294.44002
294.44004
294.44007
294.44009
294.4401
294.44011
294.44011
294.44011
294.44011
294.44011
294.44011
294.44011
294.44011
294.44011
294.44011
294.44011
294.44011
294.44011
294.44011
294.4401
294.4401
294.4401
294.4401
294.4401
294.44009
294.44009
294.44009
294.44008
294.44008
294.44008
294.44007
294.44007
294.44006
294.44006
294.44005
294.44005
294.44004
294.44004
294.44003
294.44003
294.44002
294.44002
294.44001
294.44001
294.44
294.44
294.43999
294.43999
294.43998
294.43998
294.43997
294.43997
294.43997
294.43997
294.43996
294.43996
294.43996
294.43996
294.43996
294.43996
294.43996
294.43996
294.43996
294.43995
294.43995
294.43995
294.43995
294.43995
294.43996
294.43996
294.43996
294.43996
294.43996
294.43996
294.43996
294.43996
294.43996
294.43996
294.43996
294.43996
294.43996
294.43996
294.43996
294.43996
294.43996
294.43996
294.43996
294.43995
294.43995
294.43995
294.43995
294.43995
294.43995
294.43995
294.43995
294.43995
294.43995
294.43995
294.43995
294.43995
294.43995
294.43995
294.43995
294.43995
294.43994
294.43994
294.43994
294.43994
294.43994
)
;
    }
    upstreamWall
    {
        type            symmetryPlane;
    }
    plate
    {
        type            zeroGradient;
    }
    frontAndBack
    {
        type            empty;
    }
}


// ************************************************************************* //
